Data,MouseRegion,RankLatentSpace,RankHomologousGenes,RankDifference
LatentSpace_v1,Cortical subplate-other,11,15,-4
LatentSpace_v1,Claustrum,20,33,-13
LatentSpace_v1,Endopiriform nucleus,19,32,-13
LatentSpace_v1,Olfactory areas-other,13,33,-20
LatentSpace_v1,Postpiriform transition area,10,27,-17
LatentSpace_v1,Piriform area,20,34,-14
LatentSpace_v1,Taenia tecta,11,28,-17
LatentSpace_v1,Cortical amygdalar area,9,19,-10
LatentSpace_v1,Piriform-amygdalar area,11,28,-17
LatentSpace_v1,Main olfactory bulb,23,10,13
LatentSpace_v1,Accessory olfactory bulb,56,19,37
LatentSpace_v1,Anterior olfactory nucleus,12,32,-20
LatentSpace_v1,Subiculum,5,35,-30
LatentSpace_v1,Entorhinal area,17,22,-5
LatentSpace_v1,Field CA1,8,25,-17
LatentSpace_v1,Field CA2,10,14,-4
LatentSpace_v1,Field CA3,6,8,-2
LatentSpace_v1,Dentate gyrus,7,3,4
LatentSpace_v1,Anterior cingulate area,37,39,-2
LatentSpace_v1,Infralimbic area,12,26,-14
LatentSpace_v1,Retrosplenial area,29,36,-7
LatentSpace_v1,Prelimbic area,33,35,-2
LatentSpace_v1,Primary auditory area,37,38,-1
LatentSpace_v1,Dorsal auditory area,35,38,-3
LatentSpace_v1,Ventral auditory area,38,38,0
LatentSpace_v1,Agranular insular area,24,37,-13
LatentSpace_v1,Ectorhinal area,24,33,-9
LatentSpace_v1,Primary motor area,35,38,-3
LatentSpace_v1,Secondary motor area,37,38,-1
LatentSpace_v1,"Frontal pole, cerebral cortex",37,40,-3
LatentSpace_v1,Orbital area,25,35,-10
LatentSpace_v1,Posterior parietal association areas,35,38,-3
LatentSpace_v1,Perirhinal area,24,32,-8
LatentSpace_v1,Primary somatosensory area,34,35,-1
LatentSpace_v1,Supplemental somatosensory area,38,38,0
LatentSpace_v1,Temporal association areas,36,33,3
LatentSpace_v1,Visual areas,35,38,-3
LatentSpace_v1,Pallidum,8,6,2
LatentSpace_v1,Striatum ventral region,8,3,5
LatentSpace_v1,Lateral septal complex,9,4,5
LatentSpace_v1,Caudoputamen,3,3,0
LatentSpace_v1,Medial amygdalar nucleus,10,7,3
LatentSpace_v1,Hypothalamus,6,9,-3
LatentSpace_v1,Thalamus,13,1,12
LatentSpace_v1,Inferior colliculus,6,9,-3
LatentSpace_v1,"Superior colliculus, sensory related",4,10,-6
LatentSpace_v1,Midbrain raphe nuclei,14,12,2
LatentSpace_v1,Midbrain-other,10,10,0
LatentSpace_v1,Periaqueductal gray,10,11,-1
LatentSpace_v1,Pons,9,9,0
LatentSpace_v1,Medulla,9,9,0
LatentSpace_v1,Lingula (I),13,34,-21
LatentSpace_v1,Central lobule,21,34,-13
LatentSpace_v1,Culmen,25,34,-9
LatentSpace_v1,Declive (VI),23,28,-5
LatentSpace_v1,Folium-tuber vermis (VII),23,31,-8
LatentSpace_v1,Pyramus (VIII),25,32,-7
LatentSpace_v1,Uvula (IX),25,34,-9
LatentSpace_v1,Nodulus (X),14,35,-21
LatentSpace_v1,Simple lobule,23,29,-6
LatentSpace_v1,Crus 1,23,26,-3
LatentSpace_v1,Crus 2,22,27,-5
LatentSpace_v1,Paramedian lobule,23,33,-10
LatentSpace_v1,Copula pyramidis,25,34,-9
LatentSpace_v1,Flocculus,30,34,-4
LatentSpace_v1,Paraflocculus,23,36,-13
LatentSpace_v1,Cerebellar nuclei,10,11,-1
LatentSpace_v2,Cortical subplate-other,12,15,-3
LatentSpace_v2,Claustrum,30,33,-3
LatentSpace_v2,Endopiriform nucleus,17,32,-15
LatentSpace_v2,Olfactory areas-other,10,33,-23
LatentSpace_v2,Postpiriform transition area,12,27,-15
LatentSpace_v2,Piriform area,22,34,-12
LatentSpace_v2,Taenia tecta,14,28,-14
LatentSpace_v2,Cortical amygdalar area,10,19,-9
LatentSpace_v2,Piriform-amygdalar area,13,28,-15
LatentSpace_v2,Main olfactory bulb,25,10,15
LatentSpace_v2,Accessory olfactory bulb,48,19,29
LatentSpace_v2,Anterior olfactory nucleus,7,32,-25
LatentSpace_v2,Subiculum,3,35,-32
LatentSpace_v2,Entorhinal area,13,22,-9
LatentSpace_v2,Field CA1,6,25,-19
LatentSpace_v2,Field CA2,7,14,-7
LatentSpace_v2,Field CA3,5,8,-3
LatentSpace_v2,Dentate gyrus,9,3,6
LatentSpace_v2,Anterior cingulate area,36,39,-3
LatentSpace_v2,Infralimbic area,12,26,-14
LatentSpace_v2,Retrosplenial area,30,36,-6
LatentSpace_v2,Prelimbic area,27,35,-8
LatentSpace_v2,Primary auditory area,35,38,-3
LatentSpace_v2,Dorsal auditory area,35,38,-3
LatentSpace_v2,Ventral auditory area,38,38,0
LatentSpace_v2,Agranular insular area,25,37,-12
LatentSpace_v2,Ectorhinal area,26,33,-7
LatentSpace_v2,Primary motor area,35,38,-3
LatentSpace_v2,Secondary motor area,36,38,-2
LatentSpace_v2,"Frontal pole, cerebral cortex",30,40,-10
LatentSpace_v2,Orbital area,25,35,-10
LatentSpace_v2,Posterior parietal association areas,35,38,-3
LatentSpace_v2,Perirhinal area,19,32,-13
LatentSpace_v2,Primary somatosensory area,31,35,-4
LatentSpace_v2,Supplemental somatosensory area,37,38,-1
LatentSpace_v2,Temporal association areas,34,33,1
LatentSpace_v2,Visual areas,35,38,-3
LatentSpace_v2,Pallidum,11,6,5
LatentSpace_v2,Striatum ventral region,11,3,8
LatentSpace_v2,Lateral septal complex,12,4,8
LatentSpace_v2,Caudoputamen,3,3,0
LatentSpace_v2,Medial amygdalar nucleus,13,7,6
LatentSpace_v2,Hypothalamus,11,9,2
LatentSpace_v2,Thalamus,13,1,12
LatentSpace_v2,Inferior colliculus,9,9,0
LatentSpace_v2,"Superior colliculus, sensory related",9,10,-1
LatentSpace_v2,Midbrain raphe nuclei,14,12,2
LatentSpace_v2,Midbrain-other,13,10,3
LatentSpace_v2,Periaqueductal gray,12,11,1
LatentSpace_v2,Pons,10,9,1
LatentSpace_v2,Medulla,11,9,2
LatentSpace_v2,Lingula (I),13,34,-21
LatentSpace_v2,Central lobule,12,34,-22
LatentSpace_v2,Culmen,28,34,-6
LatentSpace_v2,Declive (VI),23,28,-5
LatentSpace_v2,Folium-tuber vermis (VII),23,31,-8
LatentSpace_v2,Pyramus (VIII),23,32,-9
LatentSpace_v2,Uvula (IX),16,34,-18
LatentSpace_v2,Nodulus (X),13,35,-22
LatentSpace_v2,Simple lobule,24,29,-5
LatentSpace_v2,Crus 1,23,26,-3
LatentSpace_v2,Crus 2,22,27,-5
LatentSpace_v2,Paramedian lobule,23,33,-10
LatentSpace_v2,Copula pyramidis,23,34,-11
LatentSpace_v2,Flocculus,24,34,-10
LatentSpace_v2,Paraflocculus,23,36,-13
LatentSpace_v2,Cerebellar nuclei,12,11,1
LatentSpace_v3,Cortical subplate-other,10,15,-5
LatentSpace_v3,Claustrum,19,33,-14
LatentSpace_v3,Endopiriform nucleus,9,32,-23
LatentSpace_v3,Olfactory areas-other,19,33,-14
LatentSpace_v3,Postpiriform transition area,10,27,-17
LatentSpace_v3,Piriform area,12,34,-22
LatentSpace_v3,Taenia tecta,14,28,-14
LatentSpace_v3,Cortical amygdalar area,8,19,-11
LatentSpace_v3,Piriform-amygdalar area,8,28,-20
LatentSpace_v3,Main olfactory bulb,11,10,1
LatentSpace_v3,Accessory olfactory bulb,21,19,2
LatentSpace_v3,Anterior olfactory nucleus,12,32,-20
LatentSpace_v3,Subiculum,8,35,-27
LatentSpace_v3,Entorhinal area,10,22,-12
LatentSpace_v3,Field CA1,16,25,-9
LatentSpace_v3,Field CA2,21,14,7
LatentSpace_v3,Field CA3,6,8,-2
LatentSpace_v3,Dentate gyrus,7,3,4
LatentSpace_v3,Anterior cingulate area,35,39,-4
LatentSpace_v3,Infralimbic area,12,26,-14
LatentSpace_v3,Retrosplenial area,25,36,-11
LatentSpace_v3,Prelimbic area,31,35,-4
LatentSpace_v3,Primary auditory area,36,38,-2
LatentSpace_v3,Dorsal auditory area,35,38,-3
LatentSpace_v3,Ventral auditory area,34,38,-4
LatentSpace_v3,Agranular insular area,23,37,-14
LatentSpace_v3,Ectorhinal area,22,33,-11
LatentSpace_v3,Primary motor area,35,38,-3
LatentSpace_v3,Secondary motor area,37,38,-1
LatentSpace_v3,"Frontal pole, cerebral cortex",32,40,-8
LatentSpace_v3,Orbital area,25,35,-10
LatentSpace_v3,Posterior parietal association areas,35,38,-3
LatentSpace_v3,Perirhinal area,18,32,-14
LatentSpace_v3,Primary somatosensory area,29,35,-6
LatentSpace_v3,Supplemental somatosensory area,38,38,0
LatentSpace_v3,Temporal association areas,26,33,-7
LatentSpace_v3,Visual areas,35,38,-3
LatentSpace_v3,Pallidum,9,6,3
LatentSpace_v3,Striatum ventral region,7,3,4
LatentSpace_v3,Lateral septal complex,7,4,3
LatentSpace_v3,Caudoputamen,3,3,0
LatentSpace_v3,Medial amygdalar nucleus,9,7,2
LatentSpace_v3,Hypothalamus,8,9,-1
LatentSpace_v3,Thalamus,10,1,9
LatentSpace_v3,Inferior colliculus,6,9,-3
LatentSpace_v3,"Superior colliculus, sensory related",5,10,-5
LatentSpace_v3,Midbrain raphe nuclei,15,12,3
LatentSpace_v3,Midbrain-other,11,10,1
LatentSpace_v3,Periaqueductal gray,11,11,0
LatentSpace_v3,Pons,10,9,1
LatentSpace_v3,Medulla,8,9,-1
LatentSpace_v3,Lingula (I),13,34,-21
LatentSpace_v3,Central lobule,30,34,-4
LatentSpace_v3,Culmen,26,34,-8
LatentSpace_v3,Declive (VI),23,28,-5
LatentSpace_v3,Folium-tuber vermis (VII),23,31,-8
LatentSpace_v3,Pyramus (VIII),25,32,-7
LatentSpace_v3,Uvula (IX),33,34,-1
LatentSpace_v3,Nodulus (X),15,35,-20
LatentSpace_v3,Simple lobule,23,29,-6
LatentSpace_v3,Crus 1,23,26,-3
LatentSpace_v3,Crus 2,22,27,-5
LatentSpace_v3,Paramedian lobule,23,33,-10
LatentSpace_v3,Copula pyramidis,26,34,-8
LatentSpace_v3,Flocculus,32,34,-2
LatentSpace_v3,Paraflocculus,26,36,-10
LatentSpace_v3,Cerebellar nuclei,27,11,16
LatentSpace_v4,Cortical subplate-other,5,15,-10
LatentSpace_v4,Claustrum,30,33,-3
LatentSpace_v4,Endopiriform nucleus,6,32,-26
LatentSpace_v4,Olfactory areas-other,11,33,-22
LatentSpace_v4,Postpiriform transition area,11,27,-16
LatentSpace_v4,Piriform area,5,34,-29
LatentSpace_v4,Taenia tecta,14,28,-14
LatentSpace_v4,Cortical amygdalar area,3,19,-16
LatentSpace_v4,Piriform-amygdalar area,5,28,-23
LatentSpace_v4,Main olfactory bulb,20,10,10
LatentSpace_v4,Accessory olfactory bulb,26,19,7
LatentSpace_v4,Anterior olfactory nucleus,10,32,-22
LatentSpace_v4,Subiculum,6,35,-29
LatentSpace_v4,Entorhinal area,8,22,-14
LatentSpace_v4,Field CA1,10,25,-15
LatentSpace_v4,Field CA2,10,14,-4
LatentSpace_v4,Field CA3,7,8,-1
LatentSpace_v4,Dentate gyrus,10,3,7
LatentSpace_v4,Anterior cingulate area,36,39,-3
LatentSpace_v4,Infralimbic area,13,26,-13
LatentSpace_v4,Retrosplenial area,26,36,-10
LatentSpace_v4,Prelimbic area,28,35,-7
LatentSpace_v4,Primary auditory area,36,38,-2
LatentSpace_v4,Dorsal auditory area,35,38,-3
LatentSpace_v4,Ventral auditory area,37,38,-1
LatentSpace_v4,Agranular insular area,19,37,-18
LatentSpace_v4,Ectorhinal area,24,33,-9
LatentSpace_v4,Primary motor area,35,38,-3
LatentSpace_v4,Secondary motor area,37,38,-1
LatentSpace_v4,"Frontal pole, cerebral cortex",25,40,-15
LatentSpace_v4,Orbital area,24,35,-11
LatentSpace_v4,Posterior parietal association areas,35,38,-3
LatentSpace_v4,Perirhinal area,18,32,-14
LatentSpace_v4,Primary somatosensory area,32,35,-3
LatentSpace_v4,Supplemental somatosensory area,36,38,-2
LatentSpace_v4,Temporal association areas,35,33,2
LatentSpace_v4,Visual areas,35,38,-3
LatentSpace_v4,Pallidum,6,6,0
LatentSpace_v4,Striatum ventral region,6,3,3
LatentSpace_v4,Lateral septal complex,7,4,3
LatentSpace_v4,Caudoputamen,3,3,0
LatentSpace_v4,Medial amygdalar nucleus,9,7,2
LatentSpace_v4,Hypothalamus,9,9,0
LatentSpace_v4,Thalamus,6,1,5
LatentSpace_v4,Inferior colliculus,9,9,0
LatentSpace_v4,"Superior colliculus, sensory related",8,10,-2
LatentSpace_v4,Midbrain raphe nuclei,14,12,2
LatentSpace_v4,Midbrain-other,12,10,2
LatentSpace_v4,Periaqueductal gray,14,11,3
LatentSpace_v4,Pons,9,9,0
LatentSpace_v4,Medulla,10,9,1
LatentSpace_v4,Lingula (I),13,34,-21
LatentSpace_v4,Central lobule,12,34,-22
LatentSpace_v4,Culmen,28,34,-6
LatentSpace_v4,Declive (VI),23,28,-5
LatentSpace_v4,Folium-tuber vermis (VII),23,31,-8
LatentSpace_v4,Pyramus (VIII),23,32,-9
LatentSpace_v4,Uvula (IX),28,34,-6
LatentSpace_v4,Nodulus (X),22,35,-13
LatentSpace_v4,Simple lobule,22,29,-7
LatentSpace_v4,Crus 1,23,26,-3
LatentSpace_v4,Crus 2,23,27,-4
LatentSpace_v4,Paramedian lobule,23,33,-10
LatentSpace_v4,Copula pyramidis,23,34,-11
LatentSpace_v4,Flocculus,28,34,-6
LatentSpace_v4,Paraflocculus,23,36,-13
LatentSpace_v4,Cerebellar nuclei,33,11,22
LatentSpace_v5,Cortical subplate-other,9,15,-6
LatentSpace_v5,Claustrum,25,33,-8
LatentSpace_v5,Endopiriform nucleus,17,32,-15
LatentSpace_v5,Olfactory areas-other,24,33,-9
LatentSpace_v5,Postpiriform transition area,7,27,-20
LatentSpace_v5,Piriform area,22,34,-12
LatentSpace_v5,Taenia tecta,14,28,-14
LatentSpace_v5,Cortical amygdalar area,6,19,-13
LatentSpace_v5,Piriform-amygdalar area,6,28,-22
LatentSpace_v5,Main olfactory bulb,21,10,11
LatentSpace_v5,Accessory olfactory bulb,34,19,15
LatentSpace_v5,Anterior olfactory nucleus,29,32,-3
LatentSpace_v5,Subiculum,3,35,-32
LatentSpace_v5,Entorhinal area,13,22,-9
LatentSpace_v5,Field CA1,7,25,-18
LatentSpace_v5,Field CA2,6,14,-8
LatentSpace_v5,Field CA3,5,8,-3
LatentSpace_v5,Dentate gyrus,10,3,7
LatentSpace_v5,Anterior cingulate area,36,39,-3
LatentSpace_v5,Infralimbic area,10,26,-16
LatentSpace_v5,Retrosplenial area,29,36,-7
LatentSpace_v5,Prelimbic area,24,35,-11
LatentSpace_v5,Primary auditory area,37,38,-1
LatentSpace_v5,Dorsal auditory area,35,38,-3
LatentSpace_v5,Ventral auditory area,38,38,0
LatentSpace_v5,Agranular insular area,22,37,-15
LatentSpace_v5,Ectorhinal area,23,33,-10
LatentSpace_v5,Primary motor area,35,38,-3
LatentSpace_v5,Secondary motor area,35,38,-3
LatentSpace_v5,"Frontal pole, cerebral cortex",27,40,-13
LatentSpace_v5,Orbital area,25,35,-10
LatentSpace_v5,Posterior parietal association areas,37,38,-1
LatentSpace_v5,Perirhinal area,21,32,-11
LatentSpace_v5,Primary somatosensory area,28,35,-7
LatentSpace_v5,Supplemental somatosensory area,37,38,-1
LatentSpace_v5,Temporal association areas,28,33,-5
LatentSpace_v5,Visual areas,35,38,-3
LatentSpace_v5,Pallidum,10,6,4
LatentSpace_v5,Striatum ventral region,7,3,4
LatentSpace_v5,Lateral septal complex,6,4,2
LatentSpace_v5,Caudoputamen,3,3,0
LatentSpace_v5,Medial amygdalar nucleus,7,7,0
LatentSpace_v5,Hypothalamus,9,9,0
LatentSpace_v5,Thalamus,10,1,9
LatentSpace_v5,Inferior colliculus,5,9,-4
LatentSpace_v5,"Superior colliculus, sensory related",5,10,-5
LatentSpace_v5,Midbrain raphe nuclei,16,12,4
LatentSpace_v5,Midbrain-other,12,10,2
LatentSpace_v5,Periaqueductal gray,12,11,1
LatentSpace_v5,Pons,11,9,2
LatentSpace_v5,Medulla,12,9,3
LatentSpace_v5,Lingula (I),16,34,-18
LatentSpace_v5,Central lobule,20,34,-14
LatentSpace_v5,Culmen,28,34,-6
LatentSpace_v5,Declive (VI),22,28,-6
LatentSpace_v5,Folium-tuber vermis (VII),23,31,-8
LatentSpace_v5,Pyramus (VIII),23,32,-9
LatentSpace_v5,Uvula (IX),27,34,-7
LatentSpace_v5,Nodulus (X),30,35,-5
LatentSpace_v5,Simple lobule,23,29,-6
LatentSpace_v5,Crus 1,21,26,-5
LatentSpace_v5,Crus 2,21,27,-6
LatentSpace_v5,Paramedian lobule,23,33,-10
LatentSpace_v5,Copula pyramidis,23,34,-11
LatentSpace_v5,Flocculus,32,34,-2
LatentSpace_v5,Paraflocculus,24,36,-12
LatentSpace_v5,Cerebellar nuclei,33,11,22
LatentSpace_v6,Cortical subplate-other,12,15,-3
LatentSpace_v6,Claustrum,18,33,-15
LatentSpace_v6,Endopiriform nucleus,17,32,-15
LatentSpace_v6,Olfactory areas-other,20,33,-13
LatentSpace_v6,Postpiriform transition area,12,27,-15
LatentSpace_v6,Piriform area,21,34,-13
LatentSpace_v6,Taenia tecta,13,28,-15
LatentSpace_v6,Cortical amygdalar area,9,19,-10
LatentSpace_v6,Piriform-amygdalar area,13,28,-15
LatentSpace_v6,Main olfactory bulb,3,10,-7
LatentSpace_v6,Accessory olfactory bulb,28,19,9
LatentSpace_v6,Anterior olfactory nucleus,17,32,-15
LatentSpace_v6,Subiculum,6,35,-29
LatentSpace_v6,Entorhinal area,13,22,-9
LatentSpace_v6,Field CA1,8,25,-17
LatentSpace_v6,Field CA2,10,14,-4
LatentSpace_v6,Field CA3,6,8,-2
LatentSpace_v6,Dentate gyrus,10,3,7
LatentSpace_v6,Anterior cingulate area,32,39,-7
LatentSpace_v6,Infralimbic area,12,26,-14
LatentSpace_v6,Retrosplenial area,22,36,-14
LatentSpace_v6,Prelimbic area,28,35,-7
LatentSpace_v6,Primary auditory area,36,38,-2
LatentSpace_v6,Dorsal auditory area,35,38,-3
LatentSpace_v6,Ventral auditory area,34,38,-4
LatentSpace_v6,Agranular insular area,25,37,-12
LatentSpace_v6,Ectorhinal area,22,33,-11
LatentSpace_v6,Primary motor area,33,38,-5
LatentSpace_v6,Secondary motor area,34,38,-4
LatentSpace_v6,"Frontal pole, cerebral cortex",33,40,-7
LatentSpace_v6,Orbital area,29,35,-6
LatentSpace_v6,Posterior parietal association areas,33,38,-5
LatentSpace_v6,Perirhinal area,18,32,-14
LatentSpace_v6,Primary somatosensory area,26,35,-9
LatentSpace_v6,Supplemental somatosensory area,37,38,-1
LatentSpace_v6,Temporal association areas,28,33,-5
LatentSpace_v6,Visual areas,31,38,-7
LatentSpace_v6,Pallidum,7,6,1
LatentSpace_v6,Striatum ventral region,6,3,3
LatentSpace_v6,Lateral septal complex,13,4,9
LatentSpace_v6,Caudoputamen,3,3,0
LatentSpace_v6,Medial amygdalar nucleus,9,7,2
LatentSpace_v6,Hypothalamus,9,9,0
LatentSpace_v6,Thalamus,12,1,11
LatentSpace_v6,Inferior colliculus,4,9,-5
LatentSpace_v6,"Superior colliculus, sensory related",6,10,-4
LatentSpace_v6,Midbrain raphe nuclei,15,12,3
LatentSpace_v6,Midbrain-other,12,10,2
LatentSpace_v6,Periaqueductal gray,13,11,2
LatentSpace_v6,Pons,11,9,2
LatentSpace_v6,Medulla,12,9,3
LatentSpace_v6,Lingula (I),17,34,-17
LatentSpace_v6,Central lobule,28,34,-6
LatentSpace_v6,Culmen,26,34,-8
LatentSpace_v6,Declive (VI),24,28,-4
LatentSpace_v6,Folium-tuber vermis (VII),26,31,-5
LatentSpace_v6,Pyramus (VIII),32,32,0
LatentSpace_v6,Uvula (IX),22,34,-12
LatentSpace_v6,Nodulus (X),16,35,-19
LatentSpace_v6,Simple lobule,23,29,-6
LatentSpace_v6,Crus 1,23,26,-3
LatentSpace_v6,Crus 2,23,27,-4
LatentSpace_v6,Paramedian lobule,27,33,-6
LatentSpace_v6,Copula pyramidis,34,34,0
LatentSpace_v6,Flocculus,32,34,-2
LatentSpace_v6,Paraflocculus,34,36,-2
LatentSpace_v6,Cerebellar nuclei,33,11,22
LatentSpace_v7,Cortical subplate-other,4,15,-11
LatentSpace_v7,Claustrum,28,33,-5
LatentSpace_v7,Endopiriform nucleus,10,32,-22
LatentSpace_v7,Olfactory areas-other,16,33,-17
LatentSpace_v7,Postpiriform transition area,6,27,-21
LatentSpace_v7,Piriform area,10,34,-24
LatentSpace_v7,Taenia tecta,11,28,-17
LatentSpace_v7,Cortical amygdalar area,3,19,-16
LatentSpace_v7,Piriform-amygdalar area,6,28,-22
LatentSpace_v7,Main olfactory bulb,46,10,36
LatentSpace_v7,Accessory olfactory bulb,41,19,22
LatentSpace_v7,Anterior olfactory nucleus,26,32,-6
LatentSpace_v7,Subiculum,8,35,-27
LatentSpace_v7,Entorhinal area,8,22,-14
LatentSpace_v7,Field CA1,9,25,-16
LatentSpace_v7,Field CA2,6,14,-8
LatentSpace_v7,Field CA3,6,8,-2
LatentSpace_v7,Dentate gyrus,7,3,4
LatentSpace_v7,Anterior cingulate area,37,39,-2
LatentSpace_v7,Infralimbic area,9,26,-17
LatentSpace_v7,Retrosplenial area,27,36,-9
LatentSpace_v7,Prelimbic area,31,35,-4
LatentSpace_v7,Primary auditory area,35,38,-3
LatentSpace_v7,Dorsal auditory area,35,38,-3
LatentSpace_v7,Ventral auditory area,37,38,-1
LatentSpace_v7,Agranular insular area,23,37,-14
LatentSpace_v7,Ectorhinal area,23,33,-10
LatentSpace_v7,Primary motor area,35,38,-3
LatentSpace_v7,Secondary motor area,36,38,-2
LatentSpace_v7,"Frontal pole, cerebral cortex",36,40,-4
LatentSpace_v7,Orbital area,26,35,-9
LatentSpace_v7,Posterior parietal association areas,35,38,-3
LatentSpace_v7,Perirhinal area,15,32,-17
LatentSpace_v7,Primary somatosensory area,30,35,-5
LatentSpace_v7,Supplemental somatosensory area,38,38,0
LatentSpace_v7,Temporal association areas,30,33,-3
LatentSpace_v7,Visual areas,35,38,-3
LatentSpace_v7,Pallidum,9,6,3
LatentSpace_v7,Striatum ventral region,3,3,0
LatentSpace_v7,Lateral septal complex,3,4,-1
LatentSpace_v7,Caudoputamen,3,3,0
LatentSpace_v7,Medial amygdalar nucleus,7,7,0
LatentSpace_v7,Hypothalamus,12,9,3
LatentSpace_v7,Thalamus,10,1,9
LatentSpace_v7,Inferior colliculus,10,9,1
LatentSpace_v7,"Superior colliculus, sensory related",5,10,-5
LatentSpace_v7,Midbrain raphe nuclei,14,12,2
LatentSpace_v7,Midbrain-other,11,10,1
LatentSpace_v7,Periaqueductal gray,10,11,-1
LatentSpace_v7,Pons,10,9,1
LatentSpace_v7,Medulla,7,9,-2
LatentSpace_v7,Lingula (I),13,34,-21
LatentSpace_v7,Central lobule,9,34,-25
LatentSpace_v7,Culmen,24,34,-10
LatentSpace_v7,Declive (VI),22,28,-6
LatentSpace_v7,Folium-tuber vermis (VII),23,31,-8
LatentSpace_v7,Pyramus (VIII),24,32,-8
LatentSpace_v7,Uvula (IX),22,34,-12
LatentSpace_v7,Nodulus (X),12,35,-23
LatentSpace_v7,Simple lobule,23,29,-6
LatentSpace_v7,Crus 1,21,26,-5
LatentSpace_v7,Crus 2,21,27,-6
LatentSpace_v7,Paramedian lobule,23,33,-10
LatentSpace_v7,Copula pyramidis,27,34,-7
LatentSpace_v7,Flocculus,32,34,-2
LatentSpace_v7,Paraflocculus,24,36,-12
LatentSpace_v7,Cerebellar nuclei,12,11,1
LatentSpace_v8,Cortical subplate-other,7,15,-8
LatentSpace_v8,Claustrum,24,33,-9
LatentSpace_v8,Endopiriform nucleus,6,32,-26
LatentSpace_v8,Olfactory areas-other,7,33,-26
LatentSpace_v8,Postpiriform transition area,5,27,-22
LatentSpace_v8,Piriform area,5,34,-29
LatentSpace_v8,Taenia tecta,10,28,-18
LatentSpace_v8,Cortical amygdalar area,4,19,-15
LatentSpace_v8,Piriform-amygdalar area,4,28,-24
LatentSpace_v8,Main olfactory bulb,12,10,2
LatentSpace_v8,Accessory olfactory bulb,42,19,23
LatentSpace_v8,Anterior olfactory nucleus,6,32,-26
LatentSpace_v8,Subiculum,4,35,-31
LatentSpace_v8,Entorhinal area,7,22,-15
LatentSpace_v8,Field CA1,7,25,-18
LatentSpace_v8,Field CA2,25,14,11
LatentSpace_v8,Field CA3,6,8,-2
LatentSpace_v8,Dentate gyrus,6,3,3
LatentSpace_v8,Anterior cingulate area,38,39,-1
LatentSpace_v8,Infralimbic area,11,26,-15
LatentSpace_v8,Retrosplenial area,35,36,-1
LatentSpace_v8,Prelimbic area,32,35,-3
LatentSpace_v8,Primary auditory area,38,38,0
LatentSpace_v8,Dorsal auditory area,36,38,-2
LatentSpace_v8,Ventral auditory area,39,38,1
LatentSpace_v8,Agranular insular area,21,37,-16
LatentSpace_v8,Ectorhinal area,23,33,-10
LatentSpace_v8,Primary motor area,36,38,-2
LatentSpace_v8,Secondary motor area,38,38,0
LatentSpace_v8,"Frontal pole, cerebral cortex",36,40,-4
LatentSpace_v8,Orbital area,27,35,-8
LatentSpace_v8,Posterior parietal association areas,36,38,-2
LatentSpace_v8,Perirhinal area,20,32,-12
LatentSpace_v8,Primary somatosensory area,35,35,0
LatentSpace_v8,Supplemental somatosensory area,37,38,-1
LatentSpace_v8,Temporal association areas,30,33,-3
LatentSpace_v8,Visual areas,36,38,-2
LatentSpace_v8,Pallidum,10,6,4
LatentSpace_v8,Striatum ventral region,7,3,4
LatentSpace_v8,Lateral septal complex,7,4,3
LatentSpace_v8,Caudoputamen,3,3,0
LatentSpace_v8,Medial amygdalar nucleus,8,7,1
LatentSpace_v8,Hypothalamus,9,9,0
LatentSpace_v8,Thalamus,6,1,5
LatentSpace_v8,Inferior colliculus,7,9,-2
LatentSpace_v8,"Superior colliculus, sensory related",5,10,-5
LatentSpace_v8,Midbrain raphe nuclei,14,12,2
LatentSpace_v8,Midbrain-other,10,10,0
LatentSpace_v8,Periaqueductal gray,9,11,-2
LatentSpace_v8,Pons,10,9,1
LatentSpace_v8,Medulla,12,9,3
LatentSpace_v8,Lingula (I),16,34,-18
LatentSpace_v8,Central lobule,25,34,-9
LatentSpace_v8,Culmen,23,34,-11
LatentSpace_v8,Declive (VI),23,28,-5
LatentSpace_v8,Folium-tuber vermis (VII),23,31,-8
LatentSpace_v8,Pyramus (VIII),23,32,-9
LatentSpace_v8,Uvula (IX),32,34,-2
LatentSpace_v8,Nodulus (X),20,35,-15
LatentSpace_v8,Simple lobule,23,29,-6
LatentSpace_v8,Crus 1,22,26,-4
LatentSpace_v8,Crus 2,22,27,-5
LatentSpace_v8,Paramedian lobule,23,33,-10
LatentSpace_v8,Copula pyramidis,26,34,-8
LatentSpace_v8,Flocculus,17,34,-17
LatentSpace_v8,Paraflocculus,32,36,-4
LatentSpace_v8,Cerebellar nuclei,16,11,5
LatentSpace_v9,Cortical subplate-other,13,15,-2
LatentSpace_v9,Claustrum,28,33,-5
LatentSpace_v9,Endopiriform nucleus,17,32,-15
LatentSpace_v9,Olfactory areas-other,17,33,-16
LatentSpace_v9,Postpiriform transition area,11,27,-16
LatentSpace_v9,Piriform area,19,34,-15
LatentSpace_v9,Taenia tecta,13,28,-15
LatentSpace_v9,Cortical amygdalar area,11,19,-8
LatentSpace_v9,Piriform-amygdalar area,10,28,-18
LatentSpace_v9,Main olfactory bulb,41,10,31
LatentSpace_v9,Accessory olfactory bulb,53,19,34
LatentSpace_v9,Anterior olfactory nucleus,12,32,-20
LatentSpace_v9,Subiculum,5,35,-30
LatentSpace_v9,Entorhinal area,6,22,-16
LatentSpace_v9,Field CA1,7,25,-18
LatentSpace_v9,Field CA2,17,14,3
LatentSpace_v9,Field CA3,6,8,-2
LatentSpace_v9,Dentate gyrus,7,3,4
LatentSpace_v9,Anterior cingulate area,34,39,-5
LatentSpace_v9,Infralimbic area,12,26,-14
LatentSpace_v9,Retrosplenial area,26,36,-10
LatentSpace_v9,Prelimbic area,25,35,-10
LatentSpace_v9,Primary auditory area,37,38,-1
LatentSpace_v9,Dorsal auditory area,35,38,-3
LatentSpace_v9,Ventral auditory area,37,38,-1
LatentSpace_v9,Agranular insular area,17,37,-20
LatentSpace_v9,Ectorhinal area,23,33,-10
LatentSpace_v9,Primary motor area,35,38,-3
LatentSpace_v9,Secondary motor area,36,38,-2
LatentSpace_v9,"Frontal pole, cerebral cortex",27,40,-13
LatentSpace_v9,Orbital area,24,35,-11
LatentSpace_v9,Posterior parietal association areas,35,38,-3
LatentSpace_v9,Perirhinal area,17,32,-15
LatentSpace_v9,Primary somatosensory area,31,35,-4
LatentSpace_v9,Supplemental somatosensory area,38,38,0
LatentSpace_v9,Temporal association areas,32,33,-1
LatentSpace_v9,Visual areas,35,38,-3
LatentSpace_v9,Pallidum,14,6,8
LatentSpace_v9,Striatum ventral region,11,3,8
LatentSpace_v9,Lateral septal complex,13,4,9
LatentSpace_v9,Caudoputamen,3,3,0
LatentSpace_v9,Medial amygdalar nucleus,13,7,6
LatentSpace_v9,Hypothalamus,10,9,1
LatentSpace_v9,Thalamus,2,1,1
LatentSpace_v9,Inferior colliculus,4,9,-5
LatentSpace_v9,"Superior colliculus, sensory related",4,10,-6
LatentSpace_v9,Midbrain raphe nuclei,14,12,2
LatentSpace_v9,Midbrain-other,9,10,-1
LatentSpace_v9,Periaqueductal gray,10,11,-1
LatentSpace_v9,Pons,11,9,2
LatentSpace_v9,Medulla,9,9,0
LatentSpace_v9,Lingula (I),9,34,-25
LatentSpace_v9,Central lobule,5,34,-29
LatentSpace_v9,Culmen,28,34,-6
LatentSpace_v9,Declive (VI),23,28,-5
LatentSpace_v9,Folium-tuber vermis (VII),23,31,-8
LatentSpace_v9,Pyramus (VIII),23,32,-9
LatentSpace_v9,Uvula (IX),15,34,-19
LatentSpace_v9,Nodulus (X),13,35,-22
LatentSpace_v9,Simple lobule,22,29,-7
LatentSpace_v9,Crus 1,22,26,-4
LatentSpace_v9,Crus 2,23,27,-4
LatentSpace_v9,Paramedian lobule,23,33,-10
LatentSpace_v9,Copula pyramidis,23,34,-11
LatentSpace_v9,Flocculus,25,34,-9
LatentSpace_v9,Paraflocculus,23,36,-13
LatentSpace_v9,Cerebellar nuclei,7,11,-4
LatentSpace_v10,Cortical subplate-other,12,15,-3
LatentSpace_v10,Claustrum,28,33,-5
LatentSpace_v10,Endopiriform nucleus,11,32,-21
LatentSpace_v10,Olfactory areas-other,15,33,-18
LatentSpace_v10,Postpiriform transition area,12,27,-15
LatentSpace_v10,Piriform area,17,34,-17
LatentSpace_v10,Taenia tecta,13,28,-15
LatentSpace_v10,Cortical amygdalar area,9,19,-10
LatentSpace_v10,Piriform-amygdalar area,12,28,-16
LatentSpace_v10,Main olfactory bulb,24,10,14
LatentSpace_v10,Accessory olfactory bulb,53,19,34
LatentSpace_v10,Anterior olfactory nucleus,21,32,-11
LatentSpace_v10,Subiculum,5,35,-30
LatentSpace_v10,Entorhinal area,8,22,-14
LatentSpace_v10,Field CA1,7,25,-18
LatentSpace_v10,Field CA2,8,14,-6
LatentSpace_v10,Field CA3,9,8,1
LatentSpace_v10,Dentate gyrus,10,3,7
LatentSpace_v10,Anterior cingulate area,36,39,-3
LatentSpace_v10,Infralimbic area,13,26,-13
LatentSpace_v10,Retrosplenial area,27,36,-9
LatentSpace_v10,Prelimbic area,27,35,-8
LatentSpace_v10,Primary auditory area,37,38,-1
LatentSpace_v10,Dorsal auditory area,35,38,-3
LatentSpace_v10,Ventral auditory area,39,38,1
LatentSpace_v10,Agranular insular area,23,37,-14
LatentSpace_v10,Ectorhinal area,25,33,-8
LatentSpace_v10,Primary motor area,36,38,-2
LatentSpace_v10,Secondary motor area,36,38,-2
LatentSpace_v10,"Frontal pole, cerebral cortex",30,40,-10
LatentSpace_v10,Orbital area,24,35,-11
LatentSpace_v10,Posterior parietal association areas,35,38,-3
LatentSpace_v10,Perirhinal area,16,32,-16
LatentSpace_v10,Primary somatosensory area,33,35,-2
LatentSpace_v10,Supplemental somatosensory area,37,38,-1
LatentSpace_v10,Temporal association areas,34,33,1
LatentSpace_v10,Visual areas,35,38,-3
LatentSpace_v10,Pallidum,8,6,2
LatentSpace_v10,Striatum ventral region,8,3,5
LatentSpace_v10,Lateral septal complex,12,4,8
LatentSpace_v10,Caudoputamen,3,3,0
LatentSpace_v10,Medial amygdalar nucleus,12,7,5
LatentSpace_v10,Hypothalamus,17,9,8
LatentSpace_v10,Thalamus,10,1,9
LatentSpace_v10,Inferior colliculus,7,9,-2
LatentSpace_v10,"Superior colliculus, sensory related",8,10,-2
LatentSpace_v10,Midbrain raphe nuclei,14,12,2
LatentSpace_v10,Midbrain-other,14,10,4
LatentSpace_v10,Periaqueductal gray,13,11,2
LatentSpace_v10,Pons,12,9,3
LatentSpace_v10,Medulla,13,9,4
LatentSpace_v10,Lingula (I),13,34,-21
LatentSpace_v10,Central lobule,26,34,-8
LatentSpace_v10,Culmen,25,34,-9
LatentSpace_v10,Declive (VI),23,28,-5
LatentSpace_v10,Folium-tuber vermis (VII),23,31,-8
LatentSpace_v10,Pyramus (VIII),23,32,-9
LatentSpace_v10,Uvula (IX),26,34,-8
LatentSpace_v10,Nodulus (X),15,35,-20
LatentSpace_v10,Simple lobule,22,29,-7
LatentSpace_v10,Crus 1,22,26,-4
LatentSpace_v10,Crus 2,22,27,-5
LatentSpace_v10,Paramedian lobule,23,33,-10
LatentSpace_v10,Copula pyramidis,23,34,-11
LatentSpace_v10,Flocculus,17,34,-17
LatentSpace_v10,Paraflocculus,23,36,-13
LatentSpace_v10,Cerebellar nuclei,17,11,6
LatentSpace_v11,Cortical subplate-other,12,15,-3
LatentSpace_v11,Claustrum,27,33,-6
LatentSpace_v11,Endopiriform nucleus,12,32,-20
LatentSpace_v11,Olfactory areas-other,9,33,-24
LatentSpace_v11,Postpiriform transition area,12,27,-15
LatentSpace_v11,Piriform area,10,34,-24
LatentSpace_v11,Taenia tecta,15,28,-13
LatentSpace_v11,Cortical amygdalar area,10,19,-9
LatentSpace_v11,Piriform-amygdalar area,8,28,-20
LatentSpace_v11,Main olfactory bulb,6,10,-4
LatentSpace_v11,Accessory olfactory bulb,4,19,-15
LatentSpace_v11,Anterior olfactory nucleus,11,32,-21
LatentSpace_v11,Subiculum,7,35,-28
LatentSpace_v11,Entorhinal area,12,22,-10
LatentSpace_v11,Field CA1,8,25,-17
LatentSpace_v11,Field CA2,6,14,-8
LatentSpace_v11,Field CA3,5,8,-3
LatentSpace_v11,Dentate gyrus,7,3,4
LatentSpace_v11,Anterior cingulate area,35,39,-4
LatentSpace_v11,Infralimbic area,12,26,-14
LatentSpace_v11,Retrosplenial area,23,36,-13
LatentSpace_v11,Prelimbic area,25,35,-10
LatentSpace_v11,Primary auditory area,35,38,-3
LatentSpace_v11,Dorsal auditory area,35,38,-3
LatentSpace_v11,Ventral auditory area,38,38,0
LatentSpace_v11,Agranular insular area,22,37,-15
LatentSpace_v11,Ectorhinal area,24,33,-9
LatentSpace_v11,Primary motor area,35,38,-3
LatentSpace_v11,Secondary motor area,35,38,-3
LatentSpace_v11,"Frontal pole, cerebral cortex",34,40,-6
LatentSpace_v11,Orbital area,24,35,-11
LatentSpace_v11,Posterior parietal association areas,35,38,-3
LatentSpace_v11,Perirhinal area,21,32,-11
LatentSpace_v11,Primary somatosensory area,30,35,-5
LatentSpace_v11,Supplemental somatosensory area,36,38,-2
LatentSpace_v11,Temporal association areas,33,33,0
LatentSpace_v11,Visual areas,35,38,-3
LatentSpace_v11,Pallidum,9,6,3
LatentSpace_v11,Striatum ventral region,5,3,2
LatentSpace_v11,Lateral septal complex,8,4,4
LatentSpace_v11,Caudoputamen,3,3,0
LatentSpace_v11,Medial amygdalar nucleus,11,7,4
LatentSpace_v11,Hypothalamus,7,9,-2
LatentSpace_v11,Thalamus,2,1,1
LatentSpace_v11,Inferior colliculus,9,9,0
LatentSpace_v11,"Superior colliculus, sensory related",8,10,-2
LatentSpace_v11,Midbrain raphe nuclei,14,12,2
LatentSpace_v11,Midbrain-other,12,10,2
LatentSpace_v11,Periaqueductal gray,13,11,2
LatentSpace_v11,Pons,9,9,0
LatentSpace_v11,Medulla,9,9,0
LatentSpace_v11,Lingula (I),22,34,-12
LatentSpace_v11,Central lobule,31,34,-3
LatentSpace_v11,Culmen,28,34,-6
LatentSpace_v11,Declive (VI),24,28,-4
LatentSpace_v11,Folium-tuber vermis (VII),24,31,-7
LatentSpace_v11,Pyramus (VIII),25,32,-7
LatentSpace_v11,Uvula (IX),34,34,0
LatentSpace_v11,Nodulus (X),23,35,-12
LatentSpace_v11,Simple lobule,23,29,-6
LatentSpace_v11,Crus 1,23,26,-3
LatentSpace_v11,Crus 2,22,27,-5
LatentSpace_v11,Paramedian lobule,23,33,-10
LatentSpace_v11,Copula pyramidis,25,34,-9
LatentSpace_v11,Flocculus,28,34,-6
LatentSpace_v11,Paraflocculus,23,36,-13
LatentSpace_v11,Cerebellar nuclei,31,11,20
LatentSpace_v12,Cortical subplate-other,9,15,-6
LatentSpace_v12,Claustrum,26,33,-7
LatentSpace_v12,Endopiriform nucleus,14,32,-18
LatentSpace_v12,Olfactory areas-other,17,33,-16
LatentSpace_v12,Postpiriform transition area,12,27,-15
LatentSpace_v12,Piriform area,15,34,-19
LatentSpace_v12,Taenia tecta,10,28,-18
LatentSpace_v12,Cortical amygdalar area,10,19,-9
LatentSpace_v12,Piriform-amygdalar area,9,28,-19
LatentSpace_v12,Main olfactory bulb,12,10,2
LatentSpace_v12,Accessory olfactory bulb,33,19,14
LatentSpace_v12,Anterior olfactory nucleus,13,32,-19
LatentSpace_v12,Subiculum,4,35,-31
LatentSpace_v12,Entorhinal area,16,22,-6
LatentSpace_v12,Field CA1,8,25,-17
LatentSpace_v12,Field CA2,7,14,-7
LatentSpace_v12,Field CA3,8,8,0
LatentSpace_v12,Dentate gyrus,10,3,7
LatentSpace_v12,Anterior cingulate area,33,39,-6
LatentSpace_v12,Infralimbic area,12,26,-14
LatentSpace_v12,Retrosplenial area,23,36,-13
LatentSpace_v12,Prelimbic area,25,35,-10
LatentSpace_v12,Primary auditory area,35,38,-3
LatentSpace_v12,Dorsal auditory area,31,38,-7
LatentSpace_v12,Ventral auditory area,31,38,-7
LatentSpace_v12,Agranular insular area,16,37,-21
LatentSpace_v12,Ectorhinal area,24,33,-9
LatentSpace_v12,Primary motor area,32,38,-6
LatentSpace_v12,Secondary motor area,35,38,-3
LatentSpace_v12,"Frontal pole, cerebral cortex",28,40,-12
LatentSpace_v12,Orbital area,19,35,-16
LatentSpace_v12,Posterior parietal association areas,33,38,-5
LatentSpace_v12,Perirhinal area,18,32,-14
LatentSpace_v12,Primary somatosensory area,25,35,-10
LatentSpace_v12,Supplemental somatosensory area,35,38,-3
LatentSpace_v12,Temporal association areas,26,33,-7
LatentSpace_v12,Visual areas,31,38,-7
LatentSpace_v12,Pallidum,7,6,1
LatentSpace_v12,Striatum ventral region,7,3,4
LatentSpace_v12,Lateral septal complex,11,4,7
LatentSpace_v12,Caudoputamen,3,3,0
LatentSpace_v12,Medial amygdalar nucleus,10,7,3
LatentSpace_v12,Hypothalamus,5,9,-4
LatentSpace_v12,Thalamus,11,1,10
LatentSpace_v12,Inferior colliculus,4,9,-5
LatentSpace_v12,"Superior colliculus, sensory related",5,10,-5
LatentSpace_v12,Midbrain raphe nuclei,12,12,0
LatentSpace_v12,Midbrain-other,10,10,0
LatentSpace_v12,Periaqueductal gray,6,11,-5
LatentSpace_v12,Pons,10,9,1
LatentSpace_v12,Medulla,13,9,4
LatentSpace_v12,Lingula (I),11,34,-23
LatentSpace_v12,Central lobule,13,34,-21
LatentSpace_v12,Culmen,24,34,-10
LatentSpace_v12,Declive (VI),24,28,-4
LatentSpace_v12,Folium-tuber vermis (VII),30,31,-1
LatentSpace_v12,Pyramus (VIII),33,32,1
LatentSpace_v12,Uvula (IX),33,34,-1
LatentSpace_v12,Nodulus (X),21,35,-14
LatentSpace_v12,Simple lobule,22,29,-7
LatentSpace_v12,Crus 1,22,26,-4
LatentSpace_v12,Crus 2,23,27,-4
LatentSpace_v12,Paramedian lobule,25,33,-8
LatentSpace_v12,Copula pyramidis,31,34,-3
LatentSpace_v12,Flocculus,34,34,0
LatentSpace_v12,Paraflocculus,28,36,-8
LatentSpace_v12,Cerebellar nuclei,19,11,8
LatentSpace_v13,Cortical subplate-other,10,15,-5
LatentSpace_v13,Claustrum,22,33,-11
LatentSpace_v13,Endopiriform nucleus,11,32,-21
LatentSpace_v13,Olfactory areas-other,14,33,-19
LatentSpace_v13,Postpiriform transition area,8,27,-19
LatentSpace_v13,Piriform area,15,34,-19
LatentSpace_v13,Taenia tecta,13,28,-15
LatentSpace_v13,Cortical amygdalar area,7,19,-12
LatentSpace_v13,Piriform-amygdalar area,6,28,-22
LatentSpace_v13,Main olfactory bulb,23,10,13
LatentSpace_v13,Accessory olfactory bulb,21,19,2
LatentSpace_v13,Anterior olfactory nucleus,12,32,-20
LatentSpace_v13,Subiculum,4,35,-31
LatentSpace_v13,Entorhinal area,10,22,-12
LatentSpace_v13,Field CA1,8,25,-17
LatentSpace_v13,Field CA2,10,14,-4
LatentSpace_v13,Field CA3,7,8,-1
LatentSpace_v13,Dentate gyrus,7,3,4
LatentSpace_v13,Anterior cingulate area,35,39,-4
LatentSpace_v13,Infralimbic area,12,26,-14
LatentSpace_v13,Retrosplenial area,24,36,-12
LatentSpace_v13,Prelimbic area,27,35,-8
LatentSpace_v13,Primary auditory area,36,38,-2
LatentSpace_v13,Dorsal auditory area,35,38,-3
LatentSpace_v13,Ventral auditory area,37,38,-1
LatentSpace_v13,Agranular insular area,24,37,-13
LatentSpace_v13,Ectorhinal area,23,33,-10
LatentSpace_v13,Primary motor area,35,38,-3
LatentSpace_v13,Secondary motor area,36,38,-2
LatentSpace_v13,"Frontal pole, cerebral cortex",35,40,-5
LatentSpace_v13,Orbital area,24,35,-11
LatentSpace_v13,Posterior parietal association areas,35,38,-3
LatentSpace_v13,Perirhinal area,19,32,-13
LatentSpace_v13,Primary somatosensory area,29,35,-6
LatentSpace_v13,Supplemental somatosensory area,36,38,-2
LatentSpace_v13,Temporal association areas,30,33,-3
LatentSpace_v13,Visual areas,32,38,-6
LatentSpace_v13,Pallidum,8,6,2
LatentSpace_v13,Striatum ventral region,5,3,2
LatentSpace_v13,Lateral septal complex,10,4,6
LatentSpace_v13,Caudoputamen,3,3,0
LatentSpace_v13,Medial amygdalar nucleus,11,7,4
LatentSpace_v13,Hypothalamus,8,9,-1
LatentSpace_v13,Thalamus,3,1,2
LatentSpace_v13,Inferior colliculus,5,9,-4
LatentSpace_v13,"Superior colliculus, sensory related",4,10,-6
LatentSpace_v13,Midbrain raphe nuclei,14,12,2
LatentSpace_v13,Midbrain-other,12,10,2
LatentSpace_v13,Periaqueductal gray,11,11,0
LatentSpace_v13,Pons,10,9,1
LatentSpace_v13,Medulla,9,9,0
LatentSpace_v13,Lingula (I),13,34,-21
LatentSpace_v13,Central lobule,10,34,-24
LatentSpace_v13,Culmen,27,34,-7
LatentSpace_v13,Declive (VI),23,28,-5
LatentSpace_v13,Folium-tuber vermis (VII),24,31,-7
LatentSpace_v13,Pyramus (VIII),30,32,-2
LatentSpace_v13,Uvula (IX),20,34,-14
LatentSpace_v13,Nodulus (X),14,35,-21
LatentSpace_v13,Simple lobule,23,29,-6
LatentSpace_v13,Crus 1,22,26,-4
LatentSpace_v13,Crus 2,22,27,-5
LatentSpace_v13,Paramedian lobule,23,33,-10
LatentSpace_v13,Copula pyramidis,25,34,-9
LatentSpace_v13,Flocculus,19,34,-15
LatentSpace_v13,Paraflocculus,24,36,-12
LatentSpace_v13,Cerebellar nuclei,13,11,2
LatentSpace_v14,Cortical subplate-other,8,15,-7
LatentSpace_v14,Claustrum,19,33,-14
LatentSpace_v14,Endopiriform nucleus,7,32,-25
LatentSpace_v14,Olfactory areas-other,10,33,-23
LatentSpace_v14,Postpiriform transition area,7,27,-20
LatentSpace_v14,Piriform area,10,34,-24
LatentSpace_v14,Taenia tecta,11,28,-17
LatentSpace_v14,Cortical amygdalar area,6,19,-13
LatentSpace_v14,Piriform-amygdalar area,9,28,-19
LatentSpace_v14,Main olfactory bulb,32,10,22
LatentSpace_v14,Accessory olfactory bulb,24,19,5
LatentSpace_v14,Anterior olfactory nucleus,9,32,-23
LatentSpace_v14,Subiculum,3,35,-32
LatentSpace_v14,Entorhinal area,9,22,-13
LatentSpace_v14,Field CA1,2,25,-23
LatentSpace_v14,Field CA2,6,14,-8
LatentSpace_v14,Field CA3,5,8,-3
LatentSpace_v14,Dentate gyrus,7,3,4
LatentSpace_v14,Anterior cingulate area,38,39,-1
LatentSpace_v14,Infralimbic area,10,26,-16
LatentSpace_v14,Retrosplenial area,25,36,-11
LatentSpace_v14,Prelimbic area,23,35,-12
LatentSpace_v14,Primary auditory area,38,38,0
LatentSpace_v14,Dorsal auditory area,36,38,-2
LatentSpace_v14,Ventral auditory area,39,38,1
LatentSpace_v14,Agranular insular area,19,37,-18
LatentSpace_v14,Ectorhinal area,19,33,-14
LatentSpace_v14,Primary motor area,35,38,-3
LatentSpace_v14,Secondary motor area,36,38,-2
LatentSpace_v14,"Frontal pole, cerebral cortex",30,40,-10
LatentSpace_v14,Orbital area,23,35,-12
LatentSpace_v14,Posterior parietal association areas,35,38,-3
LatentSpace_v14,Perirhinal area,12,32,-20
LatentSpace_v14,Primary somatosensory area,35,35,0
LatentSpace_v14,Supplemental somatosensory area,39,38,1
LatentSpace_v14,Temporal association areas,29,33,-4
LatentSpace_v14,Visual areas,35,38,-3
LatentSpace_v14,Pallidum,7,6,1
LatentSpace_v14,Striatum ventral region,7,3,4
LatentSpace_v14,Lateral septal complex,7,4,3
LatentSpace_v14,Caudoputamen,3,3,0
LatentSpace_v14,Medial amygdalar nucleus,7,7,0
LatentSpace_v14,Hypothalamus,5,9,-4
LatentSpace_v14,Thalamus,8,1,7
LatentSpace_v14,Inferior colliculus,6,9,-3
LatentSpace_v14,"Superior colliculus, sensory related",5,10,-5
LatentSpace_v14,Midbrain raphe nuclei,14,12,2
LatentSpace_v14,Midbrain-other,9,10,-1
LatentSpace_v14,Periaqueductal gray,10,11,-1
LatentSpace_v14,Pons,8,9,-1
LatentSpace_v14,Medulla,10,9,1
LatentSpace_v14,Lingula (I),11,34,-23
LatentSpace_v14,Central lobule,10,34,-24
LatentSpace_v14,Culmen,29,34,-5
LatentSpace_v14,Declive (VI),22,28,-6
LatentSpace_v14,Folium-tuber vermis (VII),23,31,-8
LatentSpace_v14,Pyramus (VIII),23,32,-9
LatentSpace_v14,Uvula (IX),22,34,-12
LatentSpace_v14,Nodulus (X),15,35,-20
LatentSpace_v14,Simple lobule,23,29,-6
LatentSpace_v14,Crus 1,22,26,-4
LatentSpace_v14,Crus 2,22,27,-5
LatentSpace_v14,Paramedian lobule,23,33,-10
LatentSpace_v14,Copula pyramidis,24,34,-10
LatentSpace_v14,Flocculus,18,34,-16
LatentSpace_v14,Paraflocculus,23,36,-13
LatentSpace_v14,Cerebellar nuclei,13,11,2
LatentSpace_v15,Cortical subplate-other,12,15,-3
LatentSpace_v15,Claustrum,23,33,-10
LatentSpace_v15,Endopiriform nucleus,8,32,-24
LatentSpace_v15,Olfactory areas-other,12,33,-21
LatentSpace_v15,Postpiriform transition area,11,27,-16
LatentSpace_v15,Piriform area,16,34,-18
LatentSpace_v15,Taenia tecta,12,28,-16
LatentSpace_v15,Cortical amygdalar area,8,19,-11
LatentSpace_v15,Piriform-amygdalar area,7,28,-21
LatentSpace_v15,Main olfactory bulb,34,10,24
LatentSpace_v15,Accessory olfactory bulb,55,19,36
LatentSpace_v15,Anterior olfactory nucleus,10,32,-22
LatentSpace_v15,Subiculum,4,35,-31
LatentSpace_v15,Entorhinal area,9,22,-13
LatentSpace_v15,Field CA1,7,25,-18
LatentSpace_v15,Field CA2,7,14,-7
LatentSpace_v15,Field CA3,6,8,-2
LatentSpace_v15,Dentate gyrus,8,3,5
LatentSpace_v15,Anterior cingulate area,37,39,-2
LatentSpace_v15,Infralimbic area,13,26,-13
LatentSpace_v15,Retrosplenial area,32,36,-4
LatentSpace_v15,Prelimbic area,27,35,-8
LatentSpace_v15,Primary auditory area,37,38,-1
LatentSpace_v15,Dorsal auditory area,35,38,-3
LatentSpace_v15,Ventral auditory area,38,38,0
LatentSpace_v15,Agranular insular area,20,37,-17
LatentSpace_v15,Ectorhinal area,22,33,-11
LatentSpace_v15,Primary motor area,35,38,-3
LatentSpace_v15,Secondary motor area,37,38,-1
LatentSpace_v15,"Frontal pole, cerebral cortex",29,40,-11
LatentSpace_v15,Orbital area,25,35,-10
LatentSpace_v15,Posterior parietal association areas,35,38,-3
LatentSpace_v15,Perirhinal area,16,32,-16
LatentSpace_v15,Primary somatosensory area,35,35,0
LatentSpace_v15,Supplemental somatosensory area,37,38,-1
LatentSpace_v15,Temporal association areas,29,33,-4
LatentSpace_v15,Visual areas,35,38,-3
LatentSpace_v15,Pallidum,5,6,-1
LatentSpace_v15,Striatum ventral region,5,3,2
LatentSpace_v15,Lateral septal complex,8,4,4
LatentSpace_v15,Caudoputamen,3,3,0
LatentSpace_v15,Medial amygdalar nucleus,10,7,3
LatentSpace_v15,Hypothalamus,6,9,-3
LatentSpace_v15,Thalamus,3,1,2
LatentSpace_v15,Inferior colliculus,5,9,-4
LatentSpace_v15,"Superior colliculus, sensory related",5,10,-5
LatentSpace_v15,Midbrain raphe nuclei,10,12,-2
LatentSpace_v15,Midbrain-other,11,10,1
LatentSpace_v15,Periaqueductal gray,9,11,-2
LatentSpace_v15,Pons,9,9,0
LatentSpace_v15,Medulla,15,9,6
LatentSpace_v15,Lingula (I),13,34,-21
LatentSpace_v15,Central lobule,24,34,-10
LatentSpace_v15,Culmen,27,34,-7
LatentSpace_v15,Declive (VI),23,28,-5
LatentSpace_v15,Folium-tuber vermis (VII),23,31,-8
LatentSpace_v15,Pyramus (VIII),24,32,-8
LatentSpace_v15,Uvula (IX),24,34,-10
LatentSpace_v15,Nodulus (X),15,35,-20
LatentSpace_v15,Simple lobule,22,29,-7
LatentSpace_v15,Crus 1,22,26,-4
LatentSpace_v15,Crus 2,22,27,-5
LatentSpace_v15,Paramedian lobule,23,33,-10
LatentSpace_v15,Copula pyramidis,24,34,-10
LatentSpace_v15,Flocculus,27,34,-7
LatentSpace_v15,Paraflocculus,24,36,-12
LatentSpace_v15,Cerebellar nuclei,32,11,21
LatentSpace_v16,Cortical subplate-other,10,15,-5
LatentSpace_v16,Claustrum,22,33,-11
LatentSpace_v16,Endopiriform nucleus,13,32,-19
LatentSpace_v16,Olfactory areas-other,11,33,-22
LatentSpace_v16,Postpiriform transition area,11,27,-16
LatentSpace_v16,Piriform area,18,34,-16
LatentSpace_v16,Taenia tecta,13,28,-15
LatentSpace_v16,Cortical amygdalar area,3,19,-16
LatentSpace_v16,Piriform-amygdalar area,6,28,-22
LatentSpace_v16,Main olfactory bulb,10,10,0
LatentSpace_v16,Accessory olfactory bulb,21,19,2
LatentSpace_v16,Anterior olfactory nucleus,9,32,-23
LatentSpace_v16,Subiculum,3,35,-32
LatentSpace_v16,Entorhinal area,8,22,-14
LatentSpace_v16,Field CA1,7,25,-18
LatentSpace_v16,Field CA2,15,14,1
LatentSpace_v16,Field CA3,6,8,-2
LatentSpace_v16,Dentate gyrus,7,3,4
LatentSpace_v16,Anterior cingulate area,34,39,-5
LatentSpace_v16,Infralimbic area,12,26,-14
LatentSpace_v16,Retrosplenial area,22,36,-14
LatentSpace_v16,Prelimbic area,27,35,-8
LatentSpace_v16,Primary auditory area,35,38,-3
LatentSpace_v16,Dorsal auditory area,35,38,-3
LatentSpace_v16,Ventral auditory area,35,38,-3
LatentSpace_v16,Agranular insular area,24,37,-13
LatentSpace_v16,Ectorhinal area,22,33,-11
LatentSpace_v16,Primary motor area,35,38,-3
LatentSpace_v16,Secondary motor area,35,38,-3
LatentSpace_v16,"Frontal pole, cerebral cortex",33,40,-7
LatentSpace_v16,Orbital area,24,35,-11
LatentSpace_v16,Posterior parietal association areas,32,38,-6
LatentSpace_v16,Perirhinal area,14,32,-18
LatentSpace_v16,Primary somatosensory area,31,35,-4
LatentSpace_v16,Supplemental somatosensory area,36,38,-2
LatentSpace_v16,Temporal association areas,28,33,-5
LatentSpace_v16,Visual areas,31,38,-7
LatentSpace_v16,Pallidum,10,6,4
LatentSpace_v16,Striatum ventral region,7,3,4
LatentSpace_v16,Lateral septal complex,10,4,6
LatentSpace_v16,Caudoputamen,3,3,0
LatentSpace_v16,Medial amygdalar nucleus,8,7,1
LatentSpace_v16,Hypothalamus,7,9,-2
LatentSpace_v16,Thalamus,8,1,7
LatentSpace_v16,Inferior colliculus,7,9,-2
LatentSpace_v16,"Superior colliculus, sensory related",7,10,-3
LatentSpace_v16,Midbrain raphe nuclei,14,12,2
LatentSpace_v16,Midbrain-other,11,10,1
LatentSpace_v16,Periaqueductal gray,12,11,1
LatentSpace_v16,Pons,10,9,1
LatentSpace_v16,Medulla,9,9,0
LatentSpace_v16,Lingula (I),13,34,-21
LatentSpace_v16,Central lobule,11,34,-23
LatentSpace_v16,Culmen,28,34,-6
LatentSpace_v16,Declive (VI),23,28,-5
LatentSpace_v16,Folium-tuber vermis (VII),24,31,-7
LatentSpace_v16,Pyramus (VIII),27,32,-5
LatentSpace_v16,Uvula (IX),13,34,-21
LatentSpace_v16,Nodulus (X),14,35,-21
LatentSpace_v16,Simple lobule,24,29,-5
LatentSpace_v16,Crus 1,23,26,-3
LatentSpace_v16,Crus 2,23,27,-4
LatentSpace_v16,Paramedian lobule,23,33,-10
LatentSpace_v16,Copula pyramidis,24,34,-10
LatentSpace_v16,Flocculus,11,34,-23
LatentSpace_v16,Paraflocculus,15,36,-21
LatentSpace_v16,Cerebellar nuclei,12,11,1
LatentSpace_v17,Cortical subplate-other,7,15,-8
LatentSpace_v17,Claustrum,15,33,-18
LatentSpace_v17,Endopiriform nucleus,8,32,-24
LatentSpace_v17,Olfactory areas-other,20,33,-13
LatentSpace_v17,Postpiriform transition area,10,27,-17
LatentSpace_v17,Piriform area,10,34,-24
LatentSpace_v17,Taenia tecta,12,28,-16
LatentSpace_v17,Cortical amygdalar area,6,19,-13
LatentSpace_v17,Piriform-amygdalar area,8,28,-20
LatentSpace_v17,Main olfactory bulb,19,10,9
LatentSpace_v17,Accessory olfactory bulb,30,19,11
LatentSpace_v17,Anterior olfactory nucleus,17,32,-15
LatentSpace_v17,Subiculum,6,35,-29
LatentSpace_v17,Entorhinal area,9,22,-13
LatentSpace_v17,Field CA1,6,25,-19
LatentSpace_v17,Field CA2,7,14,-7
LatentSpace_v17,Field CA3,5,8,-3
LatentSpace_v17,Dentate gyrus,6,3,3
LatentSpace_v17,Anterior cingulate area,34,39,-5
LatentSpace_v17,Infralimbic area,10,26,-16
LatentSpace_v17,Retrosplenial area,25,36,-11
LatentSpace_v17,Prelimbic area,29,35,-6
LatentSpace_v17,Primary auditory area,35,38,-3
LatentSpace_v17,Dorsal auditory area,35,38,-3
LatentSpace_v17,Ventral auditory area,36,38,-2
LatentSpace_v17,Agranular insular area,23,37,-14
LatentSpace_v17,Ectorhinal area,22,33,-11
LatentSpace_v17,Primary motor area,35,38,-3
LatentSpace_v17,Secondary motor area,35,38,-3
LatentSpace_v17,"Frontal pole, cerebral cortex",31,40,-9
LatentSpace_v17,Orbital area,24,35,-11
LatentSpace_v17,Posterior parietal association areas,33,38,-5
LatentSpace_v17,Perirhinal area,16,32,-16
LatentSpace_v17,Primary somatosensory area,28,35,-7
LatentSpace_v17,Supplemental somatosensory area,36,38,-2
LatentSpace_v17,Temporal association areas,29,33,-4
LatentSpace_v17,Visual areas,31,38,-7
LatentSpace_v17,Pallidum,7,6,1
LatentSpace_v17,Striatum ventral region,8,3,5
LatentSpace_v17,Lateral septal complex,7,4,3
LatentSpace_v17,Caudoputamen,3,3,0
LatentSpace_v17,Medial amygdalar nucleus,11,7,4
LatentSpace_v17,Hypothalamus,5,9,-4
LatentSpace_v17,Thalamus,1,1,0
LatentSpace_v17,Inferior colliculus,7,9,-2
LatentSpace_v17,"Superior colliculus, sensory related",4,10,-6
LatentSpace_v17,Midbrain raphe nuclei,11,12,-1
LatentSpace_v17,Midbrain-other,8,10,-2
LatentSpace_v17,Periaqueductal gray,8,11,-3
LatentSpace_v17,Pons,10,9,1
LatentSpace_v17,Medulla,11,9,2
LatentSpace_v17,Lingula (I),17,34,-17
LatentSpace_v17,Central lobule,26,34,-8
LatentSpace_v17,Culmen,24,34,-10
LatentSpace_v17,Declive (VI),23,28,-5
LatentSpace_v17,Folium-tuber vermis (VII),23,31,-8
LatentSpace_v17,Pyramus (VIII),23,32,-9
LatentSpace_v17,Uvula (IX),28,34,-6
LatentSpace_v17,Nodulus (X),21,35,-14
LatentSpace_v17,Simple lobule,23,29,-6
LatentSpace_v17,Crus 1,22,26,-4
LatentSpace_v17,Crus 2,22,27,-5
LatentSpace_v17,Paramedian lobule,23,33,-10
LatentSpace_v17,Copula pyramidis,26,34,-8
LatentSpace_v17,Flocculus,12,34,-22
LatentSpace_v17,Paraflocculus,8,36,-28
LatentSpace_v17,Cerebellar nuclei,14,11,3
LatentSpace_v18,Cortical subplate-other,8,15,-7
LatentSpace_v18,Claustrum,26,33,-7
LatentSpace_v18,Endopiriform nucleus,19,32,-13
LatentSpace_v18,Olfactory areas-other,13,33,-20
LatentSpace_v18,Postpiriform transition area,14,27,-13
LatentSpace_v18,Piriform area,22,34,-12
LatentSpace_v18,Taenia tecta,13,28,-15
LatentSpace_v18,Cortical amygdalar area,9,19,-10
LatentSpace_v18,Piriform-amygdalar area,15,28,-13
LatentSpace_v18,Main olfactory bulb,21,10,11
LatentSpace_v18,Accessory olfactory bulb,35,19,16
LatentSpace_v18,Anterior olfactory nucleus,13,32,-19
LatentSpace_v18,Subiculum,9,35,-26
LatentSpace_v18,Entorhinal area,17,22,-5
LatentSpace_v18,Field CA1,8,25,-17
LatentSpace_v18,Field CA2,10,14,-4
LatentSpace_v18,Field CA3,7,8,-1
LatentSpace_v18,Dentate gyrus,8,3,5
LatentSpace_v18,Anterior cingulate area,38,39,-1
LatentSpace_v18,Infralimbic area,12,26,-14
LatentSpace_v18,Retrosplenial area,28,36,-8
LatentSpace_v18,Prelimbic area,28,35,-7
LatentSpace_v18,Primary auditory area,37,38,-1
LatentSpace_v18,Dorsal auditory area,35,38,-3
LatentSpace_v18,Ventral auditory area,38,38,0
LatentSpace_v18,Agranular insular area,19,37,-18
LatentSpace_v18,Ectorhinal area,24,33,-9
LatentSpace_v18,Primary motor area,35,38,-3
LatentSpace_v18,Secondary motor area,37,38,-1
LatentSpace_v18,"Frontal pole, cerebral cortex",32,40,-8
LatentSpace_v18,Orbital area,27,35,-8
LatentSpace_v18,Posterior parietal association areas,35,38,-3
LatentSpace_v18,Perirhinal area,18,32,-14
LatentSpace_v18,Primary somatosensory area,35,35,0
LatentSpace_v18,Supplemental somatosensory area,37,38,-1
LatentSpace_v18,Temporal association areas,34,33,1
LatentSpace_v18,Visual areas,35,38,-3
LatentSpace_v18,Pallidum,7,6,1
LatentSpace_v18,Striatum ventral region,6,3,3
LatentSpace_v18,Lateral septal complex,6,4,2
LatentSpace_v18,Caudoputamen,3,3,0
LatentSpace_v18,Medial amygdalar nucleus,9,7,2
LatentSpace_v18,Hypothalamus,8,9,-1
LatentSpace_v18,Thalamus,1,1,0
LatentSpace_v18,Inferior colliculus,5,9,-4
LatentSpace_v18,"Superior colliculus, sensory related",4,10,-6
LatentSpace_v18,Midbrain raphe nuclei,13,12,1
LatentSpace_v18,Midbrain-other,11,10,1
LatentSpace_v18,Periaqueductal gray,10,11,-1
LatentSpace_v18,Pons,12,9,3
LatentSpace_v18,Medulla,10,9,1
LatentSpace_v18,Lingula (I),25,34,-9
LatentSpace_v18,Central lobule,29,34,-5
LatentSpace_v18,Culmen,24,34,-10
LatentSpace_v18,Declive (VI),23,28,-5
LatentSpace_v18,Folium-tuber vermis (VII),23,31,-8
LatentSpace_v18,Pyramus (VIII),25,32,-7
LatentSpace_v18,Uvula (IX),34,34,0
LatentSpace_v18,Nodulus (X),24,35,-11
LatentSpace_v18,Simple lobule,23,29,-6
LatentSpace_v18,Crus 1,23,26,-3
LatentSpace_v18,Crus 2,23,27,-4
LatentSpace_v18,Paramedian lobule,26,33,-7
LatentSpace_v18,Copula pyramidis,28,34,-6
LatentSpace_v18,Flocculus,32,34,-2
LatentSpace_v18,Paraflocculus,27,36,-9
LatentSpace_v18,Cerebellar nuclei,15,11,4
LatentSpace_v19,Cortical subplate-other,6,15,-9
LatentSpace_v19,Claustrum,15,33,-18
LatentSpace_v19,Endopiriform nucleus,9,32,-23
LatentSpace_v19,Olfactory areas-other,11,33,-22
LatentSpace_v19,Postpiriform transition area,8,27,-19
LatentSpace_v19,Piriform area,10,34,-24
LatentSpace_v19,Taenia tecta,8,28,-20
LatentSpace_v19,Cortical amygdalar area,3,19,-16
LatentSpace_v19,Piriform-amygdalar area,5,28,-23
LatentSpace_v19,Main olfactory bulb,33,10,23
LatentSpace_v19,Accessory olfactory bulb,21,19,2
LatentSpace_v19,Anterior olfactory nucleus,10,32,-22
LatentSpace_v19,Subiculum,3,35,-32
LatentSpace_v19,Entorhinal area,10,22,-12
LatentSpace_v19,Field CA1,6,25,-19
LatentSpace_v19,Field CA2,6,14,-8
LatentSpace_v19,Field CA3,5,8,-3
LatentSpace_v19,Dentate gyrus,6,3,3
LatentSpace_v19,Anterior cingulate area,37,39,-2
LatentSpace_v19,Infralimbic area,8,26,-18
LatentSpace_v19,Retrosplenial area,25,36,-11
LatentSpace_v19,Prelimbic area,26,35,-9
LatentSpace_v19,Primary auditory area,37,38,-1
LatentSpace_v19,Dorsal auditory area,35,38,-3
LatentSpace_v19,Ventral auditory area,36,38,-2
LatentSpace_v19,Agranular insular area,21,37,-16
LatentSpace_v19,Ectorhinal area,21,33,-12
LatentSpace_v19,Primary motor area,35,38,-3
LatentSpace_v19,Secondary motor area,35,38,-3
LatentSpace_v19,"Frontal pole, cerebral cortex",29,40,-11
LatentSpace_v19,Orbital area,21,35,-14
LatentSpace_v19,Posterior parietal association areas,34,38,-4
LatentSpace_v19,Perirhinal area,16,32,-16
LatentSpace_v19,Primary somatosensory area,32,35,-3
LatentSpace_v19,Supplemental somatosensory area,36,38,-2
LatentSpace_v19,Temporal association areas,25,33,-8
LatentSpace_v19,Visual areas,35,38,-3
LatentSpace_v19,Pallidum,7,6,1
LatentSpace_v19,Striatum ventral region,6,3,3
LatentSpace_v19,Lateral septal complex,7,4,3
LatentSpace_v19,Caudoputamen,3,3,0
LatentSpace_v19,Medial amygdalar nucleus,9,7,2
LatentSpace_v19,Hypothalamus,5,9,-4
LatentSpace_v19,Thalamus,4,1,3
LatentSpace_v19,Inferior colliculus,4,9,-5
LatentSpace_v19,"Superior colliculus, sensory related",6,10,-4
LatentSpace_v19,Midbrain raphe nuclei,14,12,2
LatentSpace_v19,Midbrain-other,10,10,0
LatentSpace_v19,Periaqueductal gray,11,11,0
LatentSpace_v19,Pons,9,9,0
LatentSpace_v19,Medulla,11,9,2
LatentSpace_v19,Lingula (I),15,34,-19
LatentSpace_v19,Central lobule,21,34,-13
LatentSpace_v19,Culmen,26,34,-8
LatentSpace_v19,Declive (VI),23,28,-5
LatentSpace_v19,Folium-tuber vermis (VII),24,31,-7
LatentSpace_v19,Pyramus (VIII),27,32,-5
LatentSpace_v19,Uvula (IX),33,34,-1
LatentSpace_v19,Nodulus (X),29,35,-6
LatentSpace_v19,Simple lobule,22,29,-7
LatentSpace_v19,Crus 1,22,26,-4
LatentSpace_v19,Crus 2,22,27,-5
LatentSpace_v19,Paramedian lobule,23,33,-10
LatentSpace_v19,Copula pyramidis,25,34,-9
LatentSpace_v19,Flocculus,31,34,-3
LatentSpace_v19,Paraflocculus,25,36,-11
LatentSpace_v19,Cerebellar nuclei,12,11,1
LatentSpace_v20,Cortical subplate-other,11,15,-4
LatentSpace_v20,Claustrum,25,33,-8
LatentSpace_v20,Endopiriform nucleus,12,32,-20
LatentSpace_v20,Olfactory areas-other,18,33,-15
LatentSpace_v20,Postpiriform transition area,11,27,-16
LatentSpace_v20,Piriform area,15,34,-19
LatentSpace_v20,Taenia tecta,13,28,-15
LatentSpace_v20,Cortical amygdalar area,7,19,-12
LatentSpace_v20,Piriform-amygdalar area,8,28,-20
LatentSpace_v20,Main olfactory bulb,15,10,5
LatentSpace_v20,Accessory olfactory bulb,7,19,-12
LatentSpace_v20,Anterior olfactory nucleus,13,32,-19
LatentSpace_v20,Subiculum,9,35,-26
LatentSpace_v20,Entorhinal area,11,22,-11
LatentSpace_v20,Field CA1,8,25,-17
LatentSpace_v20,Field CA2,7,14,-7
LatentSpace_v20,Field CA3,7,8,-1
LatentSpace_v20,Dentate gyrus,8,3,5
LatentSpace_v20,Anterior cingulate area,35,39,-4
LatentSpace_v20,Infralimbic area,12,26,-14
LatentSpace_v20,Retrosplenial area,25,36,-11
LatentSpace_v20,Prelimbic area,27,35,-8
LatentSpace_v20,Primary auditory area,35,38,-3
LatentSpace_v20,Dorsal auditory area,34,38,-4
LatentSpace_v20,Ventral auditory area,36,38,-2
LatentSpace_v20,Agranular insular area,23,37,-14
LatentSpace_v20,Ectorhinal area,23,33,-10
LatentSpace_v20,Primary motor area,35,38,-3
LatentSpace_v20,Secondary motor area,37,38,-1
LatentSpace_v20,"Frontal pole, cerebral cortex",26,40,-14
LatentSpace_v20,Orbital area,20,35,-15
LatentSpace_v20,Posterior parietal association areas,35,38,-3
LatentSpace_v20,Perirhinal area,16,32,-16
LatentSpace_v20,Primary somatosensory area,28,35,-7
LatentSpace_v20,Supplemental somatosensory area,35,38,-3
LatentSpace_v20,Temporal association areas,29,33,-4
LatentSpace_v20,Visual areas,30,38,-8
LatentSpace_v20,Pallidum,7,6,1
LatentSpace_v20,Striatum ventral region,7,3,4
LatentSpace_v20,Lateral septal complex,11,4,7
LatentSpace_v20,Caudoputamen,3,3,0
LatentSpace_v20,Medial amygdalar nucleus,10,7,3
LatentSpace_v20,Hypothalamus,5,9,-4
LatentSpace_v20,Thalamus,8,1,7
LatentSpace_v20,Inferior colliculus,5,9,-4
LatentSpace_v20,"Superior colliculus, sensory related",4,10,-6
LatentSpace_v20,Midbrain raphe nuclei,14,12,2
LatentSpace_v20,Midbrain-other,10,10,0
LatentSpace_v20,Periaqueductal gray,10,11,-1
LatentSpace_v20,Pons,9,9,0
LatentSpace_v20,Medulla,19,9,10
LatentSpace_v20,Lingula (I),6,34,-28
LatentSpace_v20,Central lobule,4,34,-30
LatentSpace_v20,Culmen,9,34,-25
LatentSpace_v20,Declive (VI),24,28,-4
LatentSpace_v20,Folium-tuber vermis (VII),23,31,-8
LatentSpace_v20,Pyramus (VIII),26,32,-6
LatentSpace_v20,Uvula (IX),32,34,-2
LatentSpace_v20,Nodulus (X),18,35,-17
LatentSpace_v20,Simple lobule,26,29,-3
LatentSpace_v20,Crus 1,22,26,-4
LatentSpace_v20,Crus 2,23,27,-4
LatentSpace_v20,Paramedian lobule,23,33,-10
LatentSpace_v20,Copula pyramidis,24,34,-10
LatentSpace_v20,Flocculus,32,34,-2
LatentSpace_v20,Paraflocculus,24,36,-12
LatentSpace_v20,Cerebellar nuclei,11,11,0
LatentSpace_v21,Cortical subplate-other,13,15,-2
LatentSpace_v21,Claustrum,23,33,-10
LatentSpace_v21,Endopiriform nucleus,17,32,-15
LatentSpace_v21,Olfactory areas-other,15,33,-18
LatentSpace_v21,Postpiriform transition area,13,27,-14
LatentSpace_v21,Piriform area,17,34,-17
LatentSpace_v21,Taenia tecta,11,28,-17
LatentSpace_v21,Cortical amygdalar area,12,19,-7
LatentSpace_v21,Piriform-amygdalar area,15,28,-13
LatentSpace_v21,Main olfactory bulb,4,10,-6
LatentSpace_v21,Accessory olfactory bulb,37,19,18
LatentSpace_v21,Anterior olfactory nucleus,9,32,-23
LatentSpace_v21,Subiculum,9,35,-26
LatentSpace_v21,Entorhinal area,18,22,-4
LatentSpace_v21,Field CA1,8,25,-17
LatentSpace_v21,Field CA2,8,14,-6
LatentSpace_v21,Field CA3,9,8,1
LatentSpace_v21,Dentate gyrus,9,3,6
LatentSpace_v21,Anterior cingulate area,33,39,-6
LatentSpace_v21,Infralimbic area,12,26,-14
LatentSpace_v21,Retrosplenial area,23,36,-13
LatentSpace_v21,Prelimbic area,28,35,-7
LatentSpace_v21,Primary auditory area,35,38,-3
LatentSpace_v21,Dorsal auditory area,35,38,-3
LatentSpace_v21,Ventral auditory area,37,38,-1
LatentSpace_v21,Agranular insular area,23,37,-14
LatentSpace_v21,Ectorhinal area,23,33,-10
LatentSpace_v21,Primary motor area,35,38,-3
LatentSpace_v21,Secondary motor area,35,38,-3
LatentSpace_v21,"Frontal pole, cerebral cortex",29,40,-11
LatentSpace_v21,Orbital area,21,35,-14
LatentSpace_v21,Posterior parietal association areas,31,38,-7
LatentSpace_v21,Perirhinal area,18,32,-14
LatentSpace_v21,Primary somatosensory area,29,35,-6
LatentSpace_v21,Supplemental somatosensory area,35,38,-3
LatentSpace_v21,Temporal association areas,30,33,-3
LatentSpace_v21,Visual areas,30,38,-8
LatentSpace_v21,Pallidum,7,6,1
LatentSpace_v21,Striatum ventral region,5,3,2
LatentSpace_v21,Lateral septal complex,10,4,6
LatentSpace_v21,Caudoputamen,3,3,0
LatentSpace_v21,Medial amygdalar nucleus,14,7,7
LatentSpace_v21,Hypothalamus,13,9,4
LatentSpace_v21,Thalamus,8,1,7
LatentSpace_v21,Inferior colliculus,10,9,1
LatentSpace_v21,"Superior colliculus, sensory related",8,10,-2
LatentSpace_v21,Midbrain raphe nuclei,15,12,3
LatentSpace_v21,Midbrain-other,12,10,2
LatentSpace_v21,Periaqueductal gray,14,11,3
LatentSpace_v21,Pons,11,9,2
LatentSpace_v21,Medulla,6,9,-3
LatentSpace_v21,Lingula (I),17,34,-17
LatentSpace_v21,Central lobule,25,34,-9
LatentSpace_v21,Culmen,25,34,-9
LatentSpace_v21,Declive (VI),22,28,-6
LatentSpace_v21,Folium-tuber vermis (VII),23,31,-8
LatentSpace_v21,Pyramus (VIII),24,32,-8
LatentSpace_v21,Uvula (IX),26,34,-8
LatentSpace_v21,Nodulus (X),17,35,-18
LatentSpace_v21,Simple lobule,23,29,-6
LatentSpace_v21,Crus 1,21,26,-5
LatentSpace_v21,Crus 2,21,27,-6
LatentSpace_v21,Paramedian lobule,21,33,-12
LatentSpace_v21,Copula pyramidis,23,34,-11
LatentSpace_v21,Flocculus,14,34,-20
LatentSpace_v21,Paraflocculus,33,36,-3
LatentSpace_v21,Cerebellar nuclei,22,11,11
LatentSpace_v22,Cortical subplate-other,9,15,-6
LatentSpace_v22,Claustrum,23,33,-10
LatentSpace_v22,Endopiriform nucleus,17,32,-15
LatentSpace_v22,Olfactory areas-other,12,33,-21
LatentSpace_v22,Postpiriform transition area,8,27,-19
LatentSpace_v22,Piriform area,17,34,-17
LatentSpace_v22,Taenia tecta,13,28,-15
LatentSpace_v22,Cortical amygdalar area,7,19,-12
LatentSpace_v22,Piriform-amygdalar area,6,28,-22
LatentSpace_v22,Main olfactory bulb,23,10,13
LatentSpace_v22,Accessory olfactory bulb,18,19,-1
LatentSpace_v22,Anterior olfactory nucleus,10,32,-22
LatentSpace_v22,Subiculum,3,35,-32
LatentSpace_v22,Entorhinal area,10,22,-12
LatentSpace_v22,Field CA1,6,25,-19
LatentSpace_v22,Field CA2,8,14,-6
LatentSpace_v22,Field CA3,6,8,-2
LatentSpace_v22,Dentate gyrus,8,3,5
LatentSpace_v22,Anterior cingulate area,36,39,-3
LatentSpace_v22,Infralimbic area,9,26,-17
LatentSpace_v22,Retrosplenial area,22,36,-14
LatentSpace_v22,Prelimbic area,27,35,-8
LatentSpace_v22,Primary auditory area,36,38,-2
LatentSpace_v22,Dorsal auditory area,35,38,-3
LatentSpace_v22,Ventral auditory area,36,38,-2
LatentSpace_v22,Agranular insular area,25,37,-12
LatentSpace_v22,Ectorhinal area,22,33,-11
LatentSpace_v22,Primary motor area,35,38,-3
LatentSpace_v22,Secondary motor area,36,38,-2
LatentSpace_v22,"Frontal pole, cerebral cortex",32,40,-8
LatentSpace_v22,Orbital area,28,35,-7
LatentSpace_v22,Posterior parietal association areas,33,38,-5
LatentSpace_v22,Perirhinal area,16,32,-16
LatentSpace_v22,Primary somatosensory area,31,35,-4
LatentSpace_v22,Supplemental somatosensory area,36,38,-2
LatentSpace_v22,Temporal association areas,26,33,-7
LatentSpace_v22,Visual areas,31,38,-7
LatentSpace_v22,Pallidum,7,6,1
LatentSpace_v22,Striatum ventral region,6,3,3
LatentSpace_v22,Lateral septal complex,6,4,2
LatentSpace_v22,Caudoputamen,3,3,0
LatentSpace_v22,Medial amygdalar nucleus,12,7,5
LatentSpace_v22,Hypothalamus,5,9,-4
LatentSpace_v22,Thalamus,9,1,8
LatentSpace_v22,Inferior colliculus,10,9,1
LatentSpace_v22,"Superior colliculus, sensory related",10,10,0
LatentSpace_v22,Midbrain raphe nuclei,14,12,2
LatentSpace_v22,Midbrain-other,12,10,2
LatentSpace_v22,Periaqueductal gray,13,11,2
LatentSpace_v22,Pons,8,9,-1
LatentSpace_v22,Medulla,11,9,2
LatentSpace_v22,Lingula (I),13,34,-21
LatentSpace_v22,Central lobule,9,34,-25
LatentSpace_v22,Culmen,29,34,-5
LatentSpace_v22,Declive (VI),22,28,-6
LatentSpace_v22,Folium-tuber vermis (VII),23,31,-8
LatentSpace_v22,Pyramus (VIII),23,32,-9
LatentSpace_v22,Uvula (IX),29,34,-5
LatentSpace_v22,Nodulus (X),19,35,-16
LatentSpace_v22,Simple lobule,21,29,-8
LatentSpace_v22,Crus 1,21,26,-5
LatentSpace_v22,Crus 2,21,27,-6
LatentSpace_v22,Paramedian lobule,23,33,-10
LatentSpace_v22,Copula pyramidis,23,34,-11
LatentSpace_v22,Flocculus,24,34,-10
LatentSpace_v22,Paraflocculus,23,36,-13
LatentSpace_v22,Cerebellar nuclei,13,11,2
LatentSpace_v23,Cortical subplate-other,10,15,-5
LatentSpace_v23,Claustrum,22,33,-11
LatentSpace_v23,Endopiriform nucleus,11,32,-21
LatentSpace_v23,Olfactory areas-other,22,33,-11
LatentSpace_v23,Postpiriform transition area,13,27,-14
LatentSpace_v23,Piriform area,15,34,-19
LatentSpace_v23,Taenia tecta,14,28,-14
LatentSpace_v23,Cortical amygdalar area,11,19,-8
LatentSpace_v23,Piriform-amygdalar area,13,28,-15
LatentSpace_v23,Main olfactory bulb,8,10,-2
LatentSpace_v23,Accessory olfactory bulb,21,19,2
LatentSpace_v23,Anterior olfactory nucleus,21,32,-11
LatentSpace_v23,Subiculum,4,35,-31
LatentSpace_v23,Entorhinal area,14,22,-8
LatentSpace_v23,Field CA1,7,25,-18
LatentSpace_v23,Field CA2,6,14,-8
LatentSpace_v23,Field CA3,8,8,0
LatentSpace_v23,Dentate gyrus,9,3,6
LatentSpace_v23,Anterior cingulate area,35,39,-4
LatentSpace_v23,Infralimbic area,11,26,-15
LatentSpace_v23,Retrosplenial area,24,36,-12
LatentSpace_v23,Prelimbic area,26,35,-9
LatentSpace_v23,Primary auditory area,35,38,-3
LatentSpace_v23,Dorsal auditory area,32,38,-6
LatentSpace_v23,Ventral auditory area,35,38,-3
LatentSpace_v23,Agranular insular area,23,37,-14
LatentSpace_v23,Ectorhinal area,24,33,-9
LatentSpace_v23,Primary motor area,34,38,-4
LatentSpace_v23,Secondary motor area,33,38,-5
LatentSpace_v23,"Frontal pole, cerebral cortex",26,40,-14
LatentSpace_v23,Orbital area,24,35,-11
LatentSpace_v23,Posterior parietal association areas,33,38,-5
LatentSpace_v23,Perirhinal area,19,32,-13
LatentSpace_v23,Primary somatosensory area,26,35,-9
LatentSpace_v23,Supplemental somatosensory area,35,38,-3
LatentSpace_v23,Temporal association areas,31,33,-2
LatentSpace_v23,Visual areas,31,38,-7
LatentSpace_v23,Pallidum,5,6,-1
LatentSpace_v23,Striatum ventral region,5,3,2
LatentSpace_v23,Lateral septal complex,11,4,7
LatentSpace_v23,Caudoputamen,3,3,0
LatentSpace_v23,Medial amygdalar nucleus,11,7,4
LatentSpace_v23,Hypothalamus,9,9,0
LatentSpace_v23,Thalamus,11,1,10
LatentSpace_v23,Inferior colliculus,6,9,-3
LatentSpace_v23,"Superior colliculus, sensory related",6,10,-4
LatentSpace_v23,Midbrain raphe nuclei,14,12,2
LatentSpace_v23,Midbrain-other,13,10,3
LatentSpace_v23,Periaqueductal gray,13,11,2
LatentSpace_v23,Pons,8,9,-1
LatentSpace_v23,Medulla,10,9,1
LatentSpace_v23,Lingula (I),13,34,-21
LatentSpace_v23,Central lobule,9,34,-25
LatentSpace_v23,Culmen,28,34,-6
LatentSpace_v23,Declive (VI),22,28,-6
LatentSpace_v23,Folium-tuber vermis (VII),23,31,-8
LatentSpace_v23,Pyramus (VIII),23,32,-9
LatentSpace_v23,Uvula (IX),33,34,-1
LatentSpace_v23,Nodulus (X),19,35,-16
LatentSpace_v23,Simple lobule,22,29,-7
LatentSpace_v23,Crus 1,21,26,-5
LatentSpace_v23,Crus 2,22,27,-5
LatentSpace_v23,Paramedian lobule,23,33,-10
LatentSpace_v23,Copula pyramidis,26,34,-8
LatentSpace_v23,Flocculus,31,34,-3
LatentSpace_v23,Paraflocculus,24,36,-12
LatentSpace_v23,Cerebellar nuclei,11,11,0
LatentSpace_v24,Cortical subplate-other,9,15,-6
LatentSpace_v24,Claustrum,23,33,-10
LatentSpace_v24,Endopiriform nucleus,9,32,-23
LatentSpace_v24,Olfactory areas-other,18,33,-15
LatentSpace_v24,Postpiriform transition area,12,27,-15
LatentSpace_v24,Piriform area,12,34,-22
LatentSpace_v24,Taenia tecta,11,28,-17
LatentSpace_v24,Cortical amygdalar area,9,19,-10
LatentSpace_v24,Piriform-amygdalar area,12,28,-16
LatentSpace_v24,Main olfactory bulb,7,10,-3
LatentSpace_v24,Accessory olfactory bulb,30,19,11
LatentSpace_v24,Anterior olfactory nucleus,15,32,-17
LatentSpace_v24,Subiculum,4,35,-31
LatentSpace_v24,Entorhinal area,16,22,-6
LatentSpace_v24,Field CA1,7,25,-18
LatentSpace_v24,Field CA2,6,14,-8
LatentSpace_v24,Field CA3,6,8,-2
LatentSpace_v24,Dentate gyrus,9,3,6
LatentSpace_v24,Anterior cingulate area,39,39,0
LatentSpace_v24,Infralimbic area,11,26,-15
LatentSpace_v24,Retrosplenial area,31,36,-5
LatentSpace_v24,Prelimbic area,27,35,-8
LatentSpace_v24,Primary auditory area,35,38,-3
LatentSpace_v24,Dorsal auditory area,35,38,-3
LatentSpace_v24,Ventral auditory area,38,38,0
LatentSpace_v24,Agranular insular area,23,37,-14
LatentSpace_v24,Ectorhinal area,24,33,-9
LatentSpace_v24,Primary motor area,35,38,-3
LatentSpace_v24,Secondary motor area,36,38,-2
LatentSpace_v24,"Frontal pole, cerebral cortex",36,40,-4
LatentSpace_v24,Orbital area,23,35,-12
LatentSpace_v24,Posterior parietal association areas,35,38,-3
LatentSpace_v24,Perirhinal area,19,32,-13
LatentSpace_v24,Primary somatosensory area,28,35,-7
LatentSpace_v24,Supplemental somatosensory area,35,38,-3
LatentSpace_v24,Temporal association areas,31,33,-2
LatentSpace_v24,Visual areas,35,38,-3
LatentSpace_v24,Pallidum,8,6,2
LatentSpace_v24,Striatum ventral region,5,3,2
LatentSpace_v24,Lateral septal complex,8,4,4
LatentSpace_v24,Caudoputamen,3,3,0
LatentSpace_v24,Medial amygdalar nucleus,11,7,4
LatentSpace_v24,Hypothalamus,9,9,0
LatentSpace_v24,Thalamus,11,1,10
LatentSpace_v24,Inferior colliculus,6,9,-3
LatentSpace_v24,"Superior colliculus, sensory related",4,10,-6
LatentSpace_v24,Midbrain raphe nuclei,14,12,2
LatentSpace_v24,Midbrain-other,12,10,2
LatentSpace_v24,Periaqueductal gray,14,11,3
LatentSpace_v24,Pons,10,9,1
LatentSpace_v24,Medulla,10,9,1
LatentSpace_v24,Lingula (I),13,34,-21
LatentSpace_v24,Central lobule,20,34,-14
LatentSpace_v24,Culmen,28,34,-6
LatentSpace_v24,Declive (VI),23,28,-5
LatentSpace_v24,Folium-tuber vermis (VII),24,31,-7
LatentSpace_v24,Pyramus (VIII),26,32,-6
LatentSpace_v24,Uvula (IX),34,34,0
LatentSpace_v24,Nodulus (X),34,35,-1
LatentSpace_v24,Simple lobule,23,29,-6
LatentSpace_v24,Crus 1,23,26,-3
LatentSpace_v24,Crus 2,23,27,-4
LatentSpace_v24,Paramedian lobule,23,33,-10
LatentSpace_v24,Copula pyramidis,23,34,-11
LatentSpace_v24,Flocculus,27,34,-7
LatentSpace_v24,Paraflocculus,28,36,-8
LatentSpace_v24,Cerebellar nuclei,14,11,3
LatentSpace_v25,Cortical subplate-other,5,15,-10
LatentSpace_v25,Claustrum,24,33,-9
LatentSpace_v25,Endopiriform nucleus,15,32,-17
LatentSpace_v25,Olfactory areas-other,17,33,-16
LatentSpace_v25,Postpiriform transition area,15,27,-12
LatentSpace_v25,Piriform area,20,34,-14
LatentSpace_v25,Taenia tecta,13,28,-15
LatentSpace_v25,Cortical amygdalar area,7,19,-12
LatentSpace_v25,Piriform-amygdalar area,16,28,-12
LatentSpace_v25,Main olfactory bulb,44,10,34
LatentSpace_v25,Accessory olfactory bulb,27,19,8
LatentSpace_v25,Anterior olfactory nucleus,13,32,-19
LatentSpace_v25,Subiculum,3,35,-32
LatentSpace_v25,Entorhinal area,17,22,-5
LatentSpace_v25,Field CA1,7,25,-18
LatentSpace_v25,Field CA2,19,14,5
LatentSpace_v25,Field CA3,6,8,-2
LatentSpace_v25,Dentate gyrus,7,3,4
LatentSpace_v25,Anterior cingulate area,39,39,0
LatentSpace_v25,Infralimbic area,12,26,-14
LatentSpace_v25,Retrosplenial area,25,36,-11
LatentSpace_v25,Prelimbic area,30,35,-5
LatentSpace_v25,Primary auditory area,36,38,-2
LatentSpace_v25,Dorsal auditory area,35,38,-3
LatentSpace_v25,Ventral auditory area,37,38,-1
LatentSpace_v25,Agranular insular area,29,37,-8
LatentSpace_v25,Ectorhinal area,24,33,-9
LatentSpace_v25,Primary motor area,35,38,-3
LatentSpace_v25,Secondary motor area,37,38,-1
LatentSpace_v25,"Frontal pole, cerebral cortex",36,40,-4
LatentSpace_v25,Orbital area,28,35,-7
LatentSpace_v25,Posterior parietal association areas,35,38,-3
LatentSpace_v25,Perirhinal area,23,32,-9
LatentSpace_v25,Primary somatosensory area,24,35,-11
LatentSpace_v25,Supplemental somatosensory area,36,38,-2
LatentSpace_v25,Temporal association areas,33,33,0
LatentSpace_v25,Visual areas,33,38,-5
LatentSpace_v25,Pallidum,7,6,1
LatentSpace_v25,Striatum ventral region,7,3,4
LatentSpace_v25,Lateral septal complex,8,4,4
LatentSpace_v25,Caudoputamen,3,3,0
LatentSpace_v25,Medial amygdalar nucleus,5,7,-2
LatentSpace_v25,Hypothalamus,6,9,-3
LatentSpace_v25,Thalamus,7,1,6
LatentSpace_v25,Inferior colliculus,10,9,1
LatentSpace_v25,"Superior colliculus, sensory related",13,10,3
LatentSpace_v25,Midbrain raphe nuclei,13,12,1
LatentSpace_v25,Midbrain-other,14,10,4
LatentSpace_v25,Periaqueductal gray,13,11,2
LatentSpace_v25,Pons,11,9,2
LatentSpace_v25,Medulla,9,9,0
LatentSpace_v25,Lingula (I),22,34,-12
LatentSpace_v25,Central lobule,31,34,-3
LatentSpace_v25,Culmen,28,34,-6
LatentSpace_v25,Declive (VI),23,28,-5
LatentSpace_v25,Folium-tuber vermis (VII),25,31,-6
LatentSpace_v25,Pyramus (VIII),28,32,-4
LatentSpace_v25,Uvula (IX),34,34,0
LatentSpace_v25,Nodulus (X),34,35,-1
LatentSpace_v25,Simple lobule,23,29,-6
LatentSpace_v25,Crus 1,21,26,-5
LatentSpace_v25,Crus 2,21,27,-6
LatentSpace_v25,Paramedian lobule,24,33,-9
LatentSpace_v25,Copula pyramidis,27,34,-7
LatentSpace_v25,Flocculus,32,34,-2
LatentSpace_v25,Paraflocculus,29,36,-7
LatentSpace_v25,Cerebellar nuclei,33,11,22
LatentSpace_v26,Cortical subplate-other,11,15,-4
LatentSpace_v26,Claustrum,22,33,-11
LatentSpace_v26,Endopiriform nucleus,11,32,-21
LatentSpace_v26,Olfactory areas-other,13,33,-20
LatentSpace_v26,Postpiriform transition area,11,27,-16
LatentSpace_v26,Piriform area,17,34,-17
LatentSpace_v26,Taenia tecta,12,28,-16
LatentSpace_v26,Cortical amygdalar area,10,19,-9
LatentSpace_v26,Piriform-amygdalar area,12,28,-16
LatentSpace_v26,Main olfactory bulb,32,10,22
LatentSpace_v26,Accessory olfactory bulb,27,19,8
LatentSpace_v26,Anterior olfactory nucleus,12,32,-20
LatentSpace_v26,Subiculum,4,35,-31
LatentSpace_v26,Entorhinal area,6,22,-16
LatentSpace_v26,Field CA1,8,25,-17
LatentSpace_v26,Field CA2,8,14,-6
LatentSpace_v26,Field CA3,8,8,0
LatentSpace_v26,Dentate gyrus,7,3,4
LatentSpace_v26,Anterior cingulate area,35,39,-4
LatentSpace_v26,Infralimbic area,12,26,-14
LatentSpace_v26,Retrosplenial area,23,36,-13
LatentSpace_v26,Prelimbic area,29,35,-6
LatentSpace_v26,Primary auditory area,35,38,-3
LatentSpace_v26,Dorsal auditory area,35,38,-3
LatentSpace_v26,Ventral auditory area,38,38,0
LatentSpace_v26,Agranular insular area,24,37,-13
LatentSpace_v26,Ectorhinal area,23,33,-10
LatentSpace_v26,Primary motor area,35,38,-3
LatentSpace_v26,Secondary motor area,37,38,-1
LatentSpace_v26,"Frontal pole, cerebral cortex",32,40,-8
LatentSpace_v26,Orbital area,24,35,-11
LatentSpace_v26,Posterior parietal association areas,35,38,-3
LatentSpace_v26,Perirhinal area,17,32,-15
LatentSpace_v26,Primary somatosensory area,31,35,-4
LatentSpace_v26,Supplemental somatosensory area,37,38,-1
LatentSpace_v26,Temporal association areas,36,33,3
LatentSpace_v26,Visual areas,31,38,-7
LatentSpace_v26,Pallidum,7,6,1
LatentSpace_v26,Striatum ventral region,5,3,2
LatentSpace_v26,Lateral septal complex,10,4,6
LatentSpace_v26,Caudoputamen,3,3,0
LatentSpace_v26,Medial amygdalar nucleus,11,7,4
LatentSpace_v26,Hypothalamus,4,9,-5
LatentSpace_v26,Thalamus,3,1,2
LatentSpace_v26,Inferior colliculus,10,9,1
LatentSpace_v26,"Superior colliculus, sensory related",5,10,-5
LatentSpace_v26,Midbrain raphe nuclei,15,12,3
LatentSpace_v26,Midbrain-other,11,10,1
LatentSpace_v26,Periaqueductal gray,12,11,1
LatentSpace_v26,Pons,10,9,1
LatentSpace_v26,Medulla,13,9,4
LatentSpace_v26,Lingula (I),13,34,-21
LatentSpace_v26,Central lobule,8,34,-26
LatentSpace_v26,Culmen,30,34,-4
LatentSpace_v26,Declive (VI),22,28,-6
LatentSpace_v26,Folium-tuber vermis (VII),23,31,-8
LatentSpace_v26,Pyramus (VIII),23,32,-9
LatentSpace_v26,Uvula (IX),31,34,-3
LatentSpace_v26,Nodulus (X),19,35,-16
LatentSpace_v26,Simple lobule,22,29,-7
LatentSpace_v26,Crus 1,22,26,-4
LatentSpace_v26,Crus 2,22,27,-5
LatentSpace_v26,Paramedian lobule,23,33,-10
LatentSpace_v26,Copula pyramidis,23,34,-11
LatentSpace_v26,Flocculus,32,34,-2
LatentSpace_v26,Paraflocculus,27,36,-9
LatentSpace_v26,Cerebellar nuclei,17,11,6
LatentSpace_v27,Cortical subplate-other,11,15,-4
LatentSpace_v27,Claustrum,26,33,-7
LatentSpace_v27,Endopiriform nucleus,16,32,-16
LatentSpace_v27,Olfactory areas-other,10,33,-23
LatentSpace_v27,Postpiriform transition area,10,27,-17
LatentSpace_v27,Piriform area,15,34,-19
LatentSpace_v27,Taenia tecta,12,28,-16
LatentSpace_v27,Cortical amygdalar area,7,19,-12
LatentSpace_v27,Piriform-amygdalar area,7,28,-21
LatentSpace_v27,Main olfactory bulb,14,10,4
LatentSpace_v27,Accessory olfactory bulb,40,19,21
LatentSpace_v27,Anterior olfactory nucleus,18,32,-14
LatentSpace_v27,Subiculum,6,35,-29
LatentSpace_v27,Entorhinal area,15,22,-7
LatentSpace_v27,Field CA1,17,25,-8
LatentSpace_v27,Field CA2,20,14,6
LatentSpace_v27,Field CA3,5,8,-3
LatentSpace_v27,Dentate gyrus,6,3,3
LatentSpace_v27,Anterior cingulate area,35,39,-4
LatentSpace_v27,Infralimbic area,11,26,-15
LatentSpace_v27,Retrosplenial area,22,36,-14
LatentSpace_v27,Prelimbic area,24,35,-11
LatentSpace_v27,Primary auditory area,35,38,-3
LatentSpace_v27,Dorsal auditory area,35,38,-3
LatentSpace_v27,Ventral auditory area,37,38,-1
LatentSpace_v27,Agranular insular area,15,37,-22
LatentSpace_v27,Ectorhinal area,23,33,-10
LatentSpace_v27,Primary motor area,35,38,-3
LatentSpace_v27,Secondary motor area,36,38,-2
LatentSpace_v27,"Frontal pole, cerebral cortex",25,40,-15
LatentSpace_v27,Orbital area,23,35,-12
LatentSpace_v27,Posterior parietal association areas,30,38,-8
LatentSpace_v27,Perirhinal area,20,32,-12
LatentSpace_v27,Primary somatosensory area,31,35,-4
LatentSpace_v27,Supplemental somatosensory area,36,38,-2
LatentSpace_v27,Temporal association areas,29,33,-4
LatentSpace_v27,Visual areas,33,38,-5
LatentSpace_v27,Pallidum,5,6,-1
LatentSpace_v27,Striatum ventral region,4,3,1
LatentSpace_v27,Lateral septal complex,5,4,1
LatentSpace_v27,Caudoputamen,3,3,0
LatentSpace_v27,Medial amygdalar nucleus,10,7,3
LatentSpace_v27,Hypothalamus,7,9,-2
LatentSpace_v27,Thalamus,6,1,5
LatentSpace_v27,Inferior colliculus,10,9,1
LatentSpace_v27,"Superior colliculus, sensory related",6,10,-4
LatentSpace_v27,Midbrain raphe nuclei,14,12,2
LatentSpace_v27,Midbrain-other,12,10,2
LatentSpace_v27,Periaqueductal gray,8,11,-3
LatentSpace_v27,Pons,11,9,2
LatentSpace_v27,Medulla,10,9,1
LatentSpace_v27,Lingula (I),22,34,-12
LatentSpace_v27,Central lobule,26,34,-8
LatentSpace_v27,Culmen,23,34,-11
LatentSpace_v27,Declive (VI),23,28,-5
LatentSpace_v27,Folium-tuber vermis (VII),23,31,-8
LatentSpace_v27,Pyramus (VIII),25,32,-7
LatentSpace_v27,Uvula (IX),32,34,-2
LatentSpace_v27,Nodulus (X),17,35,-18
LatentSpace_v27,Simple lobule,22,29,-7
LatentSpace_v27,Crus 1,22,26,-4
LatentSpace_v27,Crus 2,22,27,-5
LatentSpace_v27,Paramedian lobule,23,33,-10
LatentSpace_v27,Copula pyramidis,28,34,-6
LatentSpace_v27,Flocculus,16,34,-18
LatentSpace_v27,Paraflocculus,23,36,-13
LatentSpace_v27,Cerebellar nuclei,29,11,18
LatentSpace_v28,Cortical subplate-other,7,15,-8
LatentSpace_v28,Claustrum,26,33,-7
LatentSpace_v28,Endopiriform nucleus,15,32,-17
LatentSpace_v28,Olfactory areas-other,11,33,-22
LatentSpace_v28,Postpiriform transition area,5,27,-22
LatentSpace_v28,Piriform area,15,34,-19
LatentSpace_v28,Taenia tecta,12,28,-16
LatentSpace_v28,Cortical amygdalar area,2,19,-17
LatentSpace_v28,Piriform-amygdalar area,4,28,-24
LatentSpace_v28,Main olfactory bulb,25,10,15
LatentSpace_v28,Accessory olfactory bulb,55,19,36
LatentSpace_v28,Anterior olfactory nucleus,9,32,-23
LatentSpace_v28,Subiculum,6,35,-29
LatentSpace_v28,Entorhinal area,19,22,-3
LatentSpace_v28,Field CA1,8,25,-17
LatentSpace_v28,Field CA2,15,14,1
LatentSpace_v28,Field CA3,6,8,-2
LatentSpace_v28,Dentate gyrus,6,3,3
LatentSpace_v28,Anterior cingulate area,38,39,-1
LatentSpace_v28,Infralimbic area,9,26,-17
LatentSpace_v28,Retrosplenial area,27,36,-9
LatentSpace_v28,Prelimbic area,28,35,-7
LatentSpace_v28,Primary auditory area,35,38,-3
LatentSpace_v28,Dorsal auditory area,35,38,-3
LatentSpace_v28,Ventral auditory area,37,38,-1
LatentSpace_v28,Agranular insular area,22,37,-15
LatentSpace_v28,Ectorhinal area,24,33,-9
LatentSpace_v28,Primary motor area,35,38,-3
LatentSpace_v28,Secondary motor area,37,38,-1
LatentSpace_v28,"Frontal pole, cerebral cortex",35,40,-5
LatentSpace_v28,Orbital area,24,35,-11
LatentSpace_v28,Posterior parietal association areas,35,38,-3
LatentSpace_v28,Perirhinal area,23,32,-9
LatentSpace_v28,Primary somatosensory area,31,35,-4
LatentSpace_v28,Supplemental somatosensory area,36,38,-2
LatentSpace_v28,Temporal association areas,36,33,3
LatentSpace_v28,Visual areas,35,38,-3
LatentSpace_v28,Pallidum,10,6,4
LatentSpace_v28,Striatum ventral region,6,3,3
LatentSpace_v28,Lateral septal complex,9,4,5
LatentSpace_v28,Caudoputamen,3,3,0
LatentSpace_v28,Medial amygdalar nucleus,9,7,2
LatentSpace_v28,Hypothalamus,7,9,-2
LatentSpace_v28,Thalamus,9,1,8
LatentSpace_v28,Inferior colliculus,9,9,0
LatentSpace_v28,"Superior colliculus, sensory related",4,10,-6
LatentSpace_v28,Midbrain raphe nuclei,14,12,2
LatentSpace_v28,Midbrain-other,11,10,1
LatentSpace_v28,Periaqueductal gray,12,11,1
LatentSpace_v28,Pons,9,9,0
LatentSpace_v28,Medulla,10,9,1
LatentSpace_v28,Lingula (I),9,34,-25
LatentSpace_v28,Central lobule,10,34,-24
LatentSpace_v28,Culmen,28,34,-6
LatentSpace_v28,Declive (VI),23,28,-5
LatentSpace_v28,Folium-tuber vermis (VII),23,31,-8
LatentSpace_v28,Pyramus (VIII),27,32,-5
LatentSpace_v28,Uvula (IX),23,34,-11
LatentSpace_v28,Nodulus (X),13,35,-22
LatentSpace_v28,Simple lobule,22,29,-7
LatentSpace_v28,Crus 1,22,26,-4
LatentSpace_v28,Crus 2,23,27,-4
LatentSpace_v28,Paramedian lobule,23,33,-10
LatentSpace_v28,Copula pyramidis,25,34,-9
LatentSpace_v28,Flocculus,13,34,-21
LatentSpace_v28,Paraflocculus,23,36,-13
LatentSpace_v28,Cerebellar nuclei,10,11,-1
LatentSpace_v29,Cortical subplate-other,10,15,-5
LatentSpace_v29,Claustrum,16,33,-17
LatentSpace_v29,Endopiriform nucleus,8,32,-24
LatentSpace_v29,Olfactory areas-other,20,33,-13
LatentSpace_v29,Postpiriform transition area,9,27,-18
LatentSpace_v29,Piriform area,9,34,-25
LatentSpace_v29,Taenia tecta,14,28,-14
LatentSpace_v29,Cortical amygdalar area,7,19,-12
LatentSpace_v29,Piriform-amygdalar area,8,28,-20
LatentSpace_v29,Main olfactory bulb,24,10,14
LatentSpace_v29,Accessory olfactory bulb,4,19,-15
LatentSpace_v29,Anterior olfactory nucleus,14,32,-18
LatentSpace_v29,Subiculum,7,35,-28
LatentSpace_v29,Entorhinal area,10,22,-12
LatentSpace_v29,Field CA1,3,25,-22
LatentSpace_v29,Field CA2,5,14,-9
LatentSpace_v29,Field CA3,7,8,-1
LatentSpace_v29,Dentate gyrus,7,3,4
LatentSpace_v29,Anterior cingulate area,33,39,-6
LatentSpace_v29,Infralimbic area,11,26,-15
LatentSpace_v29,Retrosplenial area,26,36,-10
LatentSpace_v29,Prelimbic area,24,35,-11
LatentSpace_v29,Primary auditory area,35,38,-3
LatentSpace_v29,Dorsal auditory area,35,38,-3
LatentSpace_v29,Ventral auditory area,37,38,-1
LatentSpace_v29,Agranular insular area,23,37,-14
LatentSpace_v29,Ectorhinal area,23,33,-10
LatentSpace_v29,Primary motor area,35,38,-3
LatentSpace_v29,Secondary motor area,35,38,-3
LatentSpace_v29,"Frontal pole, cerebral cortex",32,40,-8
LatentSpace_v29,Orbital area,22,35,-13
LatentSpace_v29,Posterior parietal association areas,35,38,-3
LatentSpace_v29,Perirhinal area,17,32,-15
LatentSpace_v29,Primary somatosensory area,31,35,-4
LatentSpace_v29,Supplemental somatosensory area,36,38,-2
LatentSpace_v29,Temporal association areas,29,33,-4
LatentSpace_v29,Visual areas,35,38,-3
LatentSpace_v29,Pallidum,7,6,1
LatentSpace_v29,Striatum ventral region,6,3,3
LatentSpace_v29,Lateral septal complex,13,4,9
LatentSpace_v29,Caudoputamen,3,3,0
LatentSpace_v29,Medial amygdalar nucleus,11,7,4
LatentSpace_v29,Hypothalamus,16,9,7
LatentSpace_v29,Thalamus,6,1,5
LatentSpace_v29,Inferior colliculus,10,9,1
LatentSpace_v29,"Superior colliculus, sensory related",9,10,-1
LatentSpace_v29,Midbrain raphe nuclei,14,12,2
LatentSpace_v29,Midbrain-other,12,10,2
LatentSpace_v29,Periaqueductal gray,14,11,3
LatentSpace_v29,Pons,11,9,2
LatentSpace_v29,Medulla,13,9,4
LatentSpace_v29,Lingula (I),16,34,-18
LatentSpace_v29,Central lobule,29,34,-5
LatentSpace_v29,Culmen,30,34,-4
LatentSpace_v29,Declive (VI),23,28,-5
LatentSpace_v29,Folium-tuber vermis (VII),23,31,-8
LatentSpace_v29,Pyramus (VIII),24,32,-8
LatentSpace_v29,Uvula (IX),31,34,-3
LatentSpace_v29,Nodulus (X),23,35,-12
LatentSpace_v29,Simple lobule,22,29,-7
LatentSpace_v29,Crus 1,22,26,-4
LatentSpace_v29,Crus 2,22,27,-5
LatentSpace_v29,Paramedian lobule,23,33,-10
LatentSpace_v29,Copula pyramidis,24,34,-10
LatentSpace_v29,Flocculus,20,34,-14
LatentSpace_v29,Paraflocculus,26,36,-10
LatentSpace_v29,Cerebellar nuclei,19,11,8
LatentSpace_v30,Cortical subplate-other,11,15,-4
LatentSpace_v30,Claustrum,21,33,-12
LatentSpace_v30,Endopiriform nucleus,10,32,-22
LatentSpace_v30,Olfactory areas-other,17,33,-16
LatentSpace_v30,Postpiriform transition area,12,27,-15
LatentSpace_v30,Piriform area,13,34,-21
LatentSpace_v30,Taenia tecta,11,28,-17
LatentSpace_v30,Cortical amygdalar area,6,19,-13
LatentSpace_v30,Piriform-amygdalar area,9,28,-19
LatentSpace_v30,Main olfactory bulb,20,10,10
LatentSpace_v30,Accessory olfactory bulb,37,19,18
LatentSpace_v30,Anterior olfactory nucleus,21,32,-11
LatentSpace_v30,Subiculum,5,35,-30
LatentSpace_v30,Entorhinal area,16,22,-6
LatentSpace_v30,Field CA1,8,25,-17
LatentSpace_v30,Field CA2,16,14,2
LatentSpace_v30,Field CA3,8,8,0
LatentSpace_v30,Dentate gyrus,10,3,7
LatentSpace_v30,Anterior cingulate area,35,39,-4
LatentSpace_v30,Infralimbic area,12,26,-14
LatentSpace_v30,Retrosplenial area,23,36,-13
LatentSpace_v30,Prelimbic area,28,35,-7
LatentSpace_v30,Primary auditory area,35,38,-3
LatentSpace_v30,Dorsal auditory area,35,38,-3
LatentSpace_v30,Ventral auditory area,37,38,-1
LatentSpace_v30,Agranular insular area,23,37,-14
LatentSpace_v30,Ectorhinal area,22,33,-11
LatentSpace_v30,Primary motor area,35,38,-3
LatentSpace_v30,Secondary motor area,35,38,-3
LatentSpace_v30,"Frontal pole, cerebral cortex",33,40,-7
LatentSpace_v30,Orbital area,23,35,-12
LatentSpace_v30,Posterior parietal association areas,33,38,-5
LatentSpace_v30,Perirhinal area,16,32,-16
LatentSpace_v30,Primary somatosensory area,32,35,-3
LatentSpace_v30,Supplemental somatosensory area,36,38,-2
LatentSpace_v30,Temporal association areas,30,33,-3
LatentSpace_v30,Visual areas,34,38,-4
LatentSpace_v30,Pallidum,10,6,4
LatentSpace_v30,Striatum ventral region,8,3,5
LatentSpace_v30,Lateral septal complex,11,4,7
LatentSpace_v30,Caudoputamen,3,3,0
LatentSpace_v30,Medial amygdalar nucleus,12,7,5
LatentSpace_v30,Hypothalamus,8,9,-1
LatentSpace_v30,Thalamus,10,1,9
LatentSpace_v30,Inferior colliculus,8,9,-1
LatentSpace_v30,"Superior colliculus, sensory related",8,10,-2
LatentSpace_v30,Midbrain raphe nuclei,18,12,6
LatentSpace_v30,Midbrain-other,12,10,2
LatentSpace_v30,Periaqueductal gray,12,11,1
LatentSpace_v30,Pons,6,9,-3
LatentSpace_v30,Medulla,9,9,0
LatentSpace_v30,Lingula (I),14,34,-20
LatentSpace_v30,Central lobule,25,34,-9
LatentSpace_v30,Culmen,23,34,-11
LatentSpace_v30,Declive (VI),22,28,-6
LatentSpace_v30,Folium-tuber vermis (VII),22,31,-9
LatentSpace_v30,Pyramus (VIII),23,32,-9
LatentSpace_v30,Uvula (IX),32,34,-2
LatentSpace_v30,Nodulus (X),22,35,-13
LatentSpace_v30,Simple lobule,22,29,-7
LatentSpace_v30,Crus 1,21,26,-5
LatentSpace_v30,Crus 2,21,27,-6
LatentSpace_v30,Paramedian lobule,22,33,-11
LatentSpace_v30,Copula pyramidis,25,34,-9
LatentSpace_v30,Flocculus,24,34,-10
LatentSpace_v30,Paraflocculus,28,36,-8
LatentSpace_v30,Cerebellar nuclei,13,11,2
LatentSpace_v31,Cortical subplate-other,5,15,-10
LatentSpace_v31,Claustrum,23,33,-10
LatentSpace_v31,Endopiriform nucleus,12,32,-20
LatentSpace_v31,Olfactory areas-other,13,33,-20
LatentSpace_v31,Postpiriform transition area,5,27,-22
LatentSpace_v31,Piriform area,17,34,-17
LatentSpace_v31,Taenia tecta,10,28,-18
LatentSpace_v31,Cortical amygdalar area,2,19,-17
LatentSpace_v31,Piriform-amygdalar area,2,28,-26
LatentSpace_v31,Main olfactory bulb,8,10,-2
LatentSpace_v31,Accessory olfactory bulb,29,19,10
LatentSpace_v31,Anterior olfactory nucleus,12,32,-20
LatentSpace_v31,Subiculum,4,35,-31
LatentSpace_v31,Entorhinal area,9,22,-13
LatentSpace_v31,Field CA1,6,25,-19
LatentSpace_v31,Field CA2,17,14,3
LatentSpace_v31,Field CA3,5,8,-3
LatentSpace_v31,Dentate gyrus,6,3,3
LatentSpace_v31,Anterior cingulate area,39,39,0
LatentSpace_v31,Infralimbic area,8,26,-18
LatentSpace_v31,Retrosplenial area,30,36,-6
LatentSpace_v31,Prelimbic area,32,35,-3
LatentSpace_v31,Primary auditory area,36,38,-2
LatentSpace_v31,Dorsal auditory area,35,38,-3
LatentSpace_v31,Ventral auditory area,38,38,0
LatentSpace_v31,Agranular insular area,28,37,-9
LatentSpace_v31,Ectorhinal area,23,33,-10
LatentSpace_v31,Primary motor area,37,38,-1
LatentSpace_v31,Secondary motor area,39,38,1
LatentSpace_v31,"Frontal pole, cerebral cortex",39,40,-1
LatentSpace_v31,Orbital area,28,35,-7
LatentSpace_v31,Posterior parietal association areas,35,38,-3
LatentSpace_v31,Perirhinal area,19,32,-13
LatentSpace_v31,Primary somatosensory area,35,35,0
LatentSpace_v31,Supplemental somatosensory area,38,38,0
LatentSpace_v31,Temporal association areas,31,33,-2
LatentSpace_v31,Visual areas,35,38,-3
LatentSpace_v31,Pallidum,7,6,1
LatentSpace_v31,Striatum ventral region,5,3,2
LatentSpace_v31,Lateral septal complex,8,4,4
LatentSpace_v31,Caudoputamen,3,3,0
LatentSpace_v31,Medial amygdalar nucleus,7,7,0
LatentSpace_v31,Hypothalamus,7,9,-2
LatentSpace_v31,Thalamus,1,1,0
LatentSpace_v31,Inferior colliculus,6,9,-3
LatentSpace_v31,"Superior colliculus, sensory related",5,10,-5
LatentSpace_v31,Midbrain raphe nuclei,14,12,2
LatentSpace_v31,Midbrain-other,11,10,1
LatentSpace_v31,Periaqueductal gray,7,11,-4
LatentSpace_v31,Pons,9,9,0
LatentSpace_v31,Medulla,13,9,4
LatentSpace_v31,Lingula (I),13,34,-21
LatentSpace_v31,Central lobule,28,34,-6
LatentSpace_v31,Culmen,27,34,-7
LatentSpace_v31,Declive (VI),23,28,-5
LatentSpace_v31,Folium-tuber vermis (VII),23,31,-8
LatentSpace_v31,Pyramus (VIII),23,32,-9
LatentSpace_v31,Uvula (IX),25,34,-9
LatentSpace_v31,Nodulus (X),16,35,-19
LatentSpace_v31,Simple lobule,23,29,-6
LatentSpace_v31,Crus 1,23,26,-3
LatentSpace_v31,Crus 2,22,27,-5
LatentSpace_v31,Paramedian lobule,23,33,-10
LatentSpace_v31,Copula pyramidis,25,34,-9
LatentSpace_v31,Flocculus,30,34,-4
LatentSpace_v31,Paraflocculus,24,36,-12
LatentSpace_v31,Cerebellar nuclei,15,11,4
LatentSpace_v32,Cortical subplate-other,12,15,-3
LatentSpace_v32,Claustrum,27,33,-6
LatentSpace_v32,Endopiriform nucleus,15,32,-17
LatentSpace_v32,Olfactory areas-other,14,33,-19
LatentSpace_v32,Postpiriform transition area,11,27,-16
LatentSpace_v32,Piriform area,16,34,-18
LatentSpace_v32,Taenia tecta,13,28,-15
LatentSpace_v32,Cortical amygdalar area,10,19,-9
LatentSpace_v32,Piriform-amygdalar area,9,28,-19
LatentSpace_v32,Main olfactory bulb,35,10,25
LatentSpace_v32,Accessory olfactory bulb,19,19,0
LatentSpace_v32,Anterior olfactory nucleus,13,32,-19
LatentSpace_v32,Subiculum,4,35,-31
LatentSpace_v32,Entorhinal area,13,22,-9
LatentSpace_v32,Field CA1,6,25,-19
LatentSpace_v32,Field CA2,6,14,-8
LatentSpace_v32,Field CA3,9,8,1
LatentSpace_v32,Dentate gyrus,10,3,7
LatentSpace_v32,Anterior cingulate area,36,39,-3
LatentSpace_v32,Infralimbic area,10,26,-16
LatentSpace_v32,Retrosplenial area,25,36,-11
LatentSpace_v32,Prelimbic area,26,35,-9
LatentSpace_v32,Primary auditory area,35,38,-3
LatentSpace_v32,Dorsal auditory area,35,38,-3
LatentSpace_v32,Ventral auditory area,35,38,-3
LatentSpace_v32,Agranular insular area,19,37,-18
LatentSpace_v32,Ectorhinal area,23,33,-10
LatentSpace_v32,Primary motor area,35,38,-3
LatentSpace_v32,Secondary motor area,35,38,-3
LatentSpace_v32,"Frontal pole, cerebral cortex",31,40,-9
LatentSpace_v32,Orbital area,22,35,-13
LatentSpace_v32,Posterior parietal association areas,35,38,-3
LatentSpace_v32,Perirhinal area,18,32,-14
LatentSpace_v32,Primary somatosensory area,29,35,-6
LatentSpace_v32,Supplemental somatosensory area,35,38,-3
LatentSpace_v32,Temporal association areas,28,33,-5
LatentSpace_v32,Visual areas,35,38,-3
LatentSpace_v32,Pallidum,7,6,1
LatentSpace_v32,Striatum ventral region,8,3,5
LatentSpace_v32,Lateral septal complex,10,4,6
LatentSpace_v32,Caudoputamen,3,3,0
LatentSpace_v32,Medial amygdalar nucleus,12,7,5
LatentSpace_v32,Hypothalamus,12,9,3
LatentSpace_v32,Thalamus,12,1,11
LatentSpace_v32,Inferior colliculus,6,9,-3
LatentSpace_v32,"Superior colliculus, sensory related",5,10,-5
LatentSpace_v32,Midbrain raphe nuclei,15,12,3
LatentSpace_v32,Midbrain-other,10,10,0
LatentSpace_v32,Periaqueductal gray,11,11,0
LatentSpace_v32,Pons,10,9,1
LatentSpace_v32,Medulla,10,9,1
LatentSpace_v32,Lingula (I),13,34,-21
LatentSpace_v32,Central lobule,15,34,-19
LatentSpace_v32,Culmen,30,34,-4
LatentSpace_v32,Declive (VI),24,28,-4
LatentSpace_v32,Folium-tuber vermis (VII),26,31,-5
LatentSpace_v32,Pyramus (VIII),32,32,0
LatentSpace_v32,Uvula (IX),33,34,-1
LatentSpace_v32,Nodulus (X),13,35,-22
LatentSpace_v32,Simple lobule,24,29,-5
LatentSpace_v32,Crus 1,23,26,-3
LatentSpace_v32,Crus 2,23,27,-4
LatentSpace_v32,Paramedian lobule,23,33,-10
LatentSpace_v32,Copula pyramidis,27,34,-7
LatentSpace_v32,Flocculus,34,34,0
LatentSpace_v32,Paraflocculus,32,36,-4
LatentSpace_v32,Cerebellar nuclei,12,11,1
LatentSpace_v33,Cortical subplate-other,8,15,-7
LatentSpace_v33,Claustrum,28,33,-5
LatentSpace_v33,Endopiriform nucleus,13,32,-19
LatentSpace_v33,Olfactory areas-other,8,33,-25
LatentSpace_v33,Postpiriform transition area,9,27,-18
LatentSpace_v33,Piriform area,10,34,-24
LatentSpace_v33,Taenia tecta,11,28,-17
LatentSpace_v33,Cortical amygdalar area,3,19,-16
LatentSpace_v33,Piriform-amygdalar area,5,28,-23
LatentSpace_v33,Main olfactory bulb,13,10,3
LatentSpace_v33,Accessory olfactory bulb,6,19,-13
LatentSpace_v33,Anterior olfactory nucleus,5,32,-27
LatentSpace_v33,Subiculum,3,35,-32
LatentSpace_v33,Entorhinal area,11,22,-11
LatentSpace_v33,Field CA1,4,25,-21
LatentSpace_v33,Field CA2,4,14,-10
LatentSpace_v33,Field CA3,5,8,-3
LatentSpace_v33,Dentate gyrus,7,3,4
LatentSpace_v33,Anterior cingulate area,39,39,0
LatentSpace_v33,Infralimbic area,10,26,-16
LatentSpace_v33,Retrosplenial area,26,36,-10
LatentSpace_v33,Prelimbic area,27,35,-8
LatentSpace_v33,Primary auditory area,37,38,-1
LatentSpace_v33,Dorsal auditory area,35,38,-3
LatentSpace_v33,Ventral auditory area,38,38,0
LatentSpace_v33,Agranular insular area,22,37,-15
LatentSpace_v33,Ectorhinal area,24,33,-9
LatentSpace_v33,Primary motor area,35,38,-3
LatentSpace_v33,Secondary motor area,36,38,-2
LatentSpace_v33,"Frontal pole, cerebral cortex",36,40,-4
LatentSpace_v33,Orbital area,26,35,-9
LatentSpace_v33,Posterior parietal association areas,35,38,-3
LatentSpace_v33,Perirhinal area,18,32,-14
LatentSpace_v33,Primary somatosensory area,32,35,-3
LatentSpace_v33,Supplemental somatosensory area,37,38,-1
LatentSpace_v33,Temporal association areas,32,33,-1
LatentSpace_v33,Visual areas,35,38,-3
LatentSpace_v33,Pallidum,8,6,2
LatentSpace_v33,Striatum ventral region,7,3,4
LatentSpace_v33,Lateral septal complex,10,4,6
LatentSpace_v33,Caudoputamen,4,3,1
LatentSpace_v33,Medial amygdalar nucleus,8,7,1
LatentSpace_v33,Hypothalamus,10,9,1
LatentSpace_v33,Thalamus,15,1,14
LatentSpace_v33,Inferior colliculus,6,9,-3
LatentSpace_v33,"Superior colliculus, sensory related",6,10,-4
LatentSpace_v33,Midbrain raphe nuclei,14,12,2
LatentSpace_v33,Midbrain-other,14,10,4
LatentSpace_v33,Periaqueductal gray,14,11,3
LatentSpace_v33,Pons,11,9,2
LatentSpace_v33,Medulla,6,9,-3
LatentSpace_v33,Lingula (I),12,34,-22
LatentSpace_v33,Central lobule,10,34,-24
LatentSpace_v33,Culmen,25,34,-9
LatentSpace_v33,Declive (VI),23,28,-5
LatentSpace_v33,Folium-tuber vermis (VII),23,31,-8
LatentSpace_v33,Pyramus (VIII),24,32,-8
LatentSpace_v33,Uvula (IX),15,34,-19
LatentSpace_v33,Nodulus (X),13,35,-22
LatentSpace_v33,Simple lobule,23,29,-6
LatentSpace_v33,Crus 1,23,26,-3
LatentSpace_v33,Crus 2,23,27,-4
LatentSpace_v33,Paramedian lobule,23,33,-10
LatentSpace_v33,Copula pyramidis,23,34,-11
LatentSpace_v33,Flocculus,23,34,-11
LatentSpace_v33,Paraflocculus,23,36,-13
LatentSpace_v33,Cerebellar nuclei,13,11,2
LatentSpace_v34,Cortical subplate-other,14,15,-1
LatentSpace_v34,Claustrum,27,33,-6
LatentSpace_v34,Endopiriform nucleus,18,32,-14
LatentSpace_v34,Olfactory areas-other,20,33,-13
LatentSpace_v34,Postpiriform transition area,15,27,-12
LatentSpace_v34,Piriform area,25,34,-9
LatentSpace_v34,Taenia tecta,15,28,-13
LatentSpace_v34,Cortical amygdalar area,14,19,-5
LatentSpace_v34,Piriform-amygdalar area,14,28,-14
LatentSpace_v34,Main olfactory bulb,25,10,15
LatentSpace_v34,Accessory olfactory bulb,26,19,7
LatentSpace_v34,Anterior olfactory nucleus,14,32,-18
LatentSpace_v34,Subiculum,7,35,-28
LatentSpace_v34,Entorhinal area,16,22,-6
LatentSpace_v34,Field CA1,12,25,-13
LatentSpace_v34,Field CA2,19,14,5
LatentSpace_v34,Field CA3,12,8,4
LatentSpace_v34,Dentate gyrus,10,3,7
LatentSpace_v34,Anterior cingulate area,34,39,-5
LatentSpace_v34,Infralimbic area,14,26,-12
LatentSpace_v34,Retrosplenial area,25,36,-11
LatentSpace_v34,Prelimbic area,24,35,-11
LatentSpace_v34,Primary auditory area,35,38,-3
LatentSpace_v34,Dorsal auditory area,34,38,-4
LatentSpace_v34,Ventral auditory area,35,38,-3
LatentSpace_v34,Agranular insular area,24,37,-13
LatentSpace_v34,Ectorhinal area,24,33,-9
LatentSpace_v34,Primary motor area,34,38,-4
LatentSpace_v34,Secondary motor area,34,38,-4
LatentSpace_v34,"Frontal pole, cerebral cortex",29,40,-11
LatentSpace_v34,Orbital area,26,35,-9
LatentSpace_v34,Posterior parietal association areas,31,38,-7
LatentSpace_v34,Perirhinal area,18,32,-14
LatentSpace_v34,Primary somatosensory area,27,35,-8
LatentSpace_v34,Supplemental somatosensory area,36,38,-2
LatentSpace_v34,Temporal association areas,30,33,-3
LatentSpace_v34,Visual areas,30,38,-8
LatentSpace_v34,Pallidum,13,6,7
LatentSpace_v34,Striatum ventral region,8,3,5
LatentSpace_v34,Lateral septal complex,14,4,10
LatentSpace_v34,Caudoputamen,3,3,0
LatentSpace_v34,Medial amygdalar nucleus,13,7,6
LatentSpace_v34,Hypothalamus,11,9,2
LatentSpace_v34,Thalamus,6,1,5
LatentSpace_v34,Inferior colliculus,7,9,-2
LatentSpace_v34,"Superior colliculus, sensory related",7,10,-3
LatentSpace_v34,Midbrain raphe nuclei,15,12,3
LatentSpace_v34,Midbrain-other,14,10,4
LatentSpace_v34,Periaqueductal gray,13,11,2
LatentSpace_v34,Pons,13,9,4
LatentSpace_v34,Medulla,11,9,2
LatentSpace_v34,Lingula (I),15,34,-19
LatentSpace_v34,Central lobule,29,34,-5
LatentSpace_v34,Culmen,25,34,-9
LatentSpace_v34,Declive (VI),23,28,-5
LatentSpace_v34,Folium-tuber vermis (VII),27,31,-4
LatentSpace_v34,Pyramus (VIII),34,32,2
LatentSpace_v34,Uvula (IX),30,34,-4
LatentSpace_v34,Nodulus (X),21,35,-14
LatentSpace_v34,Simple lobule,23,29,-6
LatentSpace_v34,Crus 1,22,26,-4
LatentSpace_v34,Crus 2,22,27,-5
LatentSpace_v34,Paramedian lobule,28,33,-5
LatentSpace_v34,Copula pyramidis,34,34,0
LatentSpace_v34,Flocculus,34,34,0
LatentSpace_v34,Paraflocculus,34,36,-2
LatentSpace_v34,Cerebellar nuclei,18,11,7
LatentSpace_v35,Cortical subplate-other,9,15,-6
LatentSpace_v35,Claustrum,27,33,-6
LatentSpace_v35,Endopiriform nucleus,14,32,-18
LatentSpace_v35,Olfactory areas-other,17,33,-16
LatentSpace_v35,Postpiriform transition area,11,27,-16
LatentSpace_v35,Piriform area,13,34,-21
LatentSpace_v35,Taenia tecta,14,28,-14
LatentSpace_v35,Cortical amygdalar area,10,19,-9
LatentSpace_v35,Piriform-amygdalar area,11,28,-17
LatentSpace_v35,Main olfactory bulb,41,10,31
LatentSpace_v35,Accessory olfactory bulb,29,19,10
LatentSpace_v35,Anterior olfactory nucleus,16,32,-16
LatentSpace_v35,Subiculum,6,35,-29
LatentSpace_v35,Entorhinal area,12,22,-10
LatentSpace_v35,Field CA1,8,25,-17
LatentSpace_v35,Field CA2,19,14,5
LatentSpace_v35,Field CA3,6,8,-2
LatentSpace_v35,Dentate gyrus,8,3,5
LatentSpace_v35,Anterior cingulate area,33,39,-6
LatentSpace_v35,Infralimbic area,17,26,-9
LatentSpace_v35,Retrosplenial area,23,36,-13
LatentSpace_v35,Prelimbic area,25,35,-10
LatentSpace_v35,Primary auditory area,35,38,-3
LatentSpace_v35,Dorsal auditory area,35,38,-3
LatentSpace_v35,Ventral auditory area,37,38,-1
LatentSpace_v35,Agranular insular area,22,37,-15
LatentSpace_v35,Ectorhinal area,22,33,-11
LatentSpace_v35,Primary motor area,35,38,-3
LatentSpace_v35,Secondary motor area,34,38,-4
LatentSpace_v35,"Frontal pole, cerebral cortex",23,40,-17
LatentSpace_v35,Orbital area,21,35,-14
LatentSpace_v35,Posterior parietal association areas,35,38,-3
LatentSpace_v35,Perirhinal area,13,32,-19
LatentSpace_v35,Primary somatosensory area,28,35,-7
LatentSpace_v35,Supplemental somatosensory area,35,38,-3
LatentSpace_v35,Temporal association areas,29,33,-4
LatentSpace_v35,Visual areas,35,38,-3
LatentSpace_v35,Pallidum,7,6,1
LatentSpace_v35,Striatum ventral region,6,3,3
LatentSpace_v35,Lateral septal complex,9,4,5
LatentSpace_v35,Caudoputamen,3,3,0
LatentSpace_v35,Medial amygdalar nucleus,8,7,1
LatentSpace_v35,Hypothalamus,4,9,-5
LatentSpace_v35,Thalamus,8,1,7
LatentSpace_v35,Inferior colliculus,9,9,0
LatentSpace_v35,"Superior colliculus, sensory related",8,10,-2
LatentSpace_v35,Midbrain raphe nuclei,12,12,0
LatentSpace_v35,Midbrain-other,12,10,2
LatentSpace_v35,Periaqueductal gray,11,11,0
LatentSpace_v35,Pons,11,9,2
LatentSpace_v35,Medulla,13,9,4
LatentSpace_v35,Lingula (I),14,34,-20
LatentSpace_v35,Central lobule,26,34,-8
LatentSpace_v35,Culmen,25,34,-9
LatentSpace_v35,Declive (VI),23,28,-5
LatentSpace_v35,Folium-tuber vermis (VII),23,31,-8
LatentSpace_v35,Pyramus (VIII),24,32,-8
LatentSpace_v35,Uvula (IX),25,34,-9
LatentSpace_v35,Nodulus (X),25,35,-10
LatentSpace_v35,Simple lobule,23,29,-6
LatentSpace_v35,Crus 1,23,26,-3
LatentSpace_v35,Crus 2,23,27,-4
LatentSpace_v35,Paramedian lobule,26,33,-7
LatentSpace_v35,Copula pyramidis,33,34,-1
LatentSpace_v35,Flocculus,30,34,-4
LatentSpace_v35,Paraflocculus,32,36,-4
LatentSpace_v35,Cerebellar nuclei,28,11,17
LatentSpace_v36,Cortical subplate-other,11,15,-4
LatentSpace_v36,Claustrum,23,33,-10
LatentSpace_v36,Endopiriform nucleus,15,32,-17
LatentSpace_v36,Olfactory areas-other,20,33,-13
LatentSpace_v36,Postpiriform transition area,12,27,-15
LatentSpace_v36,Piriform area,20,34,-14
LatentSpace_v36,Taenia tecta,11,28,-17
LatentSpace_v36,Cortical amygdalar area,12,19,-7
LatentSpace_v36,Piriform-amygdalar area,12,28,-16
LatentSpace_v36,Main olfactory bulb,22,10,12
LatentSpace_v36,Accessory olfactory bulb,1,19,-18
LatentSpace_v36,Anterior olfactory nucleus,12,32,-20
LatentSpace_v36,Subiculum,4,35,-31
LatentSpace_v36,Entorhinal area,13,22,-9
LatentSpace_v36,Field CA1,4,25,-21
LatentSpace_v36,Field CA2,7,14,-7
LatentSpace_v36,Field CA3,7,8,-1
LatentSpace_v36,Dentate gyrus,6,3,3
LatentSpace_v36,Anterior cingulate area,32,39,-7
LatentSpace_v36,Infralimbic area,11,26,-15
LatentSpace_v36,Retrosplenial area,26,36,-10
LatentSpace_v36,Prelimbic area,27,35,-8
LatentSpace_v36,Primary auditory area,36,38,-2
LatentSpace_v36,Dorsal auditory area,35,38,-3
LatentSpace_v36,Ventral auditory area,38,38,0
LatentSpace_v36,Agranular insular area,24,37,-13
LatentSpace_v36,Ectorhinal area,22,33,-11
LatentSpace_v36,Primary motor area,35,38,-3
LatentSpace_v36,Secondary motor area,35,38,-3
LatentSpace_v36,"Frontal pole, cerebral cortex",35,40,-5
LatentSpace_v36,Orbital area,23,35,-12
LatentSpace_v36,Posterior parietal association areas,35,38,-3
LatentSpace_v36,Perirhinal area,18,32,-14
LatentSpace_v36,Primary somatosensory area,28,35,-7
LatentSpace_v36,Supplemental somatosensory area,36,38,-2
LatentSpace_v36,Temporal association areas,33,33,0
LatentSpace_v36,Visual areas,35,38,-3
LatentSpace_v36,Pallidum,6,6,0
LatentSpace_v36,Striatum ventral region,11,3,8
LatentSpace_v36,Lateral septal complex,8,4,4
LatentSpace_v36,Caudoputamen,3,3,0
LatentSpace_v36,Medial amygdalar nucleus,12,7,5
LatentSpace_v36,Hypothalamus,7,9,-2
LatentSpace_v36,Thalamus,1,1,0
LatentSpace_v36,Inferior colliculus,5,9,-4
LatentSpace_v36,"Superior colliculus, sensory related",6,10,-4
LatentSpace_v36,Midbrain raphe nuclei,14,12,2
LatentSpace_v36,Midbrain-other,11,10,1
LatentSpace_v36,Periaqueductal gray,11,11,0
LatentSpace_v36,Pons,11,9,2
LatentSpace_v36,Medulla,11,9,2
LatentSpace_v36,Lingula (I),12,34,-22
LatentSpace_v36,Central lobule,14,34,-20
LatentSpace_v36,Culmen,29,34,-5
LatentSpace_v36,Declive (VI),23,28,-5
LatentSpace_v36,Folium-tuber vermis (VII),23,31,-8
LatentSpace_v36,Pyramus (VIII),29,32,-3
LatentSpace_v36,Uvula (IX),30,34,-4
LatentSpace_v36,Nodulus (X),17,35,-18
LatentSpace_v36,Simple lobule,23,29,-6
LatentSpace_v36,Crus 1,22,26,-4
LatentSpace_v36,Crus 2,23,27,-4
LatentSpace_v36,Paramedian lobule,23,33,-10
LatentSpace_v36,Copula pyramidis,32,34,-2
LatentSpace_v36,Flocculus,34,34,0
LatentSpace_v36,Paraflocculus,31,36,-5
LatentSpace_v36,Cerebellar nuclei,17,11,6
LatentSpace_v37,Cortical subplate-other,10,15,-5
LatentSpace_v37,Claustrum,23,33,-10
LatentSpace_v37,Endopiriform nucleus,15,32,-17
LatentSpace_v37,Olfactory areas-other,17,33,-16
LatentSpace_v37,Postpiriform transition area,11,27,-16
LatentSpace_v37,Piriform area,17,34,-17
LatentSpace_v37,Taenia tecta,11,28,-17
LatentSpace_v37,Cortical amygdalar area,10,19,-9
LatentSpace_v37,Piriform-amygdalar area,13,28,-15
LatentSpace_v37,Main olfactory bulb,10,10,0
LatentSpace_v37,Accessory olfactory bulb,33,19,14
LatentSpace_v37,Anterior olfactory nucleus,13,32,-19
LatentSpace_v37,Subiculum,9,35,-26
LatentSpace_v37,Entorhinal area,13,22,-9
LatentSpace_v37,Field CA1,9,25,-16
LatentSpace_v37,Field CA2,10,14,-4
LatentSpace_v37,Field CA3,9,8,1
LatentSpace_v37,Dentate gyrus,8,3,5
LatentSpace_v37,Anterior cingulate area,38,39,-1
LatentSpace_v37,Infralimbic area,10,26,-16
LatentSpace_v37,Retrosplenial area,27,36,-9
LatentSpace_v37,Prelimbic area,32,35,-3
LatentSpace_v37,Primary auditory area,36,38,-2
LatentSpace_v37,Dorsal auditory area,35,38,-3
LatentSpace_v37,Ventral auditory area,38,38,0
LatentSpace_v37,Agranular insular area,26,37,-11
LatentSpace_v37,Ectorhinal area,25,33,-8
LatentSpace_v37,Primary motor area,35,38,-3
LatentSpace_v37,Secondary motor area,38,38,0
LatentSpace_v37,"Frontal pole, cerebral cortex",36,40,-4
LatentSpace_v37,Orbital area,27,35,-8
LatentSpace_v37,Posterior parietal association areas,35,38,-3
LatentSpace_v37,Perirhinal area,20,32,-12
LatentSpace_v37,Primary somatosensory area,31,35,-4
LatentSpace_v37,Supplemental somatosensory area,37,38,-1
LatentSpace_v37,Temporal association areas,33,33,0
LatentSpace_v37,Visual areas,35,38,-3
LatentSpace_v37,Pallidum,8,6,2
LatentSpace_v37,Striatum ventral region,10,3,7
LatentSpace_v37,Lateral septal complex,11,4,7
LatentSpace_v37,Caudoputamen,3,3,0
LatentSpace_v37,Medial amygdalar nucleus,11,7,4
LatentSpace_v37,Hypothalamus,7,9,-2
LatentSpace_v37,Thalamus,8,1,7
LatentSpace_v37,Inferior colliculus,5,9,-4
LatentSpace_v37,"Superior colliculus, sensory related",3,10,-7
LatentSpace_v37,Midbrain raphe nuclei,12,12,0
LatentSpace_v37,Midbrain-other,8,10,-2
LatentSpace_v37,Periaqueductal gray,6,11,-5
LatentSpace_v37,Pons,10,9,1
LatentSpace_v37,Medulla,13,9,4
LatentSpace_v37,Lingula (I),13,34,-21
LatentSpace_v37,Central lobule,28,34,-6
LatentSpace_v37,Culmen,23,34,-11
LatentSpace_v37,Declive (VI),23,28,-5
LatentSpace_v37,Folium-tuber vermis (VII),23,31,-8
LatentSpace_v37,Pyramus (VIII),23,32,-9
LatentSpace_v37,Uvula (IX),34,34,0
LatentSpace_v37,Nodulus (X),21,35,-14
LatentSpace_v37,Simple lobule,22,29,-7
LatentSpace_v37,Crus 1,22,26,-4
LatentSpace_v37,Crus 2,22,27,-5
LatentSpace_v37,Paramedian lobule,23,33,-10
LatentSpace_v37,Copula pyramidis,29,34,-5
LatentSpace_v37,Flocculus,28,34,-6
LatentSpace_v37,Paraflocculus,30,36,-6
LatentSpace_v37,Cerebellar nuclei,14,11,3
LatentSpace_v38,Cortical subplate-other,12,15,-3
LatentSpace_v38,Claustrum,32,33,-1
LatentSpace_v38,Endopiriform nucleus,22,32,-10
LatentSpace_v38,Olfactory areas-other,15,33,-18
LatentSpace_v38,Postpiriform transition area,17,27,-10
LatentSpace_v38,Piriform area,25,34,-9
LatentSpace_v38,Taenia tecta,11,28,-17
LatentSpace_v38,Cortical amygdalar area,8,19,-11
LatentSpace_v38,Piriform-amygdalar area,25,28,-3
LatentSpace_v38,Main olfactory bulb,14,10,4
LatentSpace_v38,Accessory olfactory bulb,24,19,5
LatentSpace_v38,Anterior olfactory nucleus,16,32,-16
LatentSpace_v38,Subiculum,3,35,-32
LatentSpace_v38,Entorhinal area,15,22,-7
LatentSpace_v38,Field CA1,8,25,-17
LatentSpace_v38,Field CA2,18,14,4
LatentSpace_v38,Field CA3,6,8,-2
LatentSpace_v38,Dentate gyrus,8,3,5
LatentSpace_v38,Anterior cingulate area,36,39,-3
LatentSpace_v38,Infralimbic area,10,26,-16
LatentSpace_v38,Retrosplenial area,25,36,-11
LatentSpace_v38,Prelimbic area,22,35,-13
LatentSpace_v38,Primary auditory area,37,38,-1
LatentSpace_v38,Dorsal auditory area,37,38,-1
LatentSpace_v38,Ventral auditory area,39,38,1
LatentSpace_v38,Agranular insular area,18,37,-19
LatentSpace_v38,Ectorhinal area,26,33,-7
LatentSpace_v38,Primary motor area,36,38,-2
LatentSpace_v38,Secondary motor area,37,38,-1
LatentSpace_v38,"Frontal pole, cerebral cortex",21,40,-19
LatentSpace_v38,Orbital area,24,35,-11
LatentSpace_v38,Posterior parietal association areas,35,38,-3
LatentSpace_v38,Perirhinal area,22,32,-10
LatentSpace_v38,Primary somatosensory area,35,35,0
LatentSpace_v38,Supplemental somatosensory area,38,38,0
LatentSpace_v38,Temporal association areas,32,33,-1
LatentSpace_v38,Visual areas,36,38,-2
LatentSpace_v38,Pallidum,7,6,1
LatentSpace_v38,Striatum ventral region,7,3,4
LatentSpace_v38,Lateral septal complex,9,4,5
LatentSpace_v38,Caudoputamen,3,3,0
LatentSpace_v38,Medial amygdalar nucleus,10,7,3
LatentSpace_v38,Hypothalamus,5,9,-4
LatentSpace_v38,Thalamus,12,1,11
LatentSpace_v38,Inferior colliculus,7,9,-2
LatentSpace_v38,"Superior colliculus, sensory related",8,10,-2
LatentSpace_v38,Midbrain raphe nuclei,15,12,3
LatentSpace_v38,Midbrain-other,14,10,4
LatentSpace_v38,Periaqueductal gray,11,11,0
LatentSpace_v38,Pons,10,9,1
LatentSpace_v38,Medulla,30,9,21
LatentSpace_v38,Lingula (I),32,34,-2
LatentSpace_v38,Central lobule,30,34,-4
LatentSpace_v38,Culmen,26,34,-8
LatentSpace_v38,Declive (VI),23,28,-5
LatentSpace_v38,Folium-tuber vermis (VII),23,31,-8
LatentSpace_v38,Pyramus (VIII),23,32,-9
LatentSpace_v38,Uvula (IX),29,34,-5
LatentSpace_v38,Nodulus (X),33,35,-2
LatentSpace_v38,Simple lobule,22,29,-7
LatentSpace_v38,Crus 1,22,26,-4
LatentSpace_v38,Crus 2,23,27,-4
LatentSpace_v38,Paramedian lobule,23,33,-10
LatentSpace_v38,Copula pyramidis,23,34,-11
LatentSpace_v38,Flocculus,34,34,0
LatentSpace_v38,Paraflocculus,25,36,-11
LatentSpace_v38,Cerebellar nuclei,33,11,22
LatentSpace_v39,Cortical subplate-other,7,15,-8
LatentSpace_v39,Claustrum,19,33,-14
LatentSpace_v39,Endopiriform nucleus,7,32,-25
LatentSpace_v39,Olfactory areas-other,15,33,-18
LatentSpace_v39,Postpiriform transition area,10,27,-17
LatentSpace_v39,Piriform area,10,34,-24
LatentSpace_v39,Taenia tecta,11,28,-17
LatentSpace_v39,Cortical amygdalar area,6,19,-13
LatentSpace_v39,Piriform-amygdalar area,5,28,-23
LatentSpace_v39,Main olfactory bulb,23,10,13
LatentSpace_v39,Accessory olfactory bulb,56,19,37
LatentSpace_v39,Anterior olfactory nucleus,9,32,-23
LatentSpace_v39,Subiculum,2,35,-33
LatentSpace_v39,Entorhinal area,9,22,-13
LatentSpace_v39,Field CA1,6,25,-19
LatentSpace_v39,Field CA2,10,14,-4
LatentSpace_v39,Field CA3,6,8,-2
LatentSpace_v39,Dentate gyrus,6,3,3
LatentSpace_v39,Anterior cingulate area,37,39,-2
LatentSpace_v39,Infralimbic area,11,26,-15
LatentSpace_v39,Retrosplenial area,25,36,-11
LatentSpace_v39,Prelimbic area,30,35,-5
LatentSpace_v39,Primary auditory area,38,38,0
LatentSpace_v39,Dorsal auditory area,36,38,-2
LatentSpace_v39,Ventral auditory area,39,38,1
LatentSpace_v39,Agranular insular area,23,37,-14
LatentSpace_v39,Ectorhinal area,23,33,-10
LatentSpace_v39,Primary motor area,36,38,-2
LatentSpace_v39,Secondary motor area,38,38,0
LatentSpace_v39,"Frontal pole, cerebral cortex",30,40,-10
LatentSpace_v39,Orbital area,26,35,-9
LatentSpace_v39,Posterior parietal association areas,35,38,-3
LatentSpace_v39,Perirhinal area,19,32,-13
LatentSpace_v39,Primary somatosensory area,31,35,-4
LatentSpace_v39,Supplemental somatosensory area,39,38,1
LatentSpace_v39,Temporal association areas,31,33,-2
LatentSpace_v39,Visual areas,35,38,-3
LatentSpace_v39,Pallidum,11,6,5
LatentSpace_v39,Striatum ventral region,7,3,4
LatentSpace_v39,Lateral septal complex,8,4,4
LatentSpace_v39,Caudoputamen,3,3,0
LatentSpace_v39,Medial amygdalar nucleus,10,7,3
LatentSpace_v39,Hypothalamus,8,9,-1
LatentSpace_v39,Thalamus,3,1,2
LatentSpace_v39,Inferior colliculus,4,9,-5
LatentSpace_v39,"Superior colliculus, sensory related",4,10,-6
LatentSpace_v39,Midbrain raphe nuclei,15,12,3
LatentSpace_v39,Midbrain-other,11,10,1
LatentSpace_v39,Periaqueductal gray,9,11,-2
LatentSpace_v39,Pons,9,9,0
LatentSpace_v39,Medulla,6,9,-3
LatentSpace_v39,Lingula (I),18,34,-16
LatentSpace_v39,Central lobule,18,34,-16
LatentSpace_v39,Culmen,26,34,-8
LatentSpace_v39,Declive (VI),23,28,-5
LatentSpace_v39,Folium-tuber vermis (VII),23,31,-8
LatentSpace_v39,Pyramus (VIII),23,32,-9
LatentSpace_v39,Uvula (IX),25,34,-9
LatentSpace_v39,Nodulus (X),17,35,-18
LatentSpace_v39,Simple lobule,22,29,-7
LatentSpace_v39,Crus 1,23,26,-3
LatentSpace_v39,Crus 2,23,27,-4
LatentSpace_v39,Paramedian lobule,23,33,-10
LatentSpace_v39,Copula pyramidis,25,34,-9
LatentSpace_v39,Flocculus,28,34,-6
LatentSpace_v39,Paraflocculus,27,36,-9
LatentSpace_v39,Cerebellar nuclei,11,11,0
LatentSpace_v40,Cortical subplate-other,4,15,-11
LatentSpace_v40,Claustrum,26,33,-7
LatentSpace_v40,Endopiriform nucleus,14,32,-18
LatentSpace_v40,Olfactory areas-other,12,33,-21
LatentSpace_v40,Postpiriform transition area,8,27,-19
LatentSpace_v40,Piriform area,12,34,-22
LatentSpace_v40,Taenia tecta,12,28,-16
LatentSpace_v40,Cortical amygdalar area,5,19,-14
LatentSpace_v40,Piriform-amygdalar area,7,28,-21
LatentSpace_v40,Main olfactory bulb,22,10,12
LatentSpace_v40,Accessory olfactory bulb,43,19,24
LatentSpace_v40,Anterior olfactory nucleus,5,32,-27
LatentSpace_v40,Subiculum,3,35,-32
LatentSpace_v40,Entorhinal area,12,22,-10
LatentSpace_v40,Field CA1,7,25,-18
LatentSpace_v40,Field CA2,6,14,-8
LatentSpace_v40,Field CA3,6,8,-2
LatentSpace_v40,Dentate gyrus,6,3,3
LatentSpace_v40,Anterior cingulate area,36,39,-3
LatentSpace_v40,Infralimbic area,12,26,-14
LatentSpace_v40,Retrosplenial area,28,36,-8
LatentSpace_v40,Prelimbic area,33,35,-2
LatentSpace_v40,Primary auditory area,36,38,-2
LatentSpace_v40,Dorsal auditory area,35,38,-3
LatentSpace_v40,Ventral auditory area,39,38,1
LatentSpace_v40,Agranular insular area,23,37,-14
LatentSpace_v40,Ectorhinal area,22,33,-11
LatentSpace_v40,Primary motor area,36,38,-2
LatentSpace_v40,Secondary motor area,36,38,-2
LatentSpace_v40,"Frontal pole, cerebral cortex",35,40,-5
LatentSpace_v40,Orbital area,24,35,-11
LatentSpace_v40,Posterior parietal association areas,35,38,-3
LatentSpace_v40,Perirhinal area,17,32,-15
LatentSpace_v40,Primary somatosensory area,31,35,-4
LatentSpace_v40,Supplemental somatosensory area,37,38,-1
LatentSpace_v40,Temporal association areas,31,33,-2
LatentSpace_v40,Visual areas,34,38,-4
LatentSpace_v40,Pallidum,13,6,7
LatentSpace_v40,Striatum ventral region,8,3,5
LatentSpace_v40,Lateral septal complex,9,4,5
LatentSpace_v40,Caudoputamen,3,3,0
LatentSpace_v40,Medial amygdalar nucleus,7,7,0
LatentSpace_v40,Hypothalamus,9,9,0
LatentSpace_v40,Thalamus,30,1,29
LatentSpace_v40,Inferior colliculus,9,9,0
LatentSpace_v40,"Superior colliculus, sensory related",6,10,-4
LatentSpace_v40,Midbrain raphe nuclei,14,12,2
LatentSpace_v40,Midbrain-other,10,10,0
LatentSpace_v40,Periaqueductal gray,9,11,-2
LatentSpace_v40,Pons,10,9,1
LatentSpace_v40,Medulla,11,9,2
LatentSpace_v40,Lingula (I),14,34,-20
LatentSpace_v40,Central lobule,17,34,-17
LatentSpace_v40,Culmen,27,34,-7
LatentSpace_v40,Declive (VI),23,28,-5
LatentSpace_v40,Folium-tuber vermis (VII),23,31,-8
LatentSpace_v40,Pyramus (VIII),23,32,-9
LatentSpace_v40,Uvula (IX),24,34,-10
LatentSpace_v40,Nodulus (X),19,35,-16
LatentSpace_v40,Simple lobule,23,29,-6
LatentSpace_v40,Crus 1,23,26,-3
LatentSpace_v40,Crus 2,23,27,-4
LatentSpace_v40,Paramedian lobule,23,33,-10
LatentSpace_v40,Copula pyramidis,24,34,-10
LatentSpace_v40,Flocculus,16,34,-18
LatentSpace_v40,Paraflocculus,24,36,-12
LatentSpace_v40,Cerebellar nuclei,33,11,22
LatentSpace_v41,Cortical subplate-other,7,15,-8
LatentSpace_v41,Claustrum,30,33,-3
LatentSpace_v41,Endopiriform nucleus,10,32,-22
LatentSpace_v41,Olfactory areas-other,17,33,-16
LatentSpace_v41,Postpiriform transition area,6,27,-21
LatentSpace_v41,Piriform area,14,34,-20
LatentSpace_v41,Taenia tecta,12,28,-16
LatentSpace_v41,Cortical amygdalar area,4,19,-15
LatentSpace_v41,Piriform-amygdalar area,5,28,-23
LatentSpace_v41,Main olfactory bulb,24,10,14
LatentSpace_v41,Accessory olfactory bulb,48,19,29
LatentSpace_v41,Anterior olfactory nucleus,10,32,-22
LatentSpace_v41,Subiculum,7,35,-28
LatentSpace_v41,Entorhinal area,11,22,-11
LatentSpace_v41,Field CA1,6,25,-19
LatentSpace_v41,Field CA2,13,14,-1
LatentSpace_v41,Field CA3,6,8,-2
LatentSpace_v41,Dentate gyrus,6,3,3
LatentSpace_v41,Anterior cingulate area,36,39,-3
LatentSpace_v41,Infralimbic area,23,26,-3
LatentSpace_v41,Retrosplenial area,23,36,-13
LatentSpace_v41,Prelimbic area,27,35,-8
LatentSpace_v41,Primary auditory area,35,38,-3
LatentSpace_v41,Dorsal auditory area,28,38,-10
LatentSpace_v41,Ventral auditory area,35,38,-3
LatentSpace_v41,Agranular insular area,27,37,-10
LatentSpace_v41,Ectorhinal area,26,33,-7
LatentSpace_v41,Primary motor area,35,38,-3
LatentSpace_v41,Secondary motor area,37,38,-1
LatentSpace_v41,"Frontal pole, cerebral cortex",31,40,-9
LatentSpace_v41,Orbital area,25,35,-10
LatentSpace_v41,Posterior parietal association areas,35,38,-3
LatentSpace_v41,Perirhinal area,20,32,-12
LatentSpace_v41,Primary somatosensory area,28,35,-7
LatentSpace_v41,Supplemental somatosensory area,37,38,-1
LatentSpace_v41,Temporal association areas,33,33,0
LatentSpace_v41,Visual areas,29,38,-9
LatentSpace_v41,Pallidum,7,6,1
LatentSpace_v41,Striatum ventral region,6,3,3
LatentSpace_v41,Lateral septal complex,4,4,0
LatentSpace_v41,Caudoputamen,3,3,0
LatentSpace_v41,Medial amygdalar nucleus,8,7,1
LatentSpace_v41,Hypothalamus,6,9,-3
LatentSpace_v41,Thalamus,8,1,7
LatentSpace_v41,Inferior colliculus,10,9,1
LatentSpace_v41,"Superior colliculus, sensory related",8,10,-2
LatentSpace_v41,Midbrain raphe nuclei,14,12,2
LatentSpace_v41,Midbrain-other,12,10,2
LatentSpace_v41,Periaqueductal gray,9,11,-2
LatentSpace_v41,Pons,10,9,1
LatentSpace_v41,Medulla,11,9,2
LatentSpace_v41,Lingula (I),13,34,-21
LatentSpace_v41,Central lobule,11,34,-23
LatentSpace_v41,Culmen,23,34,-11
LatentSpace_v41,Declive (VI),23,28,-5
LatentSpace_v41,Folium-tuber vermis (VII),23,31,-8
LatentSpace_v41,Pyramus (VIII),23,32,-9
LatentSpace_v41,Uvula (IX),11,34,-23
LatentSpace_v41,Nodulus (X),8,35,-27
LatentSpace_v41,Simple lobule,22,29,-7
LatentSpace_v41,Crus 1,22,26,-4
LatentSpace_v41,Crus 2,22,27,-5
LatentSpace_v41,Paramedian lobule,22,33,-11
LatentSpace_v41,Copula pyramidis,23,34,-11
LatentSpace_v41,Flocculus,24,34,-10
LatentSpace_v41,Paraflocculus,23,36,-13
LatentSpace_v41,Cerebellar nuclei,22,11,11
LatentSpace_v42,Cortical subplate-other,8,15,-7
LatentSpace_v42,Claustrum,24,33,-9
LatentSpace_v42,Endopiriform nucleus,12,32,-20
LatentSpace_v42,Olfactory areas-other,12,33,-21
LatentSpace_v42,Postpiriform transition area,12,27,-15
LatentSpace_v42,Piriform area,13,34,-21
LatentSpace_v42,Taenia tecta,12,28,-16
LatentSpace_v42,Cortical amygdalar area,9,19,-10
LatentSpace_v42,Piriform-amygdalar area,6,28,-22
LatentSpace_v42,Main olfactory bulb,31,10,21
LatentSpace_v42,Accessory olfactory bulb,31,19,12
LatentSpace_v42,Anterior olfactory nucleus,13,32,-19
LatentSpace_v42,Subiculum,5,35,-30
LatentSpace_v42,Entorhinal area,19,22,-3
LatentSpace_v42,Field CA1,5,25,-20
LatentSpace_v42,Field CA2,5,14,-9
LatentSpace_v42,Field CA3,5,8,-3
LatentSpace_v42,Dentate gyrus,7,3,4
LatentSpace_v42,Anterior cingulate area,34,39,-5
LatentSpace_v42,Infralimbic area,12,26,-14
LatentSpace_v42,Retrosplenial area,22,36,-14
LatentSpace_v42,Prelimbic area,24,35,-11
LatentSpace_v42,Primary auditory area,34,38,-4
LatentSpace_v42,Dorsal auditory area,34,38,-4
LatentSpace_v42,Ventral auditory area,34,38,-4
LatentSpace_v42,Agranular insular area,23,37,-14
LatentSpace_v42,Ectorhinal area,23,33,-10
LatentSpace_v42,Primary motor area,35,38,-3
LatentSpace_v42,Secondary motor area,35,38,-3
LatentSpace_v42,"Frontal pole, cerebral cortex",35,40,-5
LatentSpace_v42,Orbital area,23,35,-12
LatentSpace_v42,Posterior parietal association areas,30,38,-8
LatentSpace_v42,Perirhinal area,20,32,-12
LatentSpace_v42,Primary somatosensory area,26,35,-9
LatentSpace_v42,Supplemental somatosensory area,37,38,-1
LatentSpace_v42,Temporal association areas,30,33,-3
LatentSpace_v42,Visual areas,26,38,-12
LatentSpace_v42,Pallidum,7,6,1
LatentSpace_v42,Striatum ventral region,8,3,5
LatentSpace_v42,Lateral septal complex,9,4,5
LatentSpace_v42,Caudoputamen,3,3,0
LatentSpace_v42,Medial amygdalar nucleus,8,7,1
LatentSpace_v42,Hypothalamus,7,9,-2
LatentSpace_v42,Thalamus,6,1,5
LatentSpace_v42,Inferior colliculus,8,9,-1
LatentSpace_v42,"Superior colliculus, sensory related",4,10,-6
LatentSpace_v42,Midbrain raphe nuclei,13,12,1
LatentSpace_v42,Midbrain-other,12,10,2
LatentSpace_v42,Periaqueductal gray,11,11,0
LatentSpace_v42,Pons,11,9,2
LatentSpace_v42,Medulla,9,9,0
LatentSpace_v42,Lingula (I),13,34,-21
LatentSpace_v42,Central lobule,13,34,-21
LatentSpace_v42,Culmen,30,34,-4
LatentSpace_v42,Declive (VI),22,28,-6
LatentSpace_v42,Folium-tuber vermis (VII),24,31,-7
LatentSpace_v42,Pyramus (VIII),26,32,-6
LatentSpace_v42,Uvula (IX),19,34,-15
LatentSpace_v42,Nodulus (X),14,35,-21
LatentSpace_v42,Simple lobule,23,29,-6
LatentSpace_v42,Crus 1,22,26,-4
LatentSpace_v42,Crus 2,22,27,-5
LatentSpace_v42,Paramedian lobule,26,33,-7
LatentSpace_v42,Copula pyramidis,26,34,-8
LatentSpace_v42,Flocculus,14,34,-20
LatentSpace_v42,Paraflocculus,28,36,-8
LatentSpace_v42,Cerebellar nuclei,13,11,2
LatentSpace_v43,Cortical subplate-other,13,15,-2
LatentSpace_v43,Claustrum,25,33,-8
LatentSpace_v43,Endopiriform nucleus,20,32,-12
LatentSpace_v43,Olfactory areas-other,12,33,-21
LatentSpace_v43,Postpiriform transition area,12,27,-15
LatentSpace_v43,Piriform area,17,34,-17
LatentSpace_v43,Taenia tecta,12,28,-16
LatentSpace_v43,Cortical amygdalar area,12,19,-7
LatentSpace_v43,Piriform-amygdalar area,17,28,-11
LatentSpace_v43,Main olfactory bulb,7,10,-3
LatentSpace_v43,Accessory olfactory bulb,31,19,12
LatentSpace_v43,Anterior olfactory nucleus,11,32,-21
LatentSpace_v43,Subiculum,4,35,-31
LatentSpace_v43,Entorhinal area,14,22,-8
LatentSpace_v43,Field CA1,8,25,-17
LatentSpace_v43,Field CA2,8,14,-6
LatentSpace_v43,Field CA3,7,8,-1
LatentSpace_v43,Dentate gyrus,8,3,5
LatentSpace_v43,Anterior cingulate area,35,39,-4
LatentSpace_v43,Infralimbic area,12,26,-14
LatentSpace_v43,Retrosplenial area,25,36,-11
LatentSpace_v43,Prelimbic area,27,35,-8
LatentSpace_v43,Primary auditory area,35,38,-3
LatentSpace_v43,Dorsal auditory area,35,38,-3
LatentSpace_v43,Ventral auditory area,37,38,-1
LatentSpace_v43,Agranular insular area,24,37,-13
LatentSpace_v43,Ectorhinal area,24,33,-9
LatentSpace_v43,Primary motor area,35,38,-3
LatentSpace_v43,Secondary motor area,36,38,-2
LatentSpace_v43,"Frontal pole, cerebral cortex",36,40,-4
LatentSpace_v43,Orbital area,28,35,-7
LatentSpace_v43,Posterior parietal association areas,35,38,-3
LatentSpace_v43,Perirhinal area,20,32,-12
LatentSpace_v43,Primary somatosensory area,30,35,-5
LatentSpace_v43,Supplemental somatosensory area,37,38,-1
LatentSpace_v43,Temporal association areas,31,33,-2
LatentSpace_v43,Visual areas,35,38,-3
LatentSpace_v43,Pallidum,12,6,6
LatentSpace_v43,Striatum ventral region,9,3,6
LatentSpace_v43,Lateral septal complex,9,4,5
LatentSpace_v43,Caudoputamen,3,3,0
LatentSpace_v43,Medial amygdalar nucleus,12,7,5
LatentSpace_v43,Hypothalamus,9,9,0
LatentSpace_v43,Thalamus,10,1,9
LatentSpace_v43,Inferior colliculus,6,9,-3
LatentSpace_v43,"Superior colliculus, sensory related",5,10,-5
LatentSpace_v43,Midbrain raphe nuclei,14,12,2
LatentSpace_v43,Midbrain-other,12,10,2
LatentSpace_v43,Periaqueductal gray,13,11,2
LatentSpace_v43,Pons,10,9,1
LatentSpace_v43,Medulla,11,9,2
LatentSpace_v43,Lingula (I),12,34,-22
LatentSpace_v43,Central lobule,8,34,-26
LatentSpace_v43,Culmen,29,34,-5
LatentSpace_v43,Declive (VI),22,28,-6
LatentSpace_v43,Folium-tuber vermis (VII),23,31,-8
LatentSpace_v43,Pyramus (VIII),24,32,-8
LatentSpace_v43,Uvula (IX),21,34,-13
LatentSpace_v43,Nodulus (X),13,35,-22
LatentSpace_v43,Simple lobule,22,29,-7
LatentSpace_v43,Crus 1,22,26,-4
LatentSpace_v43,Crus 2,22,27,-5
LatentSpace_v43,Paramedian lobule,22,33,-11
LatentSpace_v43,Copula pyramidis,23,34,-11
LatentSpace_v43,Flocculus,34,34,0
LatentSpace_v43,Paraflocculus,28,36,-8
LatentSpace_v43,Cerebellar nuclei,12,11,1
LatentSpace_v44,Cortical subplate-other,12,15,-3
LatentSpace_v44,Claustrum,13,33,-20
LatentSpace_v44,Endopiriform nucleus,14,32,-18
LatentSpace_v44,Olfactory areas-other,12,33,-21
LatentSpace_v44,Postpiriform transition area,13,27,-14
LatentSpace_v44,Piriform area,20,34,-14
LatentSpace_v44,Taenia tecta,12,28,-16
LatentSpace_v44,Cortical amygdalar area,12,19,-7
LatentSpace_v44,Piriform-amygdalar area,16,28,-12
LatentSpace_v44,Main olfactory bulb,9,10,-1
LatentSpace_v44,Accessory olfactory bulb,22,19,3
LatentSpace_v44,Anterior olfactory nucleus,11,32,-21
LatentSpace_v44,Subiculum,9,35,-26
LatentSpace_v44,Entorhinal area,14,22,-8
LatentSpace_v44,Field CA1,10,25,-15
LatentSpace_v44,Field CA2,18,14,4
LatentSpace_v44,Field CA3,7,8,-1
LatentSpace_v44,Dentate gyrus,9,3,6
LatentSpace_v44,Anterior cingulate area,35,39,-4
LatentSpace_v44,Infralimbic area,11,26,-15
LatentSpace_v44,Retrosplenial area,25,36,-11
LatentSpace_v44,Prelimbic area,27,35,-8
LatentSpace_v44,Primary auditory area,36,38,-2
LatentSpace_v44,Dorsal auditory area,35,38,-3
LatentSpace_v44,Ventral auditory area,37,38,-1
LatentSpace_v44,Agranular insular area,24,37,-13
LatentSpace_v44,Ectorhinal area,23,33,-10
LatentSpace_v44,Primary motor area,35,38,-3
LatentSpace_v44,Secondary motor area,37,38,-1
LatentSpace_v44,"Frontal pole, cerebral cortex",33,40,-7
LatentSpace_v44,Orbital area,25,35,-10
LatentSpace_v44,Posterior parietal association areas,35,38,-3
LatentSpace_v44,Perirhinal area,17,32,-15
LatentSpace_v44,Primary somatosensory area,28,35,-7
LatentSpace_v44,Supplemental somatosensory area,36,38,-2
LatentSpace_v44,Temporal association areas,30,33,-3
LatentSpace_v44,Visual areas,33,38,-5
LatentSpace_v44,Pallidum,8,6,2
LatentSpace_v44,Striatum ventral region,6,3,3
LatentSpace_v44,Lateral septal complex,8,4,4
LatentSpace_v44,Caudoputamen,3,3,0
LatentSpace_v44,Medial amygdalar nucleus,14,7,7
LatentSpace_v44,Hypothalamus,8,9,-1
LatentSpace_v44,Thalamus,3,1,2
LatentSpace_v44,Inferior colliculus,3,9,-6
LatentSpace_v44,"Superior colliculus, sensory related",3,10,-7
LatentSpace_v44,Midbrain raphe nuclei,14,12,2
LatentSpace_v44,Midbrain-other,9,10,-1
LatentSpace_v44,Periaqueductal gray,11,11,0
LatentSpace_v44,Pons,11,9,2
LatentSpace_v44,Medulla,13,9,4
LatentSpace_v44,Lingula (I),14,34,-20
LatentSpace_v44,Central lobule,15,34,-19
LatentSpace_v44,Culmen,25,34,-9
LatentSpace_v44,Declive (VI),22,28,-6
LatentSpace_v44,Folium-tuber vermis (VII),23,31,-8
LatentSpace_v44,Pyramus (VIII),23,32,-9
LatentSpace_v44,Uvula (IX),21,34,-13
LatentSpace_v44,Nodulus (X),16,35,-19
LatentSpace_v44,Simple lobule,22,29,-7
LatentSpace_v44,Crus 1,22,26,-4
LatentSpace_v44,Crus 2,22,27,-5
LatentSpace_v44,Paramedian lobule,23,33,-10
LatentSpace_v44,Copula pyramidis,24,34,-10
LatentSpace_v44,Flocculus,21,34,-13
LatentSpace_v44,Paraflocculus,29,36,-7
LatentSpace_v44,Cerebellar nuclei,21,11,10
LatentSpace_v45,Cortical subplate-other,9,15,-6
LatentSpace_v45,Claustrum,26,33,-7
LatentSpace_v45,Endopiriform nucleus,15,32,-17
LatentSpace_v45,Olfactory areas-other,20,33,-13
LatentSpace_v45,Postpiriform transition area,12,27,-15
LatentSpace_v45,Piriform area,15,34,-19
LatentSpace_v45,Taenia tecta,12,28,-16
LatentSpace_v45,Cortical amygdalar area,8,19,-11
LatentSpace_v45,Piriform-amygdalar area,9,28,-19
LatentSpace_v45,Main olfactory bulb,38,10,28
LatentSpace_v45,Accessory olfactory bulb,28,19,9
LatentSpace_v45,Anterior olfactory nucleus,6,32,-26
LatentSpace_v45,Subiculum,7,35,-28
LatentSpace_v45,Entorhinal area,15,22,-7
LatentSpace_v45,Field CA1,7,25,-18
LatentSpace_v45,Field CA2,7,14,-7
LatentSpace_v45,Field CA3,9,8,1
LatentSpace_v45,Dentate gyrus,9,3,6
LatentSpace_v45,Anterior cingulate area,36,39,-3
LatentSpace_v45,Infralimbic area,12,26,-14
LatentSpace_v45,Retrosplenial area,25,36,-11
LatentSpace_v45,Prelimbic area,25,35,-10
LatentSpace_v45,Primary auditory area,35,38,-3
LatentSpace_v45,Dorsal auditory area,33,38,-5
LatentSpace_v45,Ventral auditory area,36,38,-2
LatentSpace_v45,Agranular insular area,23,37,-14
LatentSpace_v45,Ectorhinal area,22,33,-11
LatentSpace_v45,Primary motor area,35,38,-3
LatentSpace_v45,Secondary motor area,35,38,-3
LatentSpace_v45,"Frontal pole, cerebral cortex",31,40,-9
LatentSpace_v45,Orbital area,23,35,-12
LatentSpace_v45,Posterior parietal association areas,32,38,-6
LatentSpace_v45,Perirhinal area,17,32,-15
LatentSpace_v45,Primary somatosensory area,29,35,-6
LatentSpace_v45,Supplemental somatosensory area,35,38,-3
LatentSpace_v45,Temporal association areas,29,33,-4
LatentSpace_v45,Visual areas,27,38,-11
LatentSpace_v45,Pallidum,11,6,5
LatentSpace_v45,Striatum ventral region,6,3,3
LatentSpace_v45,Lateral septal complex,14,4,10
LatentSpace_v45,Caudoputamen,3,3,0
LatentSpace_v45,Medial amygdalar nucleus,10,7,3
LatentSpace_v45,Hypothalamus,9,9,0
LatentSpace_v45,Thalamus,7,1,6
LatentSpace_v45,Inferior colliculus,5,9,-4
LatentSpace_v45,"Superior colliculus, sensory related",7,10,-3
LatentSpace_v45,Midbrain raphe nuclei,15,12,3
LatentSpace_v45,Midbrain-other,9,10,-1
LatentSpace_v45,Periaqueductal gray,7,11,-4
LatentSpace_v45,Pons,10,9,1
LatentSpace_v45,Medulla,12,9,3
LatentSpace_v45,Lingula (I),8,34,-26
LatentSpace_v45,Central lobule,13,34,-21
LatentSpace_v45,Culmen,29,34,-5
LatentSpace_v45,Declive (VI),26,28,-2
LatentSpace_v45,Folium-tuber vermis (VII),30,31,-1
LatentSpace_v45,Pyramus (VIII),33,32,1
LatentSpace_v45,Uvula (IX),18,34,-16
LatentSpace_v45,Nodulus (X),12,35,-23
LatentSpace_v45,Simple lobule,24,29,-5
LatentSpace_v45,Crus 1,24,26,-2
LatentSpace_v45,Crus 2,24,27,-3
LatentSpace_v45,Paramedian lobule,29,33,-4
LatentSpace_v45,Copula pyramidis,34,34,0
LatentSpace_v45,Flocculus,30,34,-4
LatentSpace_v45,Paraflocculus,33,36,-3
LatentSpace_v45,Cerebellar nuclei,12,11,1
LatentSpace_v46,Cortical subplate-other,13,15,-2
LatentSpace_v46,Claustrum,21,33,-12
LatentSpace_v46,Endopiriform nucleus,13,32,-19
LatentSpace_v46,Olfactory areas-other,5,33,-28
LatentSpace_v46,Postpiriform transition area,11,27,-16
LatentSpace_v46,Piriform area,13,34,-21
LatentSpace_v46,Taenia tecta,7,28,-21
LatentSpace_v46,Cortical amygdalar area,10,19,-9
LatentSpace_v46,Piriform-amygdalar area,6,28,-22
LatentSpace_v46,Main olfactory bulb,33,10,23
LatentSpace_v46,Accessory olfactory bulb,33,19,14
LatentSpace_v46,Anterior olfactory nucleus,4,32,-28
LatentSpace_v46,Subiculum,4,35,-31
LatentSpace_v46,Entorhinal area,17,22,-5
LatentSpace_v46,Field CA1,4,25,-21
LatentSpace_v46,Field CA2,5,14,-9
LatentSpace_v46,Field CA3,6,8,-2
LatentSpace_v46,Dentate gyrus,5,3,2
LatentSpace_v46,Anterior cingulate area,32,39,-7
LatentSpace_v46,Infralimbic area,8,26,-18
LatentSpace_v46,Retrosplenial area,22,36,-14
LatentSpace_v46,Prelimbic area,25,35,-10
LatentSpace_v46,Primary auditory area,31,38,-7
LatentSpace_v46,Dorsal auditory area,35,38,-3
LatentSpace_v46,Ventral auditory area,30,38,-8
LatentSpace_v46,Agranular insular area,22,37,-15
LatentSpace_v46,Ectorhinal area,16,33,-17
LatentSpace_v46,Primary motor area,35,38,-3
LatentSpace_v46,Secondary motor area,32,38,-6
LatentSpace_v46,"Frontal pole, cerebral cortex",26,40,-14
LatentSpace_v46,Orbital area,24,35,-11
LatentSpace_v46,Posterior parietal association areas,30,38,-8
LatentSpace_v46,Perirhinal area,19,32,-13
LatentSpace_v46,Primary somatosensory area,29,35,-6
LatentSpace_v46,Supplemental somatosensory area,32,38,-6
LatentSpace_v46,Temporal association areas,23,33,-10
LatentSpace_v46,Visual areas,32,38,-6
LatentSpace_v46,Pallidum,8,6,2
LatentSpace_v46,Striatum ventral region,9,3,6
LatentSpace_v46,Lateral septal complex,13,4,9
LatentSpace_v46,Caudoputamen,3,3,0
LatentSpace_v46,Medial amygdalar nucleus,11,7,4
LatentSpace_v46,Hypothalamus,11,9,2
LatentSpace_v46,Thalamus,1,1,0
LatentSpace_v46,Inferior colliculus,9,9,0
LatentSpace_v46,"Superior colliculus, sensory related",9,10,-1
LatentSpace_v46,Midbrain raphe nuclei,14,12,2
LatentSpace_v46,Midbrain-other,13,10,3
LatentSpace_v46,Periaqueductal gray,13,11,2
LatentSpace_v46,Pons,10,9,1
LatentSpace_v46,Medulla,12,9,3
LatentSpace_v46,Lingula (I),17,34,-17
LatentSpace_v46,Central lobule,24,34,-10
LatentSpace_v46,Culmen,29,34,-5
LatentSpace_v46,Declive (VI),23,28,-5
LatentSpace_v46,Folium-tuber vermis (VII),23,31,-8
LatentSpace_v46,Pyramus (VIII),30,32,-2
LatentSpace_v46,Uvula (IX),29,34,-5
LatentSpace_v46,Nodulus (X),20,35,-15
LatentSpace_v46,Simple lobule,24,29,-5
LatentSpace_v46,Crus 1,23,26,-3
LatentSpace_v46,Crus 2,23,27,-4
LatentSpace_v46,Paramedian lobule,25,33,-8
LatentSpace_v46,Copula pyramidis,29,34,-5
LatentSpace_v46,Flocculus,16,34,-18
LatentSpace_v46,Paraflocculus,31,36,-5
LatentSpace_v46,Cerebellar nuclei,19,11,8
LatentSpace_v47,Cortical subplate-other,8,15,-7
LatentSpace_v47,Claustrum,22,33,-11
LatentSpace_v47,Endopiriform nucleus,11,32,-21
LatentSpace_v47,Olfactory areas-other,13,33,-20
LatentSpace_v47,Postpiriform transition area,12,27,-15
LatentSpace_v47,Piriform area,18,34,-16
LatentSpace_v47,Taenia tecta,9,28,-19
LatentSpace_v47,Cortical amygdalar area,9,19,-10
LatentSpace_v47,Piriform-amygdalar area,6,28,-22
LatentSpace_v47,Main olfactory bulb,26,10,16
LatentSpace_v47,Accessory olfactory bulb,52,19,33
LatentSpace_v47,Anterior olfactory nucleus,15,32,-17
LatentSpace_v47,Subiculum,4,35,-31
LatentSpace_v47,Entorhinal area,14,22,-8
LatentSpace_v47,Field CA1,7,25,-18
LatentSpace_v47,Field CA2,6,14,-8
LatentSpace_v47,Field CA3,8,8,0
LatentSpace_v47,Dentate gyrus,9,3,6
LatentSpace_v47,Anterior cingulate area,35,39,-4
LatentSpace_v47,Infralimbic area,10,26,-16
LatentSpace_v47,Retrosplenial area,23,36,-13
LatentSpace_v47,Prelimbic area,30,35,-5
LatentSpace_v47,Primary auditory area,38,38,0
LatentSpace_v47,Dorsal auditory area,35,38,-3
LatentSpace_v47,Ventral auditory area,36,38,-2
LatentSpace_v47,Agranular insular area,23,37,-14
LatentSpace_v47,Ectorhinal area,23,33,-10
LatentSpace_v47,Primary motor area,35,38,-3
LatentSpace_v47,Secondary motor area,36,38,-2
LatentSpace_v47,"Frontal pole, cerebral cortex",33,40,-7
LatentSpace_v47,Orbital area,25,35,-10
LatentSpace_v47,Posterior parietal association areas,35,38,-3
LatentSpace_v47,Perirhinal area,19,32,-13
LatentSpace_v47,Primary somatosensory area,30,35,-5
LatentSpace_v47,Supplemental somatosensory area,38,38,0
LatentSpace_v47,Temporal association areas,29,33,-4
LatentSpace_v47,Visual areas,35,38,-3
LatentSpace_v47,Pallidum,11,6,5
LatentSpace_v47,Striatum ventral region,8,3,5
LatentSpace_v47,Lateral septal complex,8,4,4
LatentSpace_v47,Caudoputamen,3,3,0
LatentSpace_v47,Medial amygdalar nucleus,10,7,3
LatentSpace_v47,Hypothalamus,7,9,-2
LatentSpace_v47,Thalamus,8,1,7
LatentSpace_v47,Inferior colliculus,6,9,-3
LatentSpace_v47,"Superior colliculus, sensory related",12,10,2
LatentSpace_v47,Midbrain raphe nuclei,13,12,1
LatentSpace_v47,Midbrain-other,14,10,4
LatentSpace_v47,Periaqueductal gray,12,11,1
LatentSpace_v47,Pons,9,9,0
LatentSpace_v47,Medulla,11,9,2
LatentSpace_v47,Lingula (I),13,34,-21
LatentSpace_v47,Central lobule,9,34,-25
LatentSpace_v47,Culmen,25,34,-9
LatentSpace_v47,Declive (VI),23,28,-5
LatentSpace_v47,Folium-tuber vermis (VII),25,31,-6
LatentSpace_v47,Pyramus (VIII),32,32,0
LatentSpace_v47,Uvula (IX),20,34,-14
LatentSpace_v47,Nodulus (X),28,35,-7
LatentSpace_v47,Simple lobule,22,29,-7
LatentSpace_v47,Crus 1,22,26,-4
LatentSpace_v47,Crus 2,22,27,-5
LatentSpace_v47,Paramedian lobule,26,33,-7
LatentSpace_v47,Copula pyramidis,33,34,-1
LatentSpace_v47,Flocculus,19,34,-15
LatentSpace_v47,Paraflocculus,26,36,-10
LatentSpace_v47,Cerebellar nuclei,11,11,0
LatentSpace_v48,Cortical subplate-other,14,15,-1
LatentSpace_v48,Claustrum,4,33,-29
LatentSpace_v48,Endopiriform nucleus,11,32,-21
LatentSpace_v48,Olfactory areas-other,11,33,-22
LatentSpace_v48,Postpiriform transition area,12,27,-15
LatentSpace_v48,Piriform area,16,34,-18
LatentSpace_v48,Taenia tecta,12,28,-16
LatentSpace_v48,Cortical amygdalar area,14,19,-5
LatentSpace_v48,Piriform-amygdalar area,15,28,-13
LatentSpace_v48,Main olfactory bulb,12,10,2
LatentSpace_v48,Accessory olfactory bulb,37,19,18
LatentSpace_v48,Anterior olfactory nucleus,11,32,-21
LatentSpace_v48,Subiculum,4,35,-31
LatentSpace_v48,Entorhinal area,17,22,-5
LatentSpace_v48,Field CA1,15,25,-10
LatentSpace_v48,Field CA2,30,14,16
LatentSpace_v48,Field CA3,7,8,-1
LatentSpace_v48,Dentate gyrus,8,3,5
LatentSpace_v48,Anterior cingulate area,35,39,-4
LatentSpace_v48,Infralimbic area,12,26,-14
LatentSpace_v48,Retrosplenial area,26,36,-10
LatentSpace_v48,Prelimbic area,23,35,-12
LatentSpace_v48,Primary auditory area,36,38,-2
LatentSpace_v48,Dorsal auditory area,35,38,-3
LatentSpace_v48,Ventral auditory area,34,38,-4
LatentSpace_v48,Agranular insular area,16,37,-21
LatentSpace_v48,Ectorhinal area,19,33,-14
LatentSpace_v48,Primary motor area,35,38,-3
LatentSpace_v48,Secondary motor area,36,38,-2
LatentSpace_v48,"Frontal pole, cerebral cortex",31,40,-9
LatentSpace_v48,Orbital area,21,35,-14
LatentSpace_v48,Posterior parietal association areas,35,38,-3
LatentSpace_v48,Perirhinal area,17,32,-15
LatentSpace_v48,Primary somatosensory area,28,35,-7
LatentSpace_v48,Supplemental somatosensory area,36,38,-2
LatentSpace_v48,Temporal association areas,28,33,-5
LatentSpace_v48,Visual areas,35,38,-3
LatentSpace_v48,Pallidum,7,6,1
LatentSpace_v48,Striatum ventral region,7,3,4
LatentSpace_v48,Lateral septal complex,8,4,4
LatentSpace_v48,Caudoputamen,3,3,0
LatentSpace_v48,Medial amygdalar nucleus,10,7,3
LatentSpace_v48,Hypothalamus,10,9,1
LatentSpace_v48,Thalamus,14,1,13
LatentSpace_v48,Inferior colliculus,10,9,1
LatentSpace_v48,"Superior colliculus, sensory related",9,10,-1
LatentSpace_v48,Midbrain raphe nuclei,17,12,5
LatentSpace_v48,Midbrain-other,13,10,3
LatentSpace_v48,Periaqueductal gray,12,11,1
LatentSpace_v48,Pons,9,9,0
LatentSpace_v48,Medulla,12,9,3
LatentSpace_v48,Lingula (I),17,34,-17
LatentSpace_v48,Central lobule,31,34,-3
LatentSpace_v48,Culmen,30,34,-4
LatentSpace_v48,Declive (VI),22,28,-6
LatentSpace_v48,Folium-tuber vermis (VII),22,31,-9
LatentSpace_v48,Pyramus (VIII),23,32,-9
LatentSpace_v48,Uvula (IX),31,34,-3
LatentSpace_v48,Nodulus (X),30,35,-5
LatentSpace_v48,Simple lobule,22,29,-7
LatentSpace_v48,Crus 1,21,26,-5
LatentSpace_v48,Crus 2,21,27,-6
LatentSpace_v48,Paramedian lobule,22,33,-11
LatentSpace_v48,Copula pyramidis,23,34,-11
LatentSpace_v48,Flocculus,29,34,-5
LatentSpace_v48,Paraflocculus,23,36,-13
LatentSpace_v48,Cerebellar nuclei,34,11,23
LatentSpace_v49,Cortical subplate-other,6,15,-9
LatentSpace_v49,Claustrum,19,33,-14
LatentSpace_v49,Endopiriform nucleus,5,32,-27
LatentSpace_v49,Olfactory areas-other,13,33,-20
LatentSpace_v49,Postpiriform transition area,9,27,-18
LatentSpace_v49,Piriform area,10,34,-24
LatentSpace_v49,Taenia tecta,12,28,-16
LatentSpace_v49,Cortical amygdalar area,5,19,-14
LatentSpace_v49,Piriform-amygdalar area,13,28,-15
LatentSpace_v49,Main olfactory bulb,24,10,14
LatentSpace_v49,Accessory olfactory bulb,35,19,16
LatentSpace_v49,Anterior olfactory nucleus,11,32,-21
LatentSpace_v49,Subiculum,3,35,-32
LatentSpace_v49,Entorhinal area,10,22,-12
LatentSpace_v49,Field CA1,8,25,-17
LatentSpace_v49,Field CA2,11,14,-3
LatentSpace_v49,Field CA3,6,8,-2
LatentSpace_v49,Dentate gyrus,9,3,6
LatentSpace_v49,Anterior cingulate area,40,39,1
LatentSpace_v49,Infralimbic area,10,26,-16
LatentSpace_v49,Retrosplenial area,36,36,0
LatentSpace_v49,Prelimbic area,32,35,-3
LatentSpace_v49,Primary auditory area,38,38,0
LatentSpace_v49,Dorsal auditory area,37,38,-1
LatentSpace_v49,Ventral auditory area,39,38,1
LatentSpace_v49,Agranular insular area,25,37,-12
LatentSpace_v49,Ectorhinal area,24,33,-9
LatentSpace_v49,Primary motor area,36,38,-2
LatentSpace_v49,Secondary motor area,38,38,0
LatentSpace_v49,"Frontal pole, cerebral cortex",37,40,-3
LatentSpace_v49,Orbital area,27,35,-8
LatentSpace_v49,Posterior parietal association areas,37,38,-1
LatentSpace_v49,Perirhinal area,19,32,-13
LatentSpace_v49,Primary somatosensory area,35,35,0
LatentSpace_v49,Supplemental somatosensory area,38,38,0
LatentSpace_v49,Temporal association areas,35,33,2
LatentSpace_v49,Visual areas,37,38,-1
LatentSpace_v49,Pallidum,7,6,1
LatentSpace_v49,Striatum ventral region,7,3,4
LatentSpace_v49,Lateral septal complex,8,4,4
LatentSpace_v49,Caudoputamen,3,3,0
LatentSpace_v49,Medial amygdalar nucleus,10,7,3
LatentSpace_v49,Hypothalamus,7,9,-2
LatentSpace_v49,Thalamus,11,1,10
LatentSpace_v49,Inferior colliculus,6,9,-3
LatentSpace_v49,"Superior colliculus, sensory related",5,10,-5
LatentSpace_v49,Midbrain raphe nuclei,15,12,3
LatentSpace_v49,Midbrain-other,10,10,0
LatentSpace_v49,Periaqueductal gray,11,11,0
LatentSpace_v49,Pons,10,9,1
LatentSpace_v49,Medulla,10,9,1
LatentSpace_v49,Lingula (I),14,34,-20
LatentSpace_v49,Central lobule,13,34,-21
LatentSpace_v49,Culmen,27,34,-7
LatentSpace_v49,Declive (VI),23,28,-5
LatentSpace_v49,Folium-tuber vermis (VII),23,31,-8
LatentSpace_v49,Pyramus (VIII),24,32,-8
LatentSpace_v49,Uvula (IX),19,34,-15
LatentSpace_v49,Nodulus (X),13,35,-22
LatentSpace_v49,Simple lobule,23,29,-6
LatentSpace_v49,Crus 1,22,26,-4
LatentSpace_v49,Crus 2,22,27,-5
LatentSpace_v49,Paramedian lobule,23,33,-10
LatentSpace_v49,Copula pyramidis,24,34,-10
LatentSpace_v49,Flocculus,33,34,-1
LatentSpace_v49,Paraflocculus,23,36,-13
LatentSpace_v49,Cerebellar nuclei,19,11,8
LatentSpace_v50,Cortical subplate-other,9,15,-6
LatentSpace_v50,Claustrum,24,33,-9
LatentSpace_v50,Endopiriform nucleus,11,32,-21
LatentSpace_v50,Olfactory areas-other,10,33,-23
LatentSpace_v50,Postpiriform transition area,12,27,-15
LatentSpace_v50,Piriform area,14,34,-20
LatentSpace_v50,Taenia tecta,11,28,-17
LatentSpace_v50,Cortical amygdalar area,11,19,-8
LatentSpace_v50,Piriform-amygdalar area,12,28,-16
LatentSpace_v50,Main olfactory bulb,27,10,17
LatentSpace_v50,Accessory olfactory bulb,28,19,9
LatentSpace_v50,Anterior olfactory nucleus,7,32,-25
LatentSpace_v50,Subiculum,6,35,-29
LatentSpace_v50,Entorhinal area,15,22,-7
LatentSpace_v50,Field CA1,8,25,-17
LatentSpace_v50,Field CA2,8,14,-6
LatentSpace_v50,Field CA3,7,8,-1
LatentSpace_v50,Dentate gyrus,8,3,5
LatentSpace_v50,Anterior cingulate area,34,39,-5
LatentSpace_v50,Infralimbic area,11,26,-15
LatentSpace_v50,Retrosplenial area,23,36,-13
LatentSpace_v50,Prelimbic area,26,35,-9
LatentSpace_v50,Primary auditory area,35,38,-3
LatentSpace_v50,Dorsal auditory area,35,38,-3
LatentSpace_v50,Ventral auditory area,38,38,0
LatentSpace_v50,Agranular insular area,21,37,-16
LatentSpace_v50,Ectorhinal area,23,33,-10
LatentSpace_v50,Primary motor area,35,38,-3
LatentSpace_v50,Secondary motor area,35,38,-3
LatentSpace_v50,"Frontal pole, cerebral cortex",32,40,-8
LatentSpace_v50,Orbital area,21,35,-14
LatentSpace_v50,Posterior parietal association areas,32,38,-6
LatentSpace_v50,Perirhinal area,18,32,-14
LatentSpace_v50,Primary somatosensory area,31,35,-4
LatentSpace_v50,Supplemental somatosensory area,36,38,-2
LatentSpace_v50,Temporal association areas,31,33,-2
LatentSpace_v50,Visual areas,32,38,-6
LatentSpace_v50,Pallidum,6,6,0
LatentSpace_v50,Striatum ventral region,5,3,2
LatentSpace_v50,Lateral septal complex,4,4,0
LatentSpace_v50,Caudoputamen,3,3,0
LatentSpace_v50,Medial amygdalar nucleus,10,7,3
LatentSpace_v50,Hypothalamus,5,9,-4
LatentSpace_v50,Thalamus,7,1,6
LatentSpace_v50,Inferior colliculus,7,9,-2
LatentSpace_v50,"Superior colliculus, sensory related",5,10,-5
LatentSpace_v50,Midbrain raphe nuclei,13,12,1
LatentSpace_v50,Midbrain-other,12,10,2
LatentSpace_v50,Periaqueductal gray,11,11,0
LatentSpace_v50,Pons,9,9,0
LatentSpace_v50,Medulla,9,9,0
LatentSpace_v50,Lingula (I),11,34,-23
LatentSpace_v50,Central lobule,10,34,-24
LatentSpace_v50,Culmen,30,34,-4
LatentSpace_v50,Declive (VI),23,28,-5
LatentSpace_v50,Folium-tuber vermis (VII),23,31,-8
LatentSpace_v50,Pyramus (VIII),23,32,-9
LatentSpace_v50,Uvula (IX),26,34,-8
LatentSpace_v50,Nodulus (X),18,35,-17
LatentSpace_v50,Simple lobule,24,29,-5
LatentSpace_v50,Crus 1,23,26,-3
LatentSpace_v50,Crus 2,23,27,-4
LatentSpace_v50,Paramedian lobule,23,33,-10
LatentSpace_v50,Copula pyramidis,23,34,-11
LatentSpace_v50,Flocculus,26,34,-8
LatentSpace_v50,Paraflocculus,23,36,-13
LatentSpace_v50,Cerebellar nuclei,11,11,0
LatentSpace_v51,Cortical subplate-other,8,15,-7
LatentSpace_v51,Claustrum,24,33,-9
LatentSpace_v51,Endopiriform nucleus,10,32,-22
LatentSpace_v51,Olfactory areas-other,18,33,-15
LatentSpace_v51,Postpiriform transition area,5,27,-22
LatentSpace_v51,Piriform area,9,34,-25
LatentSpace_v51,Taenia tecta,15,28,-13
LatentSpace_v51,Cortical amygdalar area,4,19,-15
LatentSpace_v51,Piriform-amygdalar area,6,28,-22
LatentSpace_v51,Main olfactory bulb,22,10,12
LatentSpace_v51,Accessory olfactory bulb,29,19,10
LatentSpace_v51,Anterior olfactory nucleus,14,32,-18
LatentSpace_v51,Subiculum,7,35,-28
LatentSpace_v51,Entorhinal area,5,22,-17
LatentSpace_v51,Field CA1,7,25,-18
LatentSpace_v51,Field CA2,6,14,-8
LatentSpace_v51,Field CA3,6,8,-2
LatentSpace_v51,Dentate gyrus,7,3,4
LatentSpace_v51,Anterior cingulate area,36,39,-3
LatentSpace_v51,Infralimbic area,10,26,-16
LatentSpace_v51,Retrosplenial area,31,36,-5
LatentSpace_v51,Prelimbic area,33,35,-2
LatentSpace_v51,Primary auditory area,35,38,-3
LatentSpace_v51,Dorsal auditory area,35,38,-3
LatentSpace_v51,Ventral auditory area,38,38,0
LatentSpace_v51,Agranular insular area,24,37,-13
LatentSpace_v51,Ectorhinal area,23,33,-10
LatentSpace_v51,Primary motor area,35,38,-3
LatentSpace_v51,Secondary motor area,37,38,-1
LatentSpace_v51,"Frontal pole, cerebral cortex",35,40,-5
LatentSpace_v51,Orbital area,23,35,-12
LatentSpace_v51,Posterior parietal association areas,35,38,-3
LatentSpace_v51,Perirhinal area,17,32,-15
LatentSpace_v51,Primary somatosensory area,31,35,-4
LatentSpace_v51,Supplemental somatosensory area,36,38,-2
LatentSpace_v51,Temporal association areas,33,33,0
LatentSpace_v51,Visual areas,35,38,-3
LatentSpace_v51,Pallidum,8,6,2
LatentSpace_v51,Striatum ventral region,6,3,3
LatentSpace_v51,Lateral septal complex,8,4,4
LatentSpace_v51,Caudoputamen,3,3,0
LatentSpace_v51,Medial amygdalar nucleus,8,7,1
LatentSpace_v51,Hypothalamus,9,9,0
LatentSpace_v51,Thalamus,6,1,5
LatentSpace_v51,Inferior colliculus,8,9,-1
LatentSpace_v51,"Superior colliculus, sensory related",8,10,-2
LatentSpace_v51,Midbrain raphe nuclei,14,12,2
LatentSpace_v51,Midbrain-other,12,10,2
LatentSpace_v51,Periaqueductal gray,12,11,1
LatentSpace_v51,Pons,9,9,0
LatentSpace_v51,Medulla,10,9,1
LatentSpace_v51,Lingula (I),11,34,-23
LatentSpace_v51,Central lobule,8,34,-26
LatentSpace_v51,Culmen,27,34,-7
LatentSpace_v51,Declive (VI),23,28,-5
LatentSpace_v51,Folium-tuber vermis (VII),23,31,-8
LatentSpace_v51,Pyramus (VIII),23,32,-9
LatentSpace_v51,Uvula (IX),16,34,-18
LatentSpace_v51,Nodulus (X),13,35,-22
LatentSpace_v51,Simple lobule,23,29,-6
LatentSpace_v51,Crus 1,22,26,-4
LatentSpace_v51,Crus 2,22,27,-5
LatentSpace_v51,Paramedian lobule,23,33,-10
LatentSpace_v51,Copula pyramidis,25,34,-9
LatentSpace_v51,Flocculus,22,34,-12
LatentSpace_v51,Paraflocculus,27,36,-9
LatentSpace_v51,Cerebellar nuclei,10,11,-1
LatentSpace_v52,Cortical subplate-other,9,15,-6
LatentSpace_v52,Claustrum,21,33,-12
LatentSpace_v52,Endopiriform nucleus,15,32,-17
LatentSpace_v52,Olfactory areas-other,18,33,-15
LatentSpace_v52,Postpiriform transition area,10,27,-17
LatentSpace_v52,Piriform area,14,34,-20
LatentSpace_v52,Taenia tecta,13,28,-15
LatentSpace_v52,Cortical amygdalar area,7,19,-12
LatentSpace_v52,Piriform-amygdalar area,9,28,-19
LatentSpace_v52,Main olfactory bulb,26,10,16
LatentSpace_v52,Accessory olfactory bulb,41,19,22
LatentSpace_v52,Anterior olfactory nucleus,14,32,-18
LatentSpace_v52,Subiculum,4,35,-31
LatentSpace_v52,Entorhinal area,13,22,-9
LatentSpace_v52,Field CA1,3,25,-22
LatentSpace_v52,Field CA2,4,14,-10
LatentSpace_v52,Field CA3,5,8,-3
LatentSpace_v52,Dentate gyrus,6,3,3
LatentSpace_v52,Anterior cingulate area,33,39,-6
LatentSpace_v52,Infralimbic area,11,26,-15
LatentSpace_v52,Retrosplenial area,24,36,-12
LatentSpace_v52,Prelimbic area,26,35,-9
LatentSpace_v52,Primary auditory area,35,38,-3
LatentSpace_v52,Dorsal auditory area,35,38,-3
LatentSpace_v52,Ventral auditory area,34,38,-4
LatentSpace_v52,Agranular insular area,18,37,-19
LatentSpace_v52,Ectorhinal area,22,33,-11
LatentSpace_v52,Primary motor area,35,38,-3
LatentSpace_v52,Secondary motor area,32,38,-6
LatentSpace_v52,"Frontal pole, cerebral cortex",26,40,-14
LatentSpace_v52,Orbital area,27,35,-8
LatentSpace_v52,Posterior parietal association areas,34,38,-4
LatentSpace_v52,Perirhinal area,16,32,-16
LatentSpace_v52,Primary somatosensory area,26,35,-9
LatentSpace_v52,Supplemental somatosensory area,35,38,-3
LatentSpace_v52,Temporal association areas,27,33,-6
LatentSpace_v52,Visual areas,31,38,-7
LatentSpace_v52,Pallidum,9,6,3
LatentSpace_v52,Striatum ventral region,6,3,3
LatentSpace_v52,Lateral septal complex,8,4,4
LatentSpace_v52,Caudoputamen,3,3,0
LatentSpace_v52,Medial amygdalar nucleus,10,7,3
LatentSpace_v52,Hypothalamus,7,9,-2
LatentSpace_v52,Thalamus,1,1,0
LatentSpace_v52,Inferior colliculus,6,9,-3
LatentSpace_v52,"Superior colliculus, sensory related",7,10,-3
LatentSpace_v52,Midbrain raphe nuclei,13,12,1
LatentSpace_v52,Midbrain-other,10,10,0
LatentSpace_v52,Periaqueductal gray,10,11,-1
LatentSpace_v52,Pons,12,9,3
LatentSpace_v52,Medulla,11,9,2
LatentSpace_v52,Lingula (I),18,34,-16
LatentSpace_v52,Central lobule,28,34,-6
LatentSpace_v52,Culmen,25,34,-9
LatentSpace_v52,Declive (VI),23,28,-5
LatentSpace_v52,Folium-tuber vermis (VII),24,31,-7
LatentSpace_v52,Pyramus (VIII),28,32,-4
LatentSpace_v52,Uvula (IX),34,34,0
LatentSpace_v52,Nodulus (X),24,35,-11
LatentSpace_v52,Simple lobule,23,29,-6
LatentSpace_v52,Crus 1,23,26,-3
LatentSpace_v52,Crus 2,23,27,-4
LatentSpace_v52,Paramedian lobule,23,33,-10
LatentSpace_v52,Copula pyramidis,27,34,-7
LatentSpace_v52,Flocculus,33,34,-1
LatentSpace_v52,Paraflocculus,27,36,-9
LatentSpace_v52,Cerebellar nuclei,28,11,17
LatentSpace_v53,Cortical subplate-other,10,15,-5
LatentSpace_v53,Claustrum,23,33,-10
LatentSpace_v53,Endopiriform nucleus,22,32,-10
LatentSpace_v53,Olfactory areas-other,18,33,-15
LatentSpace_v53,Postpiriform transition area,11,27,-16
LatentSpace_v53,Piriform area,20,34,-14
LatentSpace_v53,Taenia tecta,16,28,-12
LatentSpace_v53,Cortical amygdalar area,6,19,-13
LatentSpace_v53,Piriform-amygdalar area,6,28,-22
LatentSpace_v53,Main olfactory bulb,10,10,0
LatentSpace_v53,Accessory olfactory bulb,26,19,7
LatentSpace_v53,Anterior olfactory nucleus,18,32,-14
LatentSpace_v53,Subiculum,5,35,-30
LatentSpace_v53,Entorhinal area,12,22,-10
LatentSpace_v53,Field CA1,8,25,-17
LatentSpace_v53,Field CA2,10,14,-4
LatentSpace_v53,Field CA3,7,8,-1
LatentSpace_v53,Dentate gyrus,9,3,6
LatentSpace_v53,Anterior cingulate area,31,39,-8
LatentSpace_v53,Infralimbic area,13,26,-13
LatentSpace_v53,Retrosplenial area,29,36,-7
LatentSpace_v53,Prelimbic area,26,35,-9
LatentSpace_v53,Primary auditory area,35,38,-3
LatentSpace_v53,Dorsal auditory area,34,38,-4
LatentSpace_v53,Ventral auditory area,36,38,-2
LatentSpace_v53,Agranular insular area,27,37,-10
LatentSpace_v53,Ectorhinal area,24,33,-9
LatentSpace_v53,Primary motor area,35,38,-3
LatentSpace_v53,Secondary motor area,36,38,-2
LatentSpace_v53,"Frontal pole, cerebral cortex",28,40,-12
LatentSpace_v53,Orbital area,27,35,-8
LatentSpace_v53,Posterior parietal association areas,34,38,-4
LatentSpace_v53,Perirhinal area,19,32,-13
LatentSpace_v53,Primary somatosensory area,28,35,-7
LatentSpace_v53,Supplemental somatosensory area,36,38,-2
LatentSpace_v53,Temporal association areas,37,33,4
LatentSpace_v53,Visual areas,34,38,-4
LatentSpace_v53,Pallidum,10,6,4
LatentSpace_v53,Striatum ventral region,7,3,4
LatentSpace_v53,Lateral septal complex,12,4,8
LatentSpace_v53,Caudoputamen,3,3,0
LatentSpace_v53,Medial amygdalar nucleus,11,7,4
LatentSpace_v53,Hypothalamus,5,9,-4
LatentSpace_v53,Thalamus,8,1,7
LatentSpace_v53,Inferior colliculus,3,9,-6
LatentSpace_v53,"Superior colliculus, sensory related",3,10,-7
LatentSpace_v53,Midbrain raphe nuclei,14,12,2
LatentSpace_v53,Midbrain-other,7,10,-3
LatentSpace_v53,Periaqueductal gray,6,11,-5
LatentSpace_v53,Pons,11,9,2
LatentSpace_v53,Medulla,9,9,0
LatentSpace_v53,Lingula (I),5,34,-29
LatentSpace_v53,Central lobule,16,34,-18
LatentSpace_v53,Culmen,25,34,-9
LatentSpace_v53,Declive (VI),23,28,-5
LatentSpace_v53,Folium-tuber vermis (VII),23,31,-8
LatentSpace_v53,Pyramus (VIII),24,32,-8
LatentSpace_v53,Uvula (IX),12,34,-22
LatentSpace_v53,Nodulus (X),5,35,-30
LatentSpace_v53,Simple lobule,22,29,-7
LatentSpace_v53,Crus 1,22,26,-4
LatentSpace_v53,Crus 2,23,27,-4
LatentSpace_v53,Paramedian lobule,24,33,-9
LatentSpace_v53,Copula pyramidis,27,34,-7
LatentSpace_v53,Flocculus,35,34,1
LatentSpace_v53,Paraflocculus,31,36,-5
LatentSpace_v53,Cerebellar nuclei,10,11,-1
LatentSpace_v54,Cortical subplate-other,11,15,-4
LatentSpace_v54,Claustrum,20,33,-13
LatentSpace_v54,Endopiriform nucleus,8,32,-24
LatentSpace_v54,Olfactory areas-other,12,33,-21
LatentSpace_v54,Postpiriform transition area,12,27,-15
LatentSpace_v54,Piriform area,12,34,-22
LatentSpace_v54,Taenia tecta,11,28,-17
LatentSpace_v54,Cortical amygdalar area,10,19,-9
LatentSpace_v54,Piriform-amygdalar area,8,28,-20
LatentSpace_v54,Main olfactory bulb,24,10,14
LatentSpace_v54,Accessory olfactory bulb,35,19,16
LatentSpace_v54,Anterior olfactory nucleus,13,32,-19
LatentSpace_v54,Subiculum,3,35,-32
LatentSpace_v54,Entorhinal area,15,22,-7
LatentSpace_v54,Field CA1,6,25,-19
LatentSpace_v54,Field CA2,6,14,-8
LatentSpace_v54,Field CA3,6,8,-2
LatentSpace_v54,Dentate gyrus,7,3,4
LatentSpace_v54,Anterior cingulate area,34,39,-5
LatentSpace_v54,Infralimbic area,11,26,-15
LatentSpace_v54,Retrosplenial area,23,36,-13
LatentSpace_v54,Prelimbic area,24,35,-11
LatentSpace_v54,Primary auditory area,37,38,-1
LatentSpace_v54,Dorsal auditory area,35,38,-3
LatentSpace_v54,Ventral auditory area,34,38,-4
LatentSpace_v54,Agranular insular area,22,37,-15
LatentSpace_v54,Ectorhinal area,22,33,-11
LatentSpace_v54,Primary motor area,35,38,-3
LatentSpace_v54,Secondary motor area,37,38,-1
LatentSpace_v54,"Frontal pole, cerebral cortex",33,40,-7
LatentSpace_v54,Orbital area,21,35,-14
LatentSpace_v54,Posterior parietal association areas,33,38,-5
LatentSpace_v54,Perirhinal area,21,32,-11
LatentSpace_v54,Primary somatosensory area,29,35,-6
LatentSpace_v54,Supplemental somatosensory area,37,38,-1
LatentSpace_v54,Temporal association areas,28,33,-5
LatentSpace_v54,Visual areas,35,38,-3
LatentSpace_v54,Pallidum,8,6,2
LatentSpace_v54,Striatum ventral region,8,3,5
LatentSpace_v54,Lateral septal complex,10,4,6
LatentSpace_v54,Caudoputamen,3,3,0
LatentSpace_v54,Medial amygdalar nucleus,11,7,4
LatentSpace_v54,Hypothalamus,8,9,-1
LatentSpace_v54,Thalamus,11,1,10
LatentSpace_v54,Inferior colliculus,6,9,-3
LatentSpace_v54,"Superior colliculus, sensory related",8,10,-2
LatentSpace_v54,Midbrain raphe nuclei,14,12,2
LatentSpace_v54,Midbrain-other,12,10,2
LatentSpace_v54,Periaqueductal gray,12,11,1
LatentSpace_v54,Pons,8,9,-1
LatentSpace_v54,Medulla,10,9,1
LatentSpace_v54,Lingula (I),8,34,-26
LatentSpace_v54,Central lobule,10,34,-24
LatentSpace_v54,Culmen,24,34,-10
LatentSpace_v54,Declive (VI),22,28,-6
LatentSpace_v54,Folium-tuber vermis (VII),23,31,-8
LatentSpace_v54,Pyramus (VIII),25,32,-7
LatentSpace_v54,Uvula (IX),20,34,-14
LatentSpace_v54,Nodulus (X),16,35,-19
LatentSpace_v54,Simple lobule,34,29,5
LatentSpace_v54,Crus 1,21,26,-5
LatentSpace_v54,Crus 2,21,27,-6
LatentSpace_v54,Paramedian lobule,23,33,-10
LatentSpace_v54,Copula pyramidis,26,34,-8
LatentSpace_v54,Flocculus,17,34,-17
LatentSpace_v54,Paraflocculus,23,36,-13
LatentSpace_v54,Cerebellar nuclei,11,11,0
LatentSpace_v55,Cortical subplate-other,8,15,-7
LatentSpace_v55,Claustrum,25,33,-8
LatentSpace_v55,Endopiriform nucleus,14,32,-18
LatentSpace_v55,Olfactory areas-other,12,33,-21
LatentSpace_v55,Postpiriform transition area,10,27,-17
LatentSpace_v55,Piriform area,15,34,-19
LatentSpace_v55,Taenia tecta,12,28,-16
LatentSpace_v55,Cortical amygdalar area,4,19,-15
LatentSpace_v55,Piriform-amygdalar area,9,28,-19
LatentSpace_v55,Main olfactory bulb,18,10,8
LatentSpace_v55,Accessory olfactory bulb,26,19,7
LatentSpace_v55,Anterior olfactory nucleus,12,32,-20
LatentSpace_v55,Subiculum,8,35,-27
LatentSpace_v55,Entorhinal area,11,22,-11
LatentSpace_v55,Field CA1,7,25,-18
LatentSpace_v55,Field CA2,7,14,-7
LatentSpace_v55,Field CA3,6,8,-2
LatentSpace_v55,Dentate gyrus,6,3,3
LatentSpace_v55,Anterior cingulate area,36,39,-3
LatentSpace_v55,Infralimbic area,11,26,-15
LatentSpace_v55,Retrosplenial area,26,36,-10
LatentSpace_v55,Prelimbic area,24,35,-11
LatentSpace_v55,Primary auditory area,35,38,-3
LatentSpace_v55,Dorsal auditory area,35,38,-3
LatentSpace_v55,Ventral auditory area,38,38,0
LatentSpace_v55,Agranular insular area,17,37,-20
LatentSpace_v55,Ectorhinal area,23,33,-10
LatentSpace_v55,Primary motor area,35,38,-3
LatentSpace_v55,Secondary motor area,36,38,-2
LatentSpace_v55,"Frontal pole, cerebral cortex",27,40,-13
LatentSpace_v55,Orbital area,23,35,-12
LatentSpace_v55,Posterior parietal association areas,35,38,-3
LatentSpace_v55,Perirhinal area,18,32,-14
LatentSpace_v55,Primary somatosensory area,30,35,-5
LatentSpace_v55,Supplemental somatosensory area,35,38,-3
LatentSpace_v55,Temporal association areas,34,33,1
LatentSpace_v55,Visual areas,35,38,-3
LatentSpace_v55,Pallidum,7,6,1
LatentSpace_v55,Striatum ventral region,4,3,1
LatentSpace_v55,Lateral septal complex,12,4,8
LatentSpace_v55,Caudoputamen,3,3,0
LatentSpace_v55,Medial amygdalar nucleus,8,7,1
LatentSpace_v55,Hypothalamus,6,9,-3
LatentSpace_v55,Thalamus,12,1,11
LatentSpace_v55,Inferior colliculus,7,9,-2
LatentSpace_v55,"Superior colliculus, sensory related",7,10,-3
LatentSpace_v55,Midbrain raphe nuclei,13,12,1
LatentSpace_v55,Midbrain-other,13,10,3
LatentSpace_v55,Periaqueductal gray,13,11,2
LatentSpace_v55,Pons,11,9,2
LatentSpace_v55,Medulla,13,9,4
LatentSpace_v55,Lingula (I),12,34,-22
LatentSpace_v55,Central lobule,8,34,-26
LatentSpace_v55,Culmen,22,34,-12
LatentSpace_v55,Declive (VI),22,28,-6
LatentSpace_v55,Folium-tuber vermis (VII),23,31,-8
LatentSpace_v55,Pyramus (VIII),23,32,-9
LatentSpace_v55,Uvula (IX),29,34,-5
LatentSpace_v55,Nodulus (X),14,35,-21
LatentSpace_v55,Simple lobule,22,29,-7
LatentSpace_v55,Crus 1,22,26,-4
LatentSpace_v55,Crus 2,22,27,-5
LatentSpace_v55,Paramedian lobule,23,33,-10
LatentSpace_v55,Copula pyramidis,23,34,-11
LatentSpace_v55,Flocculus,31,34,-3
LatentSpace_v55,Paraflocculus,25,36,-11
LatentSpace_v55,Cerebellar nuclei,29,11,18
LatentSpace_v56,Cortical subplate-other,8,15,-7
LatentSpace_v56,Claustrum,26,33,-7
LatentSpace_v56,Endopiriform nucleus,10,32,-22
LatentSpace_v56,Olfactory areas-other,8,33,-25
LatentSpace_v56,Postpiriform transition area,12,27,-15
LatentSpace_v56,Piriform area,12,34,-22
LatentSpace_v56,Taenia tecta,10,28,-18
LatentSpace_v56,Cortical amygdalar area,9,19,-10
LatentSpace_v56,Piriform-amygdalar area,9,28,-19
LatentSpace_v56,Main olfactory bulb,8,10,-2
LatentSpace_v56,Accessory olfactory bulb,20,19,1
LatentSpace_v56,Anterior olfactory nucleus,9,32,-23
LatentSpace_v56,Subiculum,7,35,-28
LatentSpace_v56,Entorhinal area,13,22,-9
LatentSpace_v56,Field CA1,6,25,-19
LatentSpace_v56,Field CA2,6,14,-8
LatentSpace_v56,Field CA3,5,8,-3
LatentSpace_v56,Dentate gyrus,6,3,3
LatentSpace_v56,Anterior cingulate area,36,39,-3
LatentSpace_v56,Infralimbic area,11,26,-15
LatentSpace_v56,Retrosplenial area,28,36,-8
LatentSpace_v56,Prelimbic area,26,35,-9
LatentSpace_v56,Primary auditory area,35,38,-3
LatentSpace_v56,Dorsal auditory area,35,38,-3
LatentSpace_v56,Ventral auditory area,37,38,-1
LatentSpace_v56,Agranular insular area,22,37,-15
LatentSpace_v56,Ectorhinal area,23,33,-10
LatentSpace_v56,Primary motor area,35,38,-3
LatentSpace_v56,Secondary motor area,37,38,-1
LatentSpace_v56,"Frontal pole, cerebral cortex",28,40,-12
LatentSpace_v56,Orbital area,25,35,-10
LatentSpace_v56,Posterior parietal association areas,35,38,-3
LatentSpace_v56,Perirhinal area,18,32,-14
LatentSpace_v56,Primary somatosensory area,29,35,-6
LatentSpace_v56,Supplemental somatosensory area,37,38,-1
LatentSpace_v56,Temporal association areas,31,33,-2
LatentSpace_v56,Visual areas,35,38,-3
LatentSpace_v56,Pallidum,11,6,5
LatentSpace_v56,Striatum ventral region,6,3,3
LatentSpace_v56,Lateral septal complex,7,4,3
LatentSpace_v56,Caudoputamen,3,3,0
LatentSpace_v56,Medial amygdalar nucleus,9,7,2
LatentSpace_v56,Hypothalamus,8,9,-1
LatentSpace_v56,Thalamus,7,1,6
LatentSpace_v56,Inferior colliculus,18,9,9
LatentSpace_v56,"Superior colliculus, sensory related",8,10,-2
LatentSpace_v56,Midbrain raphe nuclei,14,12,2
LatentSpace_v56,Midbrain-other,9,10,-1
LatentSpace_v56,Periaqueductal gray,10,11,-1
LatentSpace_v56,Pons,9,9,0
LatentSpace_v56,Medulla,10,9,1
LatentSpace_v56,Lingula (I),13,34,-21
LatentSpace_v56,Central lobule,10,34,-24
LatentSpace_v56,Culmen,24,34,-10
LatentSpace_v56,Declive (VI),23,28,-5
LatentSpace_v56,Folium-tuber vermis (VII),23,31,-8
LatentSpace_v56,Pyramus (VIII),26,32,-6
LatentSpace_v56,Uvula (IX),23,34,-11
LatentSpace_v56,Nodulus (X),18,35,-17
LatentSpace_v56,Simple lobule,23,29,-6
LatentSpace_v56,Crus 1,23,26,-3
LatentSpace_v56,Crus 2,23,27,-4
LatentSpace_v56,Paramedian lobule,23,33,-10
LatentSpace_v56,Copula pyramidis,26,34,-8
LatentSpace_v56,Flocculus,22,34,-12
LatentSpace_v56,Paraflocculus,25,36,-11
LatentSpace_v56,Cerebellar nuclei,23,11,12
LatentSpace_v57,Cortical subplate-other,9,15,-6
LatentSpace_v57,Claustrum,24,33,-9
LatentSpace_v57,Endopiriform nucleus,13,32,-19
LatentSpace_v57,Olfactory areas-other,7,33,-26
LatentSpace_v57,Postpiriform transition area,12,27,-15
LatentSpace_v57,Piriform area,14,34,-20
LatentSpace_v57,Taenia tecta,10,28,-18
LatentSpace_v57,Cortical amygdalar area,9,19,-10
LatentSpace_v57,Piriform-amygdalar area,11,28,-17
LatentSpace_v57,Main olfactory bulb,24,10,14
LatentSpace_v57,Accessory olfactory bulb,28,19,9
LatentSpace_v57,Anterior olfactory nucleus,7,32,-25
LatentSpace_v57,Subiculum,3,35,-32
LatentSpace_v57,Entorhinal area,13,22,-9
LatentSpace_v57,Field CA1,5,25,-20
LatentSpace_v57,Field CA2,6,14,-8
LatentSpace_v57,Field CA3,6,8,-2
LatentSpace_v57,Dentate gyrus,7,3,4
LatentSpace_v57,Anterior cingulate area,36,39,-3
LatentSpace_v57,Infralimbic area,11,26,-15
LatentSpace_v57,Retrosplenial area,25,36,-11
LatentSpace_v57,Prelimbic area,25,35,-10
LatentSpace_v57,Primary auditory area,35,38,-3
LatentSpace_v57,Dorsal auditory area,35,38,-3
LatentSpace_v57,Ventral auditory area,37,38,-1
LatentSpace_v57,Agranular insular area,23,37,-14
LatentSpace_v57,Ectorhinal area,23,33,-10
LatentSpace_v57,Primary motor area,35,38,-3
LatentSpace_v57,Secondary motor area,35,38,-3
LatentSpace_v57,"Frontal pole, cerebral cortex",35,40,-5
LatentSpace_v57,Orbital area,23,35,-12
LatentSpace_v57,Posterior parietal association areas,35,38,-3
LatentSpace_v57,Perirhinal area,15,32,-17
LatentSpace_v57,Primary somatosensory area,31,35,-4
LatentSpace_v57,Supplemental somatosensory area,35,38,-3
LatentSpace_v57,Temporal association areas,27,33,-6
LatentSpace_v57,Visual areas,35,38,-3
LatentSpace_v57,Pallidum,7,6,1
LatentSpace_v57,Striatum ventral region,6,3,3
LatentSpace_v57,Lateral septal complex,10,4,6
LatentSpace_v57,Caudoputamen,3,3,0
LatentSpace_v57,Medial amygdalar nucleus,11,7,4
LatentSpace_v57,Hypothalamus,7,9,-2
LatentSpace_v57,Thalamus,8,1,7
LatentSpace_v57,Inferior colliculus,7,9,-2
LatentSpace_v57,"Superior colliculus, sensory related",9,10,-1
LatentSpace_v57,Midbrain raphe nuclei,14,12,2
LatentSpace_v57,Midbrain-other,13,10,3
LatentSpace_v57,Periaqueductal gray,12,11,1
LatentSpace_v57,Pons,9,9,0
LatentSpace_v57,Medulla,6,9,-3
LatentSpace_v57,Lingula (I),10,34,-24
LatentSpace_v57,Central lobule,8,34,-26
LatentSpace_v57,Culmen,30,34,-4
LatentSpace_v57,Declive (VI),24,28,-4
LatentSpace_v57,Folium-tuber vermis (VII),23,31,-8
LatentSpace_v57,Pyramus (VIII),23,32,-9
LatentSpace_v57,Uvula (IX),25,34,-9
LatentSpace_v57,Nodulus (X),15,35,-20
LatentSpace_v57,Simple lobule,24,29,-5
LatentSpace_v57,Crus 1,22,26,-4
LatentSpace_v57,Crus 2,21,27,-6
LatentSpace_v57,Paramedian lobule,21,33,-12
LatentSpace_v57,Copula pyramidis,23,34,-11
LatentSpace_v57,Flocculus,28,34,-6
LatentSpace_v57,Paraflocculus,23,36,-13
LatentSpace_v57,Cerebellar nuclei,12,11,1
LatentSpace_v58,Cortical subplate-other,9,15,-6
LatentSpace_v58,Claustrum,19,33,-14
LatentSpace_v58,Endopiriform nucleus,8,32,-24
LatentSpace_v58,Olfactory areas-other,9,33,-24
LatentSpace_v58,Postpiriform transition area,11,27,-16
LatentSpace_v58,Piriform area,11,34,-23
LatentSpace_v58,Taenia tecta,12,28,-16
LatentSpace_v58,Cortical amygdalar area,5,19,-14
LatentSpace_v58,Piriform-amygdalar area,8,28,-20
LatentSpace_v58,Main olfactory bulb,27,10,17
LatentSpace_v58,Accessory olfactory bulb,16,19,-3
LatentSpace_v58,Anterior olfactory nucleus,7,32,-25
LatentSpace_v58,Subiculum,5,35,-30
LatentSpace_v58,Entorhinal area,15,22,-7
LatentSpace_v58,Field CA1,7,25,-18
LatentSpace_v58,Field CA2,16,14,2
LatentSpace_v58,Field CA3,6,8,-2
LatentSpace_v58,Dentate gyrus,6,3,3
LatentSpace_v58,Anterior cingulate area,36,39,-3
LatentSpace_v58,Infralimbic area,11,26,-15
LatentSpace_v58,Retrosplenial area,30,36,-6
LatentSpace_v58,Prelimbic area,29,35,-6
LatentSpace_v58,Primary auditory area,37,38,-1
LatentSpace_v58,Dorsal auditory area,36,38,-2
LatentSpace_v58,Ventral auditory area,35,38,-3
LatentSpace_v58,Agranular insular area,27,37,-10
LatentSpace_v58,Ectorhinal area,19,33,-14
LatentSpace_v58,Primary motor area,35,38,-3
LatentSpace_v58,Secondary motor area,36,38,-2
LatentSpace_v58,"Frontal pole, cerebral cortex",37,40,-3
LatentSpace_v58,Orbital area,24,35,-11
LatentSpace_v58,Posterior parietal association areas,35,38,-3
LatentSpace_v58,Perirhinal area,15,32,-17
LatentSpace_v58,Primary somatosensory area,33,35,-2
LatentSpace_v58,Supplemental somatosensory area,37,38,-1
LatentSpace_v58,Temporal association areas,27,33,-6
LatentSpace_v58,Visual areas,35,38,-3
LatentSpace_v58,Pallidum,12,6,6
LatentSpace_v58,Striatum ventral region,7,3,4
LatentSpace_v58,Lateral septal complex,15,4,11
LatentSpace_v58,Caudoputamen,3,3,0
LatentSpace_v58,Medial amygdalar nucleus,10,7,3
LatentSpace_v58,Hypothalamus,9,9,0
LatentSpace_v58,Thalamus,4,1,3
LatentSpace_v58,Inferior colliculus,9,9,0
LatentSpace_v58,"Superior colliculus, sensory related",8,10,-2
LatentSpace_v58,Midbrain raphe nuclei,14,12,2
LatentSpace_v58,Midbrain-other,10,10,0
LatentSpace_v58,Periaqueductal gray,12,11,1
LatentSpace_v58,Pons,10,9,1
LatentSpace_v58,Medulla,7,9,-2
LatentSpace_v58,Lingula (I),18,34,-16
LatentSpace_v58,Central lobule,30,34,-4
LatentSpace_v58,Culmen,29,34,-5
LatentSpace_v58,Declive (VI),23,28,-5
LatentSpace_v58,Folium-tuber vermis (VII),23,31,-8
LatentSpace_v58,Pyramus (VIII),25,32,-7
LatentSpace_v58,Uvula (IX),24,34,-10
LatentSpace_v58,Nodulus (X),16,35,-19
LatentSpace_v58,Simple lobule,23,29,-6
LatentSpace_v58,Crus 1,23,26,-3
LatentSpace_v58,Crus 2,22,27,-5
LatentSpace_v58,Paramedian lobule,23,33,-10
LatentSpace_v58,Copula pyramidis,23,34,-11
LatentSpace_v58,Flocculus,29,34,-5
LatentSpace_v58,Paraflocculus,23,36,-13
LatentSpace_v58,Cerebellar nuclei,11,11,0
LatentSpace_v59,Cortical subplate-other,10,15,-5
LatentSpace_v59,Claustrum,18,33,-15
LatentSpace_v59,Endopiriform nucleus,14,32,-18
LatentSpace_v59,Olfactory areas-other,14,33,-19
LatentSpace_v59,Postpiriform transition area,12,27,-15
LatentSpace_v59,Piriform area,12,34,-22
LatentSpace_v59,Taenia tecta,14,28,-14
LatentSpace_v59,Cortical amygdalar area,7,19,-12
LatentSpace_v59,Piriform-amygdalar area,8,28,-20
LatentSpace_v59,Main olfactory bulb,6,10,-4
LatentSpace_v59,Accessory olfactory bulb,23,19,4
LatentSpace_v59,Anterior olfactory nucleus,12,32,-20
LatentSpace_v59,Subiculum,2,35,-33
LatentSpace_v59,Entorhinal area,12,22,-10
LatentSpace_v59,Field CA1,6,25,-19
LatentSpace_v59,Field CA2,6,14,-8
LatentSpace_v59,Field CA3,5,8,-3
LatentSpace_v59,Dentate gyrus,6,3,3
LatentSpace_v59,Anterior cingulate area,35,39,-4
LatentSpace_v59,Infralimbic area,10,26,-16
LatentSpace_v59,Retrosplenial area,25,36,-11
LatentSpace_v59,Prelimbic area,29,35,-6
LatentSpace_v59,Primary auditory area,35,38,-3
LatentSpace_v59,Dorsal auditory area,35,38,-3
LatentSpace_v59,Ventral auditory area,38,38,0
LatentSpace_v59,Agranular insular area,23,37,-14
LatentSpace_v59,Ectorhinal area,22,33,-11
LatentSpace_v59,Primary motor area,35,38,-3
LatentSpace_v59,Secondary motor area,35,38,-3
LatentSpace_v59,"Frontal pole, cerebral cortex",31,40,-9
LatentSpace_v59,Orbital area,27,35,-8
LatentSpace_v59,Posterior parietal association areas,35,38,-3
LatentSpace_v59,Perirhinal area,19,32,-13
LatentSpace_v59,Primary somatosensory area,30,35,-5
LatentSpace_v59,Supplemental somatosensory area,36,38,-2
LatentSpace_v59,Temporal association areas,30,33,-3
LatentSpace_v59,Visual areas,35,38,-3
LatentSpace_v59,Pallidum,8,6,2
LatentSpace_v59,Striatum ventral region,7,3,4
LatentSpace_v59,Lateral septal complex,9,4,5
LatentSpace_v59,Caudoputamen,3,3,0
LatentSpace_v59,Medial amygdalar nucleus,8,7,1
LatentSpace_v59,Hypothalamus,5,9,-4
LatentSpace_v59,Thalamus,3,1,2
LatentSpace_v59,Inferior colliculus,6,9,-3
LatentSpace_v59,"Superior colliculus, sensory related",6,10,-4
LatentSpace_v59,Midbrain raphe nuclei,14,12,2
LatentSpace_v59,Midbrain-other,12,10,2
LatentSpace_v59,Periaqueductal gray,10,11,-1
LatentSpace_v59,Pons,9,9,0
LatentSpace_v59,Medulla,10,9,1
LatentSpace_v59,Lingula (I),9,34,-25
LatentSpace_v59,Central lobule,18,34,-16
LatentSpace_v59,Culmen,25,34,-9
LatentSpace_v59,Declive (VI),23,28,-5
LatentSpace_v59,Folium-tuber vermis (VII),23,31,-8
LatentSpace_v59,Pyramus (VIII),25,32,-7
LatentSpace_v59,Uvula (IX),19,34,-15
LatentSpace_v59,Nodulus (X),13,35,-22
LatentSpace_v59,Simple lobule,23,29,-6
LatentSpace_v59,Crus 1,23,26,-3
LatentSpace_v59,Crus 2,22,27,-5
LatentSpace_v59,Paramedian lobule,24,33,-9
LatentSpace_v59,Copula pyramidis,30,34,-4
LatentSpace_v59,Flocculus,14,34,-20
LatentSpace_v59,Paraflocculus,29,36,-7
LatentSpace_v59,Cerebellar nuclei,15,11,4
LatentSpace_v60,Cortical subplate-other,9,15,-6
LatentSpace_v60,Claustrum,14,33,-19
LatentSpace_v60,Endopiriform nucleus,20,32,-12
LatentSpace_v60,Olfactory areas-other,19,33,-14
LatentSpace_v60,Postpiriform transition area,12,27,-15
LatentSpace_v60,Piriform area,23,34,-11
LatentSpace_v60,Taenia tecta,14,28,-14
LatentSpace_v60,Cortical amygdalar area,11,19,-8
LatentSpace_v60,Piriform-amygdalar area,12,28,-16
LatentSpace_v60,Main olfactory bulb,18,10,8
LatentSpace_v60,Accessory olfactory bulb,22,19,3
LatentSpace_v60,Anterior olfactory nucleus,15,32,-17
LatentSpace_v60,Subiculum,6,35,-29
LatentSpace_v60,Entorhinal area,11,22,-11
LatentSpace_v60,Field CA1,10,25,-15
LatentSpace_v60,Field CA2,11,14,-3
LatentSpace_v60,Field CA3,11,8,3
LatentSpace_v60,Dentate gyrus,10,3,7
LatentSpace_v60,Anterior cingulate area,34,39,-5
LatentSpace_v60,Infralimbic area,16,26,-10
LatentSpace_v60,Retrosplenial area,25,36,-11
LatentSpace_v60,Prelimbic area,26,35,-9
LatentSpace_v60,Primary auditory area,35,38,-3
LatentSpace_v60,Dorsal auditory area,35,38,-3
LatentSpace_v60,Ventral auditory area,34,38,-4
LatentSpace_v60,Agranular insular area,23,37,-14
LatentSpace_v60,Ectorhinal area,22,33,-11
LatentSpace_v60,Primary motor area,35,38,-3
LatentSpace_v60,Secondary motor area,33,38,-5
LatentSpace_v60,"Frontal pole, cerebral cortex",27,40,-13
LatentSpace_v60,Orbital area,21,35,-14
LatentSpace_v60,Posterior parietal association areas,35,38,-3
LatentSpace_v60,Perirhinal area,18,32,-14
LatentSpace_v60,Primary somatosensory area,28,35,-7
LatentSpace_v60,Supplemental somatosensory area,36,38,-2
LatentSpace_v60,Temporal association areas,26,33,-7
LatentSpace_v60,Visual areas,31,38,-7
LatentSpace_v60,Pallidum,8,6,2
LatentSpace_v60,Striatum ventral region,7,3,4
LatentSpace_v60,Lateral septal complex,6,4,2
LatentSpace_v60,Caudoputamen,3,3,0
LatentSpace_v60,Medial amygdalar nucleus,10,7,3
LatentSpace_v60,Hypothalamus,8,9,-1
LatentSpace_v60,Thalamus,4,1,3
LatentSpace_v60,Inferior colliculus,11,9,2
LatentSpace_v60,"Superior colliculus, sensory related",8,10,-2
LatentSpace_v60,Midbrain raphe nuclei,13,12,1
LatentSpace_v60,Midbrain-other,11,10,1
LatentSpace_v60,Periaqueductal gray,12,11,1
LatentSpace_v60,Pons,10,9,1
LatentSpace_v60,Medulla,9,9,0
LatentSpace_v60,Lingula (I),13,34,-21
LatentSpace_v60,Central lobule,28,34,-6
LatentSpace_v60,Culmen,26,34,-8
LatentSpace_v60,Declive (VI),23,28,-5
LatentSpace_v60,Folium-tuber vermis (VII),23,31,-8
LatentSpace_v60,Pyramus (VIII),25,32,-7
LatentSpace_v60,Uvula (IX),19,34,-15
LatentSpace_v60,Nodulus (X),14,35,-21
LatentSpace_v60,Simple lobule,23,29,-6
LatentSpace_v60,Crus 1,23,26,-3
LatentSpace_v60,Crus 2,23,27,-4
LatentSpace_v60,Paramedian lobule,23,33,-10
LatentSpace_v60,Copula pyramidis,27,34,-7
LatentSpace_v60,Flocculus,34,34,0
LatentSpace_v60,Paraflocculus,23,36,-13
LatentSpace_v60,Cerebellar nuclei,11,11,0
LatentSpace_v61,Cortical subplate-other,13,15,-2
LatentSpace_v61,Claustrum,23,33,-10
LatentSpace_v61,Endopiriform nucleus,14,32,-18
LatentSpace_v61,Olfactory areas-other,5,33,-28
LatentSpace_v61,Postpiriform transition area,12,27,-15
LatentSpace_v61,Piriform area,16,34,-18
LatentSpace_v61,Taenia tecta,16,28,-12
LatentSpace_v61,Cortical amygdalar area,9,19,-10
LatentSpace_v61,Piriform-amygdalar area,8,28,-20
LatentSpace_v61,Main olfactory bulb,3,10,-7
LatentSpace_v61,Accessory olfactory bulb,31,19,12
LatentSpace_v61,Anterior olfactory nucleus,3,32,-29
LatentSpace_v61,Subiculum,3,35,-32
LatentSpace_v61,Entorhinal area,10,22,-12
LatentSpace_v61,Field CA1,2,25,-23
LatentSpace_v61,Field CA2,6,14,-8
LatentSpace_v61,Field CA3,8,8,0
LatentSpace_v61,Dentate gyrus,8,3,5
LatentSpace_v61,Anterior cingulate area,37,39,-2
LatentSpace_v61,Infralimbic area,12,26,-14
LatentSpace_v61,Retrosplenial area,23,36,-13
LatentSpace_v61,Prelimbic area,28,35,-7
LatentSpace_v61,Primary auditory area,35,38,-3
LatentSpace_v61,Dorsal auditory area,35,38,-3
LatentSpace_v61,Ventral auditory area,37,38,-1
LatentSpace_v61,Agranular insular area,25,37,-12
LatentSpace_v61,Ectorhinal area,24,33,-9
LatentSpace_v61,Primary motor area,35,38,-3
LatentSpace_v61,Secondary motor area,36,38,-2
LatentSpace_v61,"Frontal pole, cerebral cortex",36,40,-4
LatentSpace_v61,Orbital area,23,35,-12
LatentSpace_v61,Posterior parietal association areas,34,38,-4
LatentSpace_v61,Perirhinal area,16,32,-16
LatentSpace_v61,Primary somatosensory area,31,35,-4
LatentSpace_v61,Supplemental somatosensory area,37,38,-1
LatentSpace_v61,Temporal association areas,33,33,0
LatentSpace_v61,Visual areas,32,38,-6
LatentSpace_v61,Pallidum,13,6,7
LatentSpace_v61,Striatum ventral region,8,3,5
LatentSpace_v61,Lateral septal complex,15,4,11
LatentSpace_v61,Caudoputamen,3,3,0
LatentSpace_v61,Medial amygdalar nucleus,15,7,8
LatentSpace_v61,Hypothalamus,10,9,1
LatentSpace_v61,Thalamus,8,1,7
LatentSpace_v61,Inferior colliculus,5,9,-4
LatentSpace_v61,"Superior colliculus, sensory related",7,10,-3
LatentSpace_v61,Midbrain raphe nuclei,14,12,2
LatentSpace_v61,Midbrain-other,13,10,3
LatentSpace_v61,Periaqueductal gray,12,11,1
LatentSpace_v61,Pons,6,9,-3
LatentSpace_v61,Medulla,9,9,0
LatentSpace_v61,Lingula (I),14,34,-20
LatentSpace_v61,Central lobule,8,34,-26
LatentSpace_v61,Culmen,28,34,-6
LatentSpace_v61,Declive (VI),23,28,-5
LatentSpace_v61,Folium-tuber vermis (VII),27,31,-4
LatentSpace_v61,Pyramus (VIII),32,32,0
LatentSpace_v61,Uvula (IX),18,34,-16
LatentSpace_v61,Nodulus (X),14,35,-21
LatentSpace_v61,Simple lobule,22,29,-7
LatentSpace_v61,Crus 1,22,26,-4
LatentSpace_v61,Crus 2,22,27,-5
LatentSpace_v61,Paramedian lobule,24,33,-9
LatentSpace_v61,Copula pyramidis,31,34,-3
LatentSpace_v61,Flocculus,30,34,-4
LatentSpace_v61,Paraflocculus,24,36,-12
LatentSpace_v61,Cerebellar nuclei,12,11,1
LatentSpace_v62,Cortical subplate-other,11,15,-4
LatentSpace_v62,Claustrum,19,33,-14
LatentSpace_v62,Endopiriform nucleus,11,32,-21
LatentSpace_v62,Olfactory areas-other,12,33,-21
LatentSpace_v62,Postpiriform transition area,13,27,-14
LatentSpace_v62,Piriform area,13,34,-21
LatentSpace_v62,Taenia tecta,13,28,-15
LatentSpace_v62,Cortical amygdalar area,9,19,-10
LatentSpace_v62,Piriform-amygdalar area,10,28,-18
LatentSpace_v62,Main olfactory bulb,35,10,25
LatentSpace_v62,Accessory olfactory bulb,12,19,-7
LatentSpace_v62,Anterior olfactory nucleus,4,32,-28
LatentSpace_v62,Subiculum,7,35,-28
LatentSpace_v62,Entorhinal area,16,22,-6
LatentSpace_v62,Field CA1,4,25,-21
LatentSpace_v62,Field CA2,6,14,-8
LatentSpace_v62,Field CA3,6,8,-2
LatentSpace_v62,Dentate gyrus,8,3,5
LatentSpace_v62,Anterior cingulate area,32,39,-7
LatentSpace_v62,Infralimbic area,14,26,-12
LatentSpace_v62,Retrosplenial area,23,36,-13
LatentSpace_v62,Prelimbic area,24,35,-11
LatentSpace_v62,Primary auditory area,35,38,-3
LatentSpace_v62,Dorsal auditory area,31,38,-7
LatentSpace_v62,Ventral auditory area,34,38,-4
LatentSpace_v62,Agranular insular area,23,37,-14
LatentSpace_v62,Ectorhinal area,23,33,-10
LatentSpace_v62,Primary motor area,31,38,-7
LatentSpace_v62,Secondary motor area,33,38,-5
LatentSpace_v62,"Frontal pole, cerebral cortex",25,40,-15
LatentSpace_v62,Orbital area,23,35,-12
LatentSpace_v62,Posterior parietal association areas,30,38,-8
LatentSpace_v62,Perirhinal area,19,32,-13
LatentSpace_v62,Primary somatosensory area,23,35,-12
LatentSpace_v62,Supplemental somatosensory area,35,38,-3
LatentSpace_v62,Temporal association areas,29,33,-4
LatentSpace_v62,Visual areas,27,38,-11
LatentSpace_v62,Pallidum,8,6,2
LatentSpace_v62,Striatum ventral region,7,3,4
LatentSpace_v62,Lateral septal complex,7,4,3
LatentSpace_v62,Caudoputamen,3,3,0
LatentSpace_v62,Medial amygdalar nucleus,10,7,3
LatentSpace_v62,Hypothalamus,9,9,0
LatentSpace_v62,Thalamus,8,1,7
LatentSpace_v62,Inferior colliculus,12,9,3
LatentSpace_v62,"Superior colliculus, sensory related",11,10,1
LatentSpace_v62,Midbrain raphe nuclei,15,12,3
LatentSpace_v62,Midbrain-other,13,10,3
LatentSpace_v62,Periaqueductal gray,12,11,1
LatentSpace_v62,Pons,9,9,0
LatentSpace_v62,Medulla,10,9,1
LatentSpace_v62,Lingula (I),30,34,-4
LatentSpace_v62,Central lobule,31,34,-3
LatentSpace_v62,Culmen,25,34,-9
LatentSpace_v62,Declive (VI),23,28,-5
LatentSpace_v62,Folium-tuber vermis (VII),23,31,-8
LatentSpace_v62,Pyramus (VIII),28,32,-4
LatentSpace_v62,Uvula (IX),34,34,0
LatentSpace_v62,Nodulus (X),22,35,-13
LatentSpace_v62,Simple lobule,22,29,-7
LatentSpace_v62,Crus 1,22,26,-4
LatentSpace_v62,Crus 2,22,27,-5
LatentSpace_v62,Paramedian lobule,26,33,-7
LatentSpace_v62,Copula pyramidis,31,34,-3
LatentSpace_v62,Flocculus,27,34,-7
LatentSpace_v62,Paraflocculus,33,36,-3
LatentSpace_v62,Cerebellar nuclei,28,11,17
LatentSpace_v63,Cortical subplate-other,13,15,-2
LatentSpace_v63,Claustrum,12,33,-21
LatentSpace_v63,Endopiriform nucleus,15,32,-17
LatentSpace_v63,Olfactory areas-other,16,33,-17
LatentSpace_v63,Postpiriform transition area,16,27,-11
LatentSpace_v63,Piriform area,21,34,-13
LatentSpace_v63,Taenia tecta,12,28,-16
LatentSpace_v63,Cortical amygdalar area,11,19,-8
LatentSpace_v63,Piriform-amygdalar area,20,28,-8
LatentSpace_v63,Main olfactory bulb,21,10,11
LatentSpace_v63,Accessory olfactory bulb,53,19,34
LatentSpace_v63,Anterior olfactory nucleus,11,32,-21
LatentSpace_v63,Subiculum,7,35,-28
LatentSpace_v63,Entorhinal area,19,22,-3
LatentSpace_v63,Field CA1,8,25,-17
LatentSpace_v63,Field CA2,10,14,-4
LatentSpace_v63,Field CA3,10,8,2
LatentSpace_v63,Dentate gyrus,8,3,5
LatentSpace_v63,Anterior cingulate area,35,39,-4
LatentSpace_v63,Infralimbic area,12,26,-14
LatentSpace_v63,Retrosplenial area,23,36,-13
LatentSpace_v63,Prelimbic area,25,35,-10
LatentSpace_v63,Primary auditory area,35,38,-3
LatentSpace_v63,Dorsal auditory area,35,38,-3
LatentSpace_v63,Ventral auditory area,31,38,-7
LatentSpace_v63,Agranular insular area,23,37,-14
LatentSpace_v63,Ectorhinal area,17,33,-16
LatentSpace_v63,Primary motor area,35,38,-3
LatentSpace_v63,Secondary motor area,33,38,-5
LatentSpace_v63,"Frontal pole, cerebral cortex",30,40,-10
LatentSpace_v63,Orbital area,23,35,-12
LatentSpace_v63,Posterior parietal association areas,34,38,-4
LatentSpace_v63,Perirhinal area,22,32,-10
LatentSpace_v63,Primary somatosensory area,23,35,-12
LatentSpace_v63,Supplemental somatosensory area,35,38,-3
LatentSpace_v63,Temporal association areas,25,33,-8
LatentSpace_v63,Visual areas,31,38,-7
LatentSpace_v63,Pallidum,8,6,2
LatentSpace_v63,Striatum ventral region,7,3,4
LatentSpace_v63,Lateral septal complex,15,4,11
LatentSpace_v63,Caudoputamen,3,3,0
LatentSpace_v63,Medial amygdalar nucleus,13,7,6
LatentSpace_v63,Hypothalamus,6,9,-3
LatentSpace_v63,Thalamus,3,1,2
LatentSpace_v63,Inferior colliculus,6,9,-3
LatentSpace_v63,"Superior colliculus, sensory related",6,10,-4
LatentSpace_v63,Midbrain raphe nuclei,14,12,2
LatentSpace_v63,Midbrain-other,13,10,3
LatentSpace_v63,Periaqueductal gray,9,11,-2
LatentSpace_v63,Pons,10,9,1
LatentSpace_v63,Medulla,11,9,2
LatentSpace_v63,Lingula (I),14,34,-20
LatentSpace_v63,Central lobule,24,34,-10
LatentSpace_v63,Culmen,25,34,-9
LatentSpace_v63,Declive (VI),23,28,-5
LatentSpace_v63,Folium-tuber vermis (VII),23,31,-8
LatentSpace_v63,Pyramus (VIII),23,32,-9
LatentSpace_v63,Uvula (IX),34,34,0
LatentSpace_v63,Nodulus (X),20,35,-15
LatentSpace_v63,Simple lobule,23,29,-6
LatentSpace_v63,Crus 1,23,26,-3
LatentSpace_v63,Crus 2,22,27,-5
LatentSpace_v63,Paramedian lobule,23,33,-10
LatentSpace_v63,Copula pyramidis,26,34,-8
LatentSpace_v63,Flocculus,31,34,-3
LatentSpace_v63,Paraflocculus,27,36,-9
LatentSpace_v63,Cerebellar nuclei,23,11,12
LatentSpace_v64,Cortical subplate-other,12,15,-3
LatentSpace_v64,Claustrum,24,33,-9
LatentSpace_v64,Endopiriform nucleus,11,32,-21
LatentSpace_v64,Olfactory areas-other,9,33,-24
LatentSpace_v64,Postpiriform transition area,10,27,-17
LatentSpace_v64,Piriform area,10,34,-24
LatentSpace_v64,Taenia tecta,14,28,-14
LatentSpace_v64,Cortical amygdalar area,11,19,-8
LatentSpace_v64,Piriform-amygdalar area,9,28,-19
LatentSpace_v64,Main olfactory bulb,11,10,1
LatentSpace_v64,Accessory olfactory bulb,21,19,2
LatentSpace_v64,Anterior olfactory nucleus,9,32,-23
LatentSpace_v64,Subiculum,6,35,-29
LatentSpace_v64,Entorhinal area,11,22,-11
LatentSpace_v64,Field CA1,7,25,-18
LatentSpace_v64,Field CA2,6,14,-8
LatentSpace_v64,Field CA3,6,8,-2
LatentSpace_v64,Dentate gyrus,9,3,6
LatentSpace_v64,Anterior cingulate area,35,39,-4
LatentSpace_v64,Infralimbic area,12,26,-14
LatentSpace_v64,Retrosplenial area,29,36,-7
LatentSpace_v64,Prelimbic area,27,35,-8
LatentSpace_v64,Primary auditory area,35,38,-3
LatentSpace_v64,Dorsal auditory area,35,38,-3
LatentSpace_v64,Ventral auditory area,37,38,-1
LatentSpace_v64,Agranular insular area,21,37,-16
LatentSpace_v64,Ectorhinal area,22,33,-11
LatentSpace_v64,Primary motor area,35,38,-3
LatentSpace_v64,Secondary motor area,34,38,-4
LatentSpace_v64,"Frontal pole, cerebral cortex",25,40,-15
LatentSpace_v64,Orbital area,26,35,-9
LatentSpace_v64,Posterior parietal association areas,35,38,-3
LatentSpace_v64,Perirhinal area,18,32,-14
LatentSpace_v64,Primary somatosensory area,30,35,-5
LatentSpace_v64,Supplemental somatosensory area,35,38,-3
LatentSpace_v64,Temporal association areas,30,33,-3
LatentSpace_v64,Visual areas,35,38,-3
LatentSpace_v64,Pallidum,9,6,3
LatentSpace_v64,Striatum ventral region,8,3,5
LatentSpace_v64,Lateral septal complex,7,4,3
LatentSpace_v64,Caudoputamen,3,3,0
LatentSpace_v64,Medial amygdalar nucleus,11,7,4
LatentSpace_v64,Hypothalamus,6,9,-3
LatentSpace_v64,Thalamus,9,1,8
LatentSpace_v64,Inferior colliculus,9,9,0
LatentSpace_v64,"Superior colliculus, sensory related",8,10,-2
LatentSpace_v64,Midbrain raphe nuclei,14,12,2
LatentSpace_v64,Midbrain-other,10,10,0
LatentSpace_v64,Periaqueductal gray,11,11,0
LatentSpace_v64,Pons,10,9,1
LatentSpace_v64,Medulla,10,9,1
LatentSpace_v64,Lingula (I),11,34,-23
LatentSpace_v64,Central lobule,6,34,-28
LatentSpace_v64,Culmen,28,34,-6
LatentSpace_v64,Declive (VI),23,28,-5
LatentSpace_v64,Folium-tuber vermis (VII),23,31,-8
LatentSpace_v64,Pyramus (VIII),25,32,-7
LatentSpace_v64,Uvula (IX),34,34,0
LatentSpace_v64,Nodulus (X),15,35,-20
LatentSpace_v64,Simple lobule,23,29,-6
LatentSpace_v64,Crus 1,23,26,-3
LatentSpace_v64,Crus 2,23,27,-4
LatentSpace_v64,Paramedian lobule,23,33,-10
LatentSpace_v64,Copula pyramidis,23,34,-11
LatentSpace_v64,Flocculus,25,34,-9
LatentSpace_v64,Paraflocculus,26,36,-10
LatentSpace_v64,Cerebellar nuclei,9,11,-2
LatentSpace_v65,Cortical subplate-other,12,15,-3
LatentSpace_v65,Claustrum,26,33,-7
LatentSpace_v65,Endopiriform nucleus,15,32,-17
LatentSpace_v65,Olfactory areas-other,12,33,-21
LatentSpace_v65,Postpiriform transition area,13,27,-14
LatentSpace_v65,Piriform area,14,34,-20
LatentSpace_v65,Taenia tecta,13,28,-15
LatentSpace_v65,Cortical amygdalar area,12,19,-7
LatentSpace_v65,Piriform-amygdalar area,17,28,-11
LatentSpace_v65,Main olfactory bulb,9,10,-1
LatentSpace_v65,Accessory olfactory bulb,16,19,-3
LatentSpace_v65,Anterior olfactory nucleus,10,32,-22
LatentSpace_v65,Subiculum,3,35,-32
LatentSpace_v65,Entorhinal area,9,22,-13
LatentSpace_v65,Field CA1,5,25,-20
LatentSpace_v65,Field CA2,6,14,-8
LatentSpace_v65,Field CA3,6,8,-2
LatentSpace_v65,Dentate gyrus,7,3,4
LatentSpace_v65,Anterior cingulate area,34,39,-5
LatentSpace_v65,Infralimbic area,12,26,-14
LatentSpace_v65,Retrosplenial area,23,36,-13
LatentSpace_v65,Prelimbic area,24,35,-11
LatentSpace_v65,Primary auditory area,35,38,-3
LatentSpace_v65,Dorsal auditory area,35,38,-3
LatentSpace_v65,Ventral auditory area,37,38,-1
LatentSpace_v65,Agranular insular area,23,37,-14
LatentSpace_v65,Ectorhinal area,23,33,-10
LatentSpace_v65,Primary motor area,35,38,-3
LatentSpace_v65,Secondary motor area,33,38,-5
LatentSpace_v65,"Frontal pole, cerebral cortex",32,40,-8
LatentSpace_v65,Orbital area,26,35,-9
LatentSpace_v65,Posterior parietal association areas,31,38,-7
LatentSpace_v65,Perirhinal area,19,32,-13
LatentSpace_v65,Primary somatosensory area,29,35,-6
LatentSpace_v65,Supplemental somatosensory area,37,38,-1
LatentSpace_v65,Temporal association areas,29,33,-4
LatentSpace_v65,Visual areas,30,38,-8
LatentSpace_v65,Pallidum,7,6,1
LatentSpace_v65,Striatum ventral region,8,3,5
LatentSpace_v65,Lateral septal complex,13,4,9
LatentSpace_v65,Caudoputamen,3,3,0
LatentSpace_v65,Medial amygdalar nucleus,11,7,4
LatentSpace_v65,Hypothalamus,5,9,-4
LatentSpace_v65,Thalamus,6,1,5
LatentSpace_v65,Inferior colliculus,7,9,-2
LatentSpace_v65,"Superior colliculus, sensory related",5,10,-5
LatentSpace_v65,Midbrain raphe nuclei,14,12,2
LatentSpace_v65,Midbrain-other,10,10,0
LatentSpace_v65,Periaqueductal gray,12,11,1
LatentSpace_v65,Pons,10,9,1
LatentSpace_v65,Medulla,11,9,2
LatentSpace_v65,Lingula (I),11,34,-23
LatentSpace_v65,Central lobule,14,34,-20
LatentSpace_v65,Culmen,27,34,-7
LatentSpace_v65,Declive (VI),23,28,-5
LatentSpace_v65,Folium-tuber vermis (VII),23,31,-8
LatentSpace_v65,Pyramus (VIII),23,32,-9
LatentSpace_v65,Uvula (IX),19,34,-15
LatentSpace_v65,Nodulus (X),13,35,-22
LatentSpace_v65,Simple lobule,22,29,-7
LatentSpace_v65,Crus 1,22,26,-4
LatentSpace_v65,Crus 2,22,27,-5
LatentSpace_v65,Paramedian lobule,23,33,-10
LatentSpace_v65,Copula pyramidis,24,34,-10
LatentSpace_v65,Flocculus,13,34,-21
LatentSpace_v65,Paraflocculus,15,36,-21
LatentSpace_v65,Cerebellar nuclei,10,11,-1
LatentSpace_v66,Cortical subplate-other,8,15,-7
LatentSpace_v66,Claustrum,27,33,-6
LatentSpace_v66,Endopiriform nucleus,8,32,-24
LatentSpace_v66,Olfactory areas-other,12,33,-21
LatentSpace_v66,Postpiriform transition area,10,27,-17
LatentSpace_v66,Piriform area,9,34,-25
LatentSpace_v66,Taenia tecta,11,28,-17
LatentSpace_v66,Cortical amygdalar area,6,19,-13
LatentSpace_v66,Piriform-amygdalar area,6,28,-22
LatentSpace_v66,Main olfactory bulb,21,10,11
LatentSpace_v66,Accessory olfactory bulb,16,19,-3
LatentSpace_v66,Anterior olfactory nucleus,13,32,-19
LatentSpace_v66,Subiculum,3,35,-32
LatentSpace_v66,Entorhinal area,13,22,-9
LatentSpace_v66,Field CA1,6,25,-19
LatentSpace_v66,Field CA2,9,14,-5
LatentSpace_v66,Field CA3,6,8,-2
LatentSpace_v66,Dentate gyrus,6,3,3
LatentSpace_v66,Anterior cingulate area,34,39,-5
LatentSpace_v66,Infralimbic area,12,26,-14
LatentSpace_v66,Retrosplenial area,23,36,-13
LatentSpace_v66,Prelimbic area,25,35,-10
LatentSpace_v66,Primary auditory area,37,38,-1
LatentSpace_v66,Dorsal auditory area,35,38,-3
LatentSpace_v66,Ventral auditory area,35,38,-3
LatentSpace_v66,Agranular insular area,24,37,-13
LatentSpace_v66,Ectorhinal area,24,33,-9
LatentSpace_v66,Primary motor area,35,38,-3
LatentSpace_v66,Secondary motor area,35,38,-3
LatentSpace_v66,"Frontal pole, cerebral cortex",28,40,-12
LatentSpace_v66,Orbital area,22,35,-13
LatentSpace_v66,Posterior parietal association areas,35,38,-3
LatentSpace_v66,Perirhinal area,20,32,-12
LatentSpace_v66,Primary somatosensory area,31,35,-4
LatentSpace_v66,Supplemental somatosensory area,36,38,-2
LatentSpace_v66,Temporal association areas,29,33,-4
LatentSpace_v66,Visual areas,35,38,-3
LatentSpace_v66,Pallidum,7,6,1
LatentSpace_v66,Striatum ventral region,8,3,5
LatentSpace_v66,Lateral septal complex,5,4,1
LatentSpace_v66,Caudoputamen,3,3,0
LatentSpace_v66,Medial amygdalar nucleus,10,7,3
LatentSpace_v66,Hypothalamus,5,9,-4
LatentSpace_v66,Thalamus,8,1,7
LatentSpace_v66,Inferior colliculus,10,9,1
LatentSpace_v66,"Superior colliculus, sensory related",5,10,-5
LatentSpace_v66,Midbrain raphe nuclei,14,12,2
LatentSpace_v66,Midbrain-other,13,10,3
LatentSpace_v66,Periaqueductal gray,13,11,2
LatentSpace_v66,Pons,12,9,3
LatentSpace_v66,Medulla,12,9,3
LatentSpace_v66,Lingula (I),15,34,-19
LatentSpace_v66,Central lobule,30,34,-4
LatentSpace_v66,Culmen,26,34,-8
LatentSpace_v66,Declive (VI),23,28,-5
LatentSpace_v66,Folium-tuber vermis (VII),23,31,-8
LatentSpace_v66,Pyramus (VIII),24,32,-8
LatentSpace_v66,Uvula (IX),33,34,-1
LatentSpace_v66,Nodulus (X),21,35,-14
LatentSpace_v66,Simple lobule,22,29,-7
LatentSpace_v66,Crus 1,23,26,-3
LatentSpace_v66,Crus 2,23,27,-4
LatentSpace_v66,Paramedian lobule,23,33,-10
LatentSpace_v66,Copula pyramidis,25,34,-9
LatentSpace_v66,Flocculus,32,34,-2
LatentSpace_v66,Paraflocculus,24,36,-12
LatentSpace_v66,Cerebellar nuclei,24,11,13
LatentSpace_v67,Cortical subplate-other,13,15,-2
LatentSpace_v67,Claustrum,23,33,-10
LatentSpace_v67,Endopiriform nucleus,12,32,-20
LatentSpace_v67,Olfactory areas-other,20,33,-13
LatentSpace_v67,Postpiriform transition area,12,27,-15
LatentSpace_v67,Piriform area,17,34,-17
LatentSpace_v67,Taenia tecta,14,28,-14
LatentSpace_v67,Cortical amygdalar area,11,19,-8
LatentSpace_v67,Piriform-amygdalar area,11,28,-17
LatentSpace_v67,Main olfactory bulb,18,10,8
LatentSpace_v67,Accessory olfactory bulb,28,19,9
LatentSpace_v67,Anterior olfactory nucleus,12,32,-20
LatentSpace_v67,Subiculum,3,35,-32
LatentSpace_v67,Entorhinal area,14,22,-8
LatentSpace_v67,Field CA1,8,25,-17
LatentSpace_v67,Field CA2,7,14,-7
LatentSpace_v67,Field CA3,5,8,-3
LatentSpace_v67,Dentate gyrus,11,3,8
LatentSpace_v67,Anterior cingulate area,35,39,-4
LatentSpace_v67,Infralimbic area,10,26,-16
LatentSpace_v67,Retrosplenial area,22,36,-14
LatentSpace_v67,Prelimbic area,28,35,-7
LatentSpace_v67,Primary auditory area,37,38,-1
LatentSpace_v67,Dorsal auditory area,35,38,-3
LatentSpace_v67,Ventral auditory area,38,38,0
LatentSpace_v67,Agranular insular area,24,37,-13
LatentSpace_v67,Ectorhinal area,23,33,-10
LatentSpace_v67,Primary motor area,35,38,-3
LatentSpace_v67,Secondary motor area,36,38,-2
LatentSpace_v67,"Frontal pole, cerebral cortex",35,40,-5
LatentSpace_v67,Orbital area,24,35,-11
LatentSpace_v67,Posterior parietal association areas,35,38,-3
LatentSpace_v67,Perirhinal area,21,32,-11
LatentSpace_v67,Primary somatosensory area,29,35,-6
LatentSpace_v67,Supplemental somatosensory area,37,38,-1
LatentSpace_v67,Temporal association areas,30,33,-3
LatentSpace_v67,Visual areas,35,38,-3
LatentSpace_v67,Pallidum,13,6,7
LatentSpace_v67,Striatum ventral region,8,3,5
LatentSpace_v67,Lateral septal complex,11,4,7
LatentSpace_v67,Caudoputamen,3,3,0
LatentSpace_v67,Medial amygdalar nucleus,14,7,7
LatentSpace_v67,Hypothalamus,11,9,2
LatentSpace_v67,Thalamus,5,1,4
LatentSpace_v67,Inferior colliculus,9,9,0
LatentSpace_v67,"Superior colliculus, sensory related",11,10,1
LatentSpace_v67,Midbrain raphe nuclei,14,12,2
LatentSpace_v67,Midbrain-other,12,10,2
LatentSpace_v67,Periaqueductal gray,11,11,0
LatentSpace_v67,Pons,7,9,-2
LatentSpace_v67,Medulla,6,9,-3
LatentSpace_v67,Lingula (I),23,34,-11
LatentSpace_v67,Central lobule,31,34,-3
LatentSpace_v67,Culmen,25,34,-9
LatentSpace_v67,Declive (VI),23,28,-5
LatentSpace_v67,Folium-tuber vermis (VII),24,31,-7
LatentSpace_v67,Pyramus (VIII),27,32,-5
LatentSpace_v67,Uvula (IX),33,34,-1
LatentSpace_v67,Nodulus (X),25,35,-10
LatentSpace_v67,Simple lobule,22,29,-7
LatentSpace_v67,Crus 1,22,26,-4
LatentSpace_v67,Crus 2,21,27,-6
LatentSpace_v67,Paramedian lobule,22,33,-11
LatentSpace_v67,Copula pyramidis,25,34,-9
LatentSpace_v67,Flocculus,29,34,-5
LatentSpace_v67,Paraflocculus,30,36,-6
LatentSpace_v67,Cerebellar nuclei,30,11,19
LatentSpace_v68,Cortical subplate-other,7,15,-8
LatentSpace_v68,Claustrum,25,33,-8
LatentSpace_v68,Endopiriform nucleus,15,32,-17
LatentSpace_v68,Olfactory areas-other,10,33,-23
LatentSpace_v68,Postpiriform transition area,10,27,-17
LatentSpace_v68,Piriform area,17,34,-17
LatentSpace_v68,Taenia tecta,12,28,-16
LatentSpace_v68,Cortical amygdalar area,6,19,-13
LatentSpace_v68,Piriform-amygdalar area,10,28,-18
LatentSpace_v68,Main olfactory bulb,24,10,14
LatentSpace_v68,Accessory olfactory bulb,11,19,-8
LatentSpace_v68,Anterior olfactory nucleus,9,32,-23
LatentSpace_v68,Subiculum,4,35,-31
LatentSpace_v68,Entorhinal area,11,22,-11
LatentSpace_v68,Field CA1,7,25,-18
LatentSpace_v68,Field CA2,9,14,-5
LatentSpace_v68,Field CA3,7,8,-1
LatentSpace_v68,Dentate gyrus,7,3,4
LatentSpace_v68,Anterior cingulate area,40,39,1
LatentSpace_v68,Infralimbic area,10,26,-16
LatentSpace_v68,Retrosplenial area,32,36,-4
LatentSpace_v68,Prelimbic area,27,35,-8
LatentSpace_v68,Primary auditory area,37,38,-1
LatentSpace_v68,Dorsal auditory area,35,38,-3
LatentSpace_v68,Ventral auditory area,38,38,0
LatentSpace_v68,Agranular insular area,22,37,-15
LatentSpace_v68,Ectorhinal area,24,33,-9
LatentSpace_v68,Primary motor area,37,38,-1
LatentSpace_v68,Secondary motor area,39,38,1
LatentSpace_v68,"Frontal pole, cerebral cortex",28,40,-12
LatentSpace_v68,Orbital area,25,35,-10
LatentSpace_v68,Posterior parietal association areas,35,38,-3
LatentSpace_v68,Perirhinal area,20,32,-12
LatentSpace_v68,Primary somatosensory area,35,35,0
LatentSpace_v68,Supplemental somatosensory area,38,38,0
LatentSpace_v68,Temporal association areas,39,33,6
LatentSpace_v68,Visual areas,35,38,-3
LatentSpace_v68,Pallidum,6,6,0
LatentSpace_v68,Striatum ventral region,6,3,3
LatentSpace_v68,Lateral septal complex,12,4,8
LatentSpace_v68,Caudoputamen,3,3,0
LatentSpace_v68,Medial amygdalar nucleus,8,7,1
LatentSpace_v68,Hypothalamus,3,9,-6
LatentSpace_v68,Thalamus,4,1,3
LatentSpace_v68,Inferior colliculus,8,9,-1
LatentSpace_v68,"Superior colliculus, sensory related",6,10,-4
LatentSpace_v68,Midbrain raphe nuclei,14,12,2
LatentSpace_v68,Midbrain-other,13,10,3
LatentSpace_v68,Periaqueductal gray,12,11,1
LatentSpace_v68,Pons,11,9,2
LatentSpace_v68,Medulla,12,9,3
LatentSpace_v68,Lingula (I),13,34,-21
LatentSpace_v68,Central lobule,25,34,-9
LatentSpace_v68,Culmen,27,34,-7
LatentSpace_v68,Declive (VI),23,28,-5
LatentSpace_v68,Folium-tuber vermis (VII),24,31,-7
LatentSpace_v68,Pyramus (VIII),31,32,-1
LatentSpace_v68,Uvula (IX),34,34,0
LatentSpace_v68,Nodulus (X),21,35,-14
LatentSpace_v68,Simple lobule,23,29,-6
LatentSpace_v68,Crus 1,22,26,-4
LatentSpace_v68,Crus 2,23,27,-4
LatentSpace_v68,Paramedian lobule,26,33,-7
LatentSpace_v68,Copula pyramidis,31,34,-3
LatentSpace_v68,Flocculus,21,34,-13
LatentSpace_v68,Paraflocculus,28,36,-8
LatentSpace_v68,Cerebellar nuclei,30,11,19
LatentSpace_v69,Cortical subplate-other,13,15,-2
LatentSpace_v69,Claustrum,15,33,-18
LatentSpace_v69,Endopiriform nucleus,8,32,-24
LatentSpace_v69,Olfactory areas-other,9,33,-24
LatentSpace_v69,Postpiriform transition area,7,27,-20
LatentSpace_v69,Piriform area,6,34,-28
LatentSpace_v69,Taenia tecta,16,28,-12
LatentSpace_v69,Cortical amygdalar area,6,19,-13
LatentSpace_v69,Piriform-amygdalar area,5,28,-23
LatentSpace_v69,Main olfactory bulb,31,10,21
LatentSpace_v69,Accessory olfactory bulb,36,19,17
LatentSpace_v69,Anterior olfactory nucleus,4,32,-28
LatentSpace_v69,Subiculum,16,35,-19
LatentSpace_v69,Entorhinal area,12,22,-10
LatentSpace_v69,Field CA1,19,25,-6
LatentSpace_v69,Field CA2,19,14,5
LatentSpace_v69,Field CA3,6,8,-2
LatentSpace_v69,Dentate gyrus,7,3,4
LatentSpace_v69,Anterior cingulate area,35,39,-4
LatentSpace_v69,Infralimbic area,13,26,-13
LatentSpace_v69,Retrosplenial area,32,36,-4
LatentSpace_v69,Prelimbic area,29,35,-6
LatentSpace_v69,Primary auditory area,35,38,-3
LatentSpace_v69,Dorsal auditory area,35,38,-3
LatentSpace_v69,Ventral auditory area,35,38,-3
LatentSpace_v69,Agranular insular area,24,37,-13
LatentSpace_v69,Ectorhinal area,22,33,-11
LatentSpace_v69,Primary motor area,35,38,-3
LatentSpace_v69,Secondary motor area,36,38,-2
LatentSpace_v69,"Frontal pole, cerebral cortex",37,40,-3
LatentSpace_v69,Orbital area,26,35,-9
LatentSpace_v69,Posterior parietal association areas,35,38,-3
LatentSpace_v69,Perirhinal area,19,32,-13
LatentSpace_v69,Primary somatosensory area,32,35,-3
LatentSpace_v69,Supplemental somatosensory area,36,38,-2
LatentSpace_v69,Temporal association areas,29,33,-4
LatentSpace_v69,Visual areas,35,38,-3
LatentSpace_v69,Pallidum,7,6,1
LatentSpace_v69,Striatum ventral region,7,3,4
LatentSpace_v69,Lateral septal complex,10,4,6
LatentSpace_v69,Caudoputamen,3,3,0
LatentSpace_v69,Medial amygdalar nucleus,11,7,4
LatentSpace_v69,Hypothalamus,6,9,-3
LatentSpace_v69,Thalamus,1,1,0
LatentSpace_v69,Inferior colliculus,4,9,-5
LatentSpace_v69,"Superior colliculus, sensory related",2,10,-8
LatentSpace_v69,Midbrain raphe nuclei,12,12,0
LatentSpace_v69,Midbrain-other,8,10,-2
LatentSpace_v69,Periaqueductal gray,8,11,-3
LatentSpace_v69,Pons,10,9,1
LatentSpace_v69,Medulla,9,9,0
LatentSpace_v69,Lingula (I),13,34,-21
LatentSpace_v69,Central lobule,16,34,-18
LatentSpace_v69,Culmen,24,34,-10
LatentSpace_v69,Declive (VI),23,28,-5
LatentSpace_v69,Folium-tuber vermis (VII),23,31,-8
LatentSpace_v69,Pyramus (VIII),13,32,-19
LatentSpace_v69,Uvula (IX),12,34,-22
LatentSpace_v69,Nodulus (X),12,35,-23
LatentSpace_v69,Simple lobule,22,29,-7
LatentSpace_v69,Crus 1,22,26,-4
LatentSpace_v69,Crus 2,23,27,-4
LatentSpace_v69,Paramedian lobule,23,33,-10
LatentSpace_v69,Copula pyramidis,8,34,-26
LatentSpace_v69,Flocculus,11,34,-23
LatentSpace_v69,Paraflocculus,11,36,-25
LatentSpace_v69,Cerebellar nuclei,11,11,0
LatentSpace_v70,Cortical subplate-other,9,15,-6
LatentSpace_v70,Claustrum,26,33,-7
LatentSpace_v70,Endopiriform nucleus,18,32,-14
LatentSpace_v70,Olfactory areas-other,6,33,-27
LatentSpace_v70,Postpiriform transition area,8,27,-19
LatentSpace_v70,Piriform area,8,34,-26
LatentSpace_v70,Taenia tecta,12,28,-16
LatentSpace_v70,Cortical amygdalar area,10,19,-9
LatentSpace_v70,Piriform-amygdalar area,7,28,-21
LatentSpace_v70,Main olfactory bulb,29,10,19
LatentSpace_v70,Accessory olfactory bulb,30,19,11
LatentSpace_v70,Anterior olfactory nucleus,2,32,-30
LatentSpace_v70,Subiculum,5,35,-30
LatentSpace_v70,Entorhinal area,12,22,-10
LatentSpace_v70,Field CA1,5,25,-20
LatentSpace_v70,Field CA2,6,14,-8
LatentSpace_v70,Field CA3,6,8,-2
LatentSpace_v70,Dentate gyrus,8,3,5
LatentSpace_v70,Anterior cingulate area,38,39,-1
LatentSpace_v70,Infralimbic area,11,26,-15
LatentSpace_v70,Retrosplenial area,25,36,-11
LatentSpace_v70,Prelimbic area,31,35,-4
LatentSpace_v70,Primary auditory area,37,38,-1
LatentSpace_v70,Dorsal auditory area,35,38,-3
LatentSpace_v70,Ventral auditory area,38,38,0
LatentSpace_v70,Agranular insular area,28,37,-9
LatentSpace_v70,Ectorhinal area,23,33,-10
LatentSpace_v70,Primary motor area,35,38,-3
LatentSpace_v70,Secondary motor area,37,38,-1
LatentSpace_v70,"Frontal pole, cerebral cortex",36,40,-4
LatentSpace_v70,Orbital area,25,35,-10
LatentSpace_v70,Posterior parietal association areas,35,38,-3
LatentSpace_v70,Perirhinal area,20,32,-12
LatentSpace_v70,Primary somatosensory area,30,35,-5
LatentSpace_v70,Supplemental somatosensory area,37,38,-1
LatentSpace_v70,Temporal association areas,34,33,1
LatentSpace_v70,Visual areas,35,38,-3
LatentSpace_v70,Pallidum,6,6,0
LatentSpace_v70,Striatum ventral region,5,3,2
LatentSpace_v70,Lateral septal complex,12,4,8
LatentSpace_v70,Caudoputamen,3,3,0
LatentSpace_v70,Medial amygdalar nucleus,11,7,4
LatentSpace_v70,Hypothalamus,5,9,-4
LatentSpace_v70,Thalamus,10,1,9
LatentSpace_v70,Inferior colliculus,5,9,-4
LatentSpace_v70,"Superior colliculus, sensory related",3,10,-7
LatentSpace_v70,Midbrain raphe nuclei,14,12,2
LatentSpace_v70,Midbrain-other,11,10,1
LatentSpace_v70,Periaqueductal gray,10,11,-1
LatentSpace_v70,Pons,11,9,2
LatentSpace_v70,Medulla,25,9,16
LatentSpace_v70,Lingula (I),9,34,-25
LatentSpace_v70,Central lobule,14,34,-20
LatentSpace_v70,Culmen,30,34,-4
LatentSpace_v70,Declive (VI),23,28,-5
LatentSpace_v70,Folium-tuber vermis (VII),25,31,-6
LatentSpace_v70,Pyramus (VIII),27,32,-5
LatentSpace_v70,Uvula (IX),34,34,0
LatentSpace_v70,Nodulus (X),16,35,-19
LatentSpace_v70,Simple lobule,24,29,-5
LatentSpace_v70,Crus 1,24,26,-2
LatentSpace_v70,Crus 2,23,27,-4
LatentSpace_v70,Paramedian lobule,23,33,-10
LatentSpace_v70,Copula pyramidis,25,34,-9
LatentSpace_v70,Flocculus,33,34,-1
LatentSpace_v70,Paraflocculus,29,36,-7
LatentSpace_v70,Cerebellar nuclei,34,11,23
LatentSpace_v71,Cortical subplate-other,9,15,-6
LatentSpace_v71,Claustrum,24,33,-9
LatentSpace_v71,Endopiriform nucleus,14,32,-18
LatentSpace_v71,Olfactory areas-other,8,33,-25
LatentSpace_v71,Postpiriform transition area,14,27,-13
LatentSpace_v71,Piriform area,18,34,-16
LatentSpace_v71,Taenia tecta,8,28,-20
LatentSpace_v71,Cortical amygdalar area,11,19,-8
LatentSpace_v71,Piriform-amygdalar area,18,28,-10
LatentSpace_v71,Main olfactory bulb,7,10,-3
LatentSpace_v71,Accessory olfactory bulb,10,19,-9
LatentSpace_v71,Anterior olfactory nucleus,10,32,-22
LatentSpace_v71,Subiculum,2,35,-33
LatentSpace_v71,Entorhinal area,12,22,-10
LatentSpace_v71,Field CA1,5,25,-20
LatentSpace_v71,Field CA2,17,14,3
LatentSpace_v71,Field CA3,4,8,-4
LatentSpace_v71,Dentate gyrus,8,3,5
LatentSpace_v71,Anterior cingulate area,34,39,-5
LatentSpace_v71,Infralimbic area,7,26,-19
LatentSpace_v71,Retrosplenial area,25,36,-11
LatentSpace_v71,Prelimbic area,25,35,-10
LatentSpace_v71,Primary auditory area,35,38,-3
LatentSpace_v71,Dorsal auditory area,35,38,-3
LatentSpace_v71,Ventral auditory area,35,38,-3
LatentSpace_v71,Agranular insular area,25,37,-12
LatentSpace_v71,Ectorhinal area,22,33,-11
LatentSpace_v71,Primary motor area,35,38,-3
LatentSpace_v71,Secondary motor area,33,38,-5
LatentSpace_v71,"Frontal pole, cerebral cortex",30,40,-10
LatentSpace_v71,Orbital area,24,35,-11
LatentSpace_v71,Posterior parietal association areas,33,38,-5
LatentSpace_v71,Perirhinal area,19,32,-13
LatentSpace_v71,Primary somatosensory area,28,35,-7
LatentSpace_v71,Supplemental somatosensory area,36,38,-2
LatentSpace_v71,Temporal association areas,30,33,-3
LatentSpace_v71,Visual areas,31,38,-7
LatentSpace_v71,Pallidum,7,6,1
LatentSpace_v71,Striatum ventral region,8,3,5
LatentSpace_v71,Lateral septal complex,9,4,5
LatentSpace_v71,Caudoputamen,3,3,0
LatentSpace_v71,Medial amygdalar nucleus,7,7,0
LatentSpace_v71,Hypothalamus,8,9,-1
LatentSpace_v71,Thalamus,3,1,2
LatentSpace_v71,Inferior colliculus,6,9,-3
LatentSpace_v71,"Superior colliculus, sensory related",6,10,-4
LatentSpace_v71,Midbrain raphe nuclei,14,12,2
LatentSpace_v71,Midbrain-other,12,10,2
LatentSpace_v71,Periaqueductal gray,10,11,-1
LatentSpace_v71,Pons,8,9,-1
LatentSpace_v71,Medulla,5,9,-4
LatentSpace_v71,Lingula (I),10,34,-24
LatentSpace_v71,Central lobule,24,34,-10
LatentSpace_v71,Culmen,24,34,-10
LatentSpace_v71,Declive (VI),23,28,-5
LatentSpace_v71,Folium-tuber vermis (VII),23,31,-8
LatentSpace_v71,Pyramus (VIII),23,32,-9
LatentSpace_v71,Uvula (IX),12,34,-22
LatentSpace_v71,Nodulus (X),13,35,-22
LatentSpace_v71,Simple lobule,23,29,-6
LatentSpace_v71,Crus 1,22,26,-4
LatentSpace_v71,Crus 2,22,27,-5
LatentSpace_v71,Paramedian lobule,23,33,-10
LatentSpace_v71,Copula pyramidis,25,34,-9
LatentSpace_v71,Flocculus,20,34,-14
LatentSpace_v71,Paraflocculus,22,36,-14
LatentSpace_v71,Cerebellar nuclei,8,11,-3
LatentSpace_v72,Cortical subplate-other,8,15,-7
LatentSpace_v72,Claustrum,23,33,-10
LatentSpace_v72,Endopiriform nucleus,8,32,-24
LatentSpace_v72,Olfactory areas-other,8,33,-25
LatentSpace_v72,Postpiriform transition area,4,27,-23
LatentSpace_v72,Piriform area,15,34,-19
LatentSpace_v72,Taenia tecta,12,28,-16
LatentSpace_v72,Cortical amygdalar area,2,19,-17
LatentSpace_v72,Piriform-amygdalar area,4,28,-24
LatentSpace_v72,Main olfactory bulb,25,10,15
LatentSpace_v72,Accessory olfactory bulb,35,19,16
LatentSpace_v72,Anterior olfactory nucleus,6,32,-26
LatentSpace_v72,Subiculum,8,35,-27
LatentSpace_v72,Entorhinal area,5,22,-17
LatentSpace_v72,Field CA1,7,25,-18
LatentSpace_v72,Field CA2,9,14,-5
LatentSpace_v72,Field CA3,6,8,-2
LatentSpace_v72,Dentate gyrus,7,3,4
LatentSpace_v72,Anterior cingulate area,35,39,-4
LatentSpace_v72,Infralimbic area,12,26,-14
LatentSpace_v72,Retrosplenial area,25,36,-11
LatentSpace_v72,Prelimbic area,28,35,-7
LatentSpace_v72,Primary auditory area,35,38,-3
LatentSpace_v72,Dorsal auditory area,33,38,-5
LatentSpace_v72,Ventral auditory area,34,38,-4
LatentSpace_v72,Agranular insular area,24,37,-13
LatentSpace_v72,Ectorhinal area,23,33,-10
LatentSpace_v72,Primary motor area,35,38,-3
LatentSpace_v72,Secondary motor area,36,38,-2
LatentSpace_v72,"Frontal pole, cerebral cortex",31,40,-9
LatentSpace_v72,Orbital area,24,35,-11
LatentSpace_v72,Posterior parietal association areas,35,38,-3
LatentSpace_v72,Perirhinal area,18,32,-14
LatentSpace_v72,Primary somatosensory area,29,35,-6
LatentSpace_v72,Supplemental somatosensory area,36,38,-2
LatentSpace_v72,Temporal association areas,30,33,-3
LatentSpace_v72,Visual areas,31,38,-7
LatentSpace_v72,Pallidum,7,6,1
LatentSpace_v72,Striatum ventral region,7,3,4
LatentSpace_v72,Lateral septal complex,10,4,6
LatentSpace_v72,Caudoputamen,3,3,0
LatentSpace_v72,Medial amygdalar nucleus,7,7,0
LatentSpace_v72,Hypothalamus,8,9,-1
LatentSpace_v72,Thalamus,1,1,0
LatentSpace_v72,Inferior colliculus,6,9,-3
LatentSpace_v72,"Superior colliculus, sensory related",10,10,0
LatentSpace_v72,Midbrain raphe nuclei,14,12,2
LatentSpace_v72,Midbrain-other,11,10,1
LatentSpace_v72,Periaqueductal gray,11,11,0
LatentSpace_v72,Pons,9,9,0
LatentSpace_v72,Medulla,10,9,1
LatentSpace_v72,Lingula (I),12,34,-22
LatentSpace_v72,Central lobule,14,34,-20
LatentSpace_v72,Culmen,30,34,-4
LatentSpace_v72,Declive (VI),23,28,-5
LatentSpace_v72,Folium-tuber vermis (VII),24,31,-7
LatentSpace_v72,Pyramus (VIII),26,32,-6
LatentSpace_v72,Uvula (IX),15,34,-19
LatentSpace_v72,Nodulus (X),13,35,-22
LatentSpace_v72,Simple lobule,23,29,-6
LatentSpace_v72,Crus 1,23,26,-3
LatentSpace_v72,Crus 2,23,27,-4
LatentSpace_v72,Paramedian lobule,23,33,-10
LatentSpace_v72,Copula pyramidis,26,34,-8
LatentSpace_v72,Flocculus,20,34,-14
LatentSpace_v72,Paraflocculus,24,36,-12
LatentSpace_v72,Cerebellar nuclei,13,11,2
LatentSpace_v73,Cortical subplate-other,10,15,-5
LatentSpace_v73,Claustrum,27,33,-6
LatentSpace_v73,Endopiriform nucleus,13,32,-19
LatentSpace_v73,Olfactory areas-other,20,33,-13
LatentSpace_v73,Postpiriform transition area,5,27,-22
LatentSpace_v73,Piriform area,13,34,-21
LatentSpace_v73,Taenia tecta,12,28,-16
LatentSpace_v73,Cortical amygdalar area,4,19,-15
LatentSpace_v73,Piriform-amygdalar area,9,28,-19
LatentSpace_v73,Main olfactory bulb,31,10,21
LatentSpace_v73,Accessory olfactory bulb,31,19,12
LatentSpace_v73,Anterior olfactory nucleus,14,32,-18
LatentSpace_v73,Subiculum,6,35,-29
LatentSpace_v73,Entorhinal area,10,22,-12
LatentSpace_v73,Field CA1,9,25,-16
LatentSpace_v73,Field CA2,10,14,-4
LatentSpace_v73,Field CA3,7,8,-1
LatentSpace_v73,Dentate gyrus,9,3,6
LatentSpace_v73,Anterior cingulate area,31,39,-8
LatentSpace_v73,Infralimbic area,12,26,-14
LatentSpace_v73,Retrosplenial area,22,36,-14
LatentSpace_v73,Prelimbic area,28,35,-7
LatentSpace_v73,Primary auditory area,35,38,-3
LatentSpace_v73,Dorsal auditory area,35,38,-3
LatentSpace_v73,Ventral auditory area,37,38,-1
LatentSpace_v73,Agranular insular area,19,37,-18
LatentSpace_v73,Ectorhinal area,25,33,-8
LatentSpace_v73,Primary motor area,35,38,-3
LatentSpace_v73,Secondary motor area,34,38,-4
LatentSpace_v73,"Frontal pole, cerebral cortex",30,40,-10
LatentSpace_v73,Orbital area,24,35,-11
LatentSpace_v73,Posterior parietal association areas,32,38,-6
LatentSpace_v73,Perirhinal area,20,32,-12
LatentSpace_v73,Primary somatosensory area,26,35,-9
LatentSpace_v73,Supplemental somatosensory area,37,38,-1
LatentSpace_v73,Temporal association areas,30,33,-3
LatentSpace_v73,Visual areas,30,38,-8
LatentSpace_v73,Pallidum,9,6,3
LatentSpace_v73,Striatum ventral region,5,3,2
LatentSpace_v73,Lateral septal complex,7,4,3
LatentSpace_v73,Caudoputamen,3,3,0
LatentSpace_v73,Medial amygdalar nucleus,11,7,4
LatentSpace_v73,Hypothalamus,10,9,1
LatentSpace_v73,Thalamus,8,1,7
LatentSpace_v73,Inferior colliculus,5,9,-4
LatentSpace_v73,"Superior colliculus, sensory related",6,10,-4
LatentSpace_v73,Midbrain raphe nuclei,14,12,2
LatentSpace_v73,Midbrain-other,13,10,3
LatentSpace_v73,Periaqueductal gray,12,11,1
LatentSpace_v73,Pons,9,9,0
LatentSpace_v73,Medulla,10,9,1
LatentSpace_v73,Lingula (I),16,34,-18
LatentSpace_v73,Central lobule,28,34,-6
LatentSpace_v73,Culmen,25,34,-9
LatentSpace_v73,Declive (VI),23,28,-5
LatentSpace_v73,Folium-tuber vermis (VII),23,31,-8
LatentSpace_v73,Pyramus (VIII),23,32,-9
LatentSpace_v73,Uvula (IX),21,34,-13
LatentSpace_v73,Nodulus (X),14,35,-21
LatentSpace_v73,Simple lobule,23,29,-6
LatentSpace_v73,Crus 1,22,26,-4
LatentSpace_v73,Crus 2,22,27,-5
LatentSpace_v73,Paramedian lobule,23,33,-10
LatentSpace_v73,Copula pyramidis,24,34,-10
LatentSpace_v73,Flocculus,23,34,-11
LatentSpace_v73,Paraflocculus,23,36,-13
LatentSpace_v73,Cerebellar nuclei,18,11,7
LatentSpace_v74,Cortical subplate-other,10,15,-5
LatentSpace_v74,Claustrum,30,33,-3
LatentSpace_v74,Endopiriform nucleus,14,32,-18
LatentSpace_v74,Olfactory areas-other,15,33,-18
LatentSpace_v74,Postpiriform transition area,14,27,-13
LatentSpace_v74,Piriform area,22,34,-12
LatentSpace_v74,Taenia tecta,12,28,-16
LatentSpace_v74,Cortical amygdalar area,11,19,-8
LatentSpace_v74,Piriform-amygdalar area,11,28,-17
LatentSpace_v74,Main olfactory bulb,17,10,7
LatentSpace_v74,Accessory olfactory bulb,30,19,11
LatentSpace_v74,Anterior olfactory nucleus,13,32,-19
LatentSpace_v74,Subiculum,7,35,-28
LatentSpace_v74,Entorhinal area,22,22,0
LatentSpace_v74,Field CA1,8,25,-17
LatentSpace_v74,Field CA2,10,14,-4
LatentSpace_v74,Field CA3,5,8,-3
LatentSpace_v74,Dentate gyrus,8,3,5
LatentSpace_v74,Anterior cingulate area,35,39,-4
LatentSpace_v74,Infralimbic area,12,26,-14
LatentSpace_v74,Retrosplenial area,27,36,-9
LatentSpace_v74,Prelimbic area,29,35,-6
LatentSpace_v74,Primary auditory area,37,38,-1
LatentSpace_v74,Dorsal auditory area,35,38,-3
LatentSpace_v74,Ventral auditory area,38,38,0
LatentSpace_v74,Agranular insular area,26,37,-11
LatentSpace_v74,Ectorhinal area,27,33,-6
LatentSpace_v74,Primary motor area,35,38,-3
LatentSpace_v74,Secondary motor area,38,38,0
LatentSpace_v74,"Frontal pole, cerebral cortex",36,40,-4
LatentSpace_v74,Orbital area,27,35,-8
LatentSpace_v74,Posterior parietal association areas,35,38,-3
LatentSpace_v74,Perirhinal area,27,32,-5
LatentSpace_v74,Primary somatosensory area,29,35,-6
LatentSpace_v74,Supplemental somatosensory area,37,38,-1
LatentSpace_v74,Temporal association areas,34,33,1
LatentSpace_v74,Visual areas,35,38,-3
LatentSpace_v74,Pallidum,7,6,1
LatentSpace_v74,Striatum ventral region,8,3,5
LatentSpace_v74,Lateral septal complex,11,4,7
LatentSpace_v74,Caudoputamen,3,3,0
LatentSpace_v74,Medial amygdalar nucleus,12,7,5
LatentSpace_v74,Hypothalamus,9,9,0
LatentSpace_v74,Thalamus,18,1,17
LatentSpace_v74,Inferior colliculus,3,9,-6
LatentSpace_v74,"Superior colliculus, sensory related",5,10,-5
LatentSpace_v74,Midbrain raphe nuclei,16,12,4
LatentSpace_v74,Midbrain-other,14,10,4
LatentSpace_v74,Periaqueductal gray,13,11,2
LatentSpace_v74,Pons,11,9,2
LatentSpace_v74,Medulla,35,9,26
LatentSpace_v74,Lingula (I),17,34,-17
LatentSpace_v74,Central lobule,17,34,-17
LatentSpace_v74,Culmen,27,34,-7
LatentSpace_v74,Declive (VI),23,28,-5
LatentSpace_v74,Folium-tuber vermis (VII),23,31,-8
LatentSpace_v74,Pyramus (VIII),24,32,-8
LatentSpace_v74,Uvula (IX),33,34,-1
LatentSpace_v74,Nodulus (X),33,35,-2
LatentSpace_v74,Simple lobule,22,29,-7
LatentSpace_v74,Crus 1,22,26,-4
LatentSpace_v74,Crus 2,22,27,-5
LatentSpace_v74,Paramedian lobule,23,33,-10
LatentSpace_v74,Copula pyramidis,24,34,-10
LatentSpace_v74,Flocculus,34,34,0
LatentSpace_v74,Paraflocculus,33,36,-3
LatentSpace_v74,Cerebellar nuclei,34,11,23
LatentSpace_v75,Cortical subplate-other,10,15,-5
LatentSpace_v75,Claustrum,21,33,-12
LatentSpace_v75,Endopiriform nucleus,13,32,-19
LatentSpace_v75,Olfactory areas-other,16,33,-17
LatentSpace_v75,Postpiriform transition area,11,27,-16
LatentSpace_v75,Piriform area,14,34,-20
LatentSpace_v75,Taenia tecta,12,28,-16
LatentSpace_v75,Cortical amygdalar area,10,19,-9
LatentSpace_v75,Piriform-amygdalar area,10,28,-18
LatentSpace_v75,Main olfactory bulb,25,10,15
LatentSpace_v75,Accessory olfactory bulb,32,19,13
LatentSpace_v75,Anterior olfactory nucleus,13,32,-19
LatentSpace_v75,Subiculum,7,35,-28
LatentSpace_v75,Entorhinal area,13,22,-9
LatentSpace_v75,Field CA1,8,25,-17
LatentSpace_v75,Field CA2,8,14,-6
LatentSpace_v75,Field CA3,5,8,-3
LatentSpace_v75,Dentate gyrus,5,3,2
LatentSpace_v75,Anterior cingulate area,34,39,-5
LatentSpace_v75,Infralimbic area,9,26,-17
LatentSpace_v75,Retrosplenial area,25,36,-11
LatentSpace_v75,Prelimbic area,27,35,-8
LatentSpace_v75,Primary auditory area,36,38,-2
LatentSpace_v75,Dorsal auditory area,35,38,-3
LatentSpace_v75,Ventral auditory area,35,38,-3
LatentSpace_v75,Agranular insular area,24,37,-13
LatentSpace_v75,Ectorhinal area,20,33,-13
LatentSpace_v75,Primary motor area,35,38,-3
LatentSpace_v75,Secondary motor area,35,38,-3
LatentSpace_v75,"Frontal pole, cerebral cortex",35,40,-5
LatentSpace_v75,Orbital area,25,35,-10
LatentSpace_v75,Posterior parietal association areas,35,38,-3
LatentSpace_v75,Perirhinal area,17,32,-15
LatentSpace_v75,Primary somatosensory area,23,35,-12
LatentSpace_v75,Supplemental somatosensory area,35,38,-3
LatentSpace_v75,Temporal association areas,27,33,-6
LatentSpace_v75,Visual areas,35,38,-3
LatentSpace_v75,Pallidum,6,6,0
LatentSpace_v75,Striatum ventral region,7,3,4
LatentSpace_v75,Lateral septal complex,11,4,7
LatentSpace_v75,Caudoputamen,3,3,0
LatentSpace_v75,Medial amygdalar nucleus,12,7,5
LatentSpace_v75,Hypothalamus,7,9,-2
LatentSpace_v75,Thalamus,24,1,23
LatentSpace_v75,Inferior colliculus,5,9,-4
LatentSpace_v75,"Superior colliculus, sensory related",5,10,-5
LatentSpace_v75,Midbrain raphe nuclei,13,12,1
LatentSpace_v75,Midbrain-other,12,10,2
LatentSpace_v75,Periaqueductal gray,11,11,0
LatentSpace_v75,Pons,10,9,1
LatentSpace_v75,Medulla,10,9,1
LatentSpace_v75,Lingula (I),14,34,-20
LatentSpace_v75,Central lobule,13,34,-21
LatentSpace_v75,Culmen,26,34,-8
LatentSpace_v75,Declive (VI),23,28,-5
LatentSpace_v75,Folium-tuber vermis (VII),23,31,-8
LatentSpace_v75,Pyramus (VIII),23,32,-9
LatentSpace_v75,Uvula (IX),25,34,-9
LatentSpace_v75,Nodulus (X),15,35,-20
LatentSpace_v75,Simple lobule,25,29,-4
LatentSpace_v75,Crus 1,22,26,-4
LatentSpace_v75,Crus 2,22,27,-5
LatentSpace_v75,Paramedian lobule,23,33,-10
LatentSpace_v75,Copula pyramidis,24,34,-10
LatentSpace_v75,Flocculus,13,34,-21
LatentSpace_v75,Paraflocculus,32,36,-4
LatentSpace_v75,Cerebellar nuclei,15,11,4
LatentSpace_v76,Cortical subplate-other,12,15,-3
LatentSpace_v76,Claustrum,25,33,-8
LatentSpace_v76,Endopiriform nucleus,14,32,-18
LatentSpace_v76,Olfactory areas-other,15,33,-18
LatentSpace_v76,Postpiriform transition area,12,27,-15
LatentSpace_v76,Piriform area,17,34,-17
LatentSpace_v76,Taenia tecta,13,28,-15
LatentSpace_v76,Cortical amygdalar area,8,19,-11
LatentSpace_v76,Piriform-amygdalar area,12,28,-16
LatentSpace_v76,Main olfactory bulb,5,10,-5
LatentSpace_v76,Accessory olfactory bulb,29,19,10
LatentSpace_v76,Anterior olfactory nucleus,17,32,-15
LatentSpace_v76,Subiculum,5,35,-30
LatentSpace_v76,Entorhinal area,20,22,-2
LatentSpace_v76,Field CA1,13,25,-12
LatentSpace_v76,Field CA2,31,14,17
LatentSpace_v76,Field CA3,6,8,-2
LatentSpace_v76,Dentate gyrus,7,3,4
LatentSpace_v76,Anterior cingulate area,37,39,-2
LatentSpace_v76,Infralimbic area,13,26,-13
LatentSpace_v76,Retrosplenial area,25,36,-11
LatentSpace_v76,Prelimbic area,31,35,-4
LatentSpace_v76,Primary auditory area,35,38,-3
LatentSpace_v76,Dorsal auditory area,35,38,-3
LatentSpace_v76,Ventral auditory area,37,38,-1
LatentSpace_v76,Agranular insular area,28,37,-9
LatentSpace_v76,Ectorhinal area,25,33,-8
LatentSpace_v76,Primary motor area,35,38,-3
LatentSpace_v76,Secondary motor area,35,38,-3
LatentSpace_v76,"Frontal pole, cerebral cortex",36,40,-4
LatentSpace_v76,Orbital area,26,35,-9
LatentSpace_v76,Posterior parietal association areas,34,38,-4
LatentSpace_v76,Perirhinal area,20,32,-12
LatentSpace_v76,Primary somatosensory area,29,35,-6
LatentSpace_v76,Supplemental somatosensory area,35,38,-3
LatentSpace_v76,Temporal association areas,34,33,1
LatentSpace_v76,Visual areas,34,38,-4
LatentSpace_v76,Pallidum,7,6,1
LatentSpace_v76,Striatum ventral region,7,3,4
LatentSpace_v76,Lateral septal complex,8,4,4
LatentSpace_v76,Caudoputamen,3,3,0
LatentSpace_v76,Medial amygdalar nucleus,7,7,0
LatentSpace_v76,Hypothalamus,6,9,-3
LatentSpace_v76,Thalamus,7,1,6
LatentSpace_v76,Inferior colliculus,6,9,-3
LatentSpace_v76,"Superior colliculus, sensory related",4,10,-6
LatentSpace_v76,Midbrain raphe nuclei,14,12,2
LatentSpace_v76,Midbrain-other,8,10,-2
LatentSpace_v76,Periaqueductal gray,5,11,-6
LatentSpace_v76,Pons,7,9,-2
LatentSpace_v76,Medulla,10,9,1
LatentSpace_v76,Lingula (I),10,34,-24
LatentSpace_v76,Central lobule,12,34,-22
LatentSpace_v76,Culmen,26,34,-8
LatentSpace_v76,Declive (VI),23,28,-5
LatentSpace_v76,Folium-tuber vermis (VII),25,31,-6
LatentSpace_v76,Pyramus (VIII),30,32,-2
LatentSpace_v76,Uvula (IX),19,34,-15
LatentSpace_v76,Nodulus (X),12,35,-23
LatentSpace_v76,Simple lobule,23,29,-6
LatentSpace_v76,Crus 1,23,26,-3
LatentSpace_v76,Crus 2,23,27,-4
LatentSpace_v76,Paramedian lobule,24,33,-9
LatentSpace_v76,Copula pyramidis,30,34,-4
LatentSpace_v76,Flocculus,24,34,-10
LatentSpace_v76,Paraflocculus,32,36,-4
LatentSpace_v76,Cerebellar nuclei,12,11,1
LatentSpace_v77,Cortical subplate-other,13,15,-2
LatentSpace_v77,Claustrum,27,33,-6
LatentSpace_v77,Endopiriform nucleus,23,32,-9
LatentSpace_v77,Olfactory areas-other,25,33,-8
LatentSpace_v77,Postpiriform transition area,16,27,-11
LatentSpace_v77,Piriform area,25,34,-9
LatentSpace_v77,Taenia tecta,12,28,-16
LatentSpace_v77,Cortical amygdalar area,12,19,-7
LatentSpace_v77,Piriform-amygdalar area,15,28,-13
LatentSpace_v77,Main olfactory bulb,23,10,13
LatentSpace_v77,Accessory olfactory bulb,31,19,12
LatentSpace_v77,Anterior olfactory nucleus,25,32,-7
LatentSpace_v77,Subiculum,10,35,-25
LatentSpace_v77,Entorhinal area,24,22,2
LatentSpace_v77,Field CA1,14,25,-11
LatentSpace_v77,Field CA2,21,14,7
LatentSpace_v77,Field CA3,6,8,-2
LatentSpace_v77,Dentate gyrus,9,3,6
LatentSpace_v77,Anterior cingulate area,36,39,-3
LatentSpace_v77,Infralimbic area,20,26,-6
LatentSpace_v77,Retrosplenial area,26,36,-10
LatentSpace_v77,Prelimbic area,29,35,-6
LatentSpace_v77,Primary auditory area,36,38,-2
LatentSpace_v77,Dorsal auditory area,35,38,-3
LatentSpace_v77,Ventral auditory area,38,38,0
LatentSpace_v77,Agranular insular area,23,37,-14
LatentSpace_v77,Ectorhinal area,24,33,-9
LatentSpace_v77,Primary motor area,36,38,-2
LatentSpace_v77,Secondary motor area,35,38,-3
LatentSpace_v77,"Frontal pole, cerebral cortex",33,40,-7
LatentSpace_v77,Orbital area,27,35,-8
LatentSpace_v77,Posterior parietal association areas,35,38,-3
LatentSpace_v77,Perirhinal area,29,32,-3
LatentSpace_v77,Primary somatosensory area,24,35,-11
LatentSpace_v77,Supplemental somatosensory area,36,38,-2
LatentSpace_v77,Temporal association areas,33,33,0
LatentSpace_v77,Visual areas,33,38,-5
LatentSpace_v77,Pallidum,13,6,7
LatentSpace_v77,Striatum ventral region,8,3,5
LatentSpace_v77,Lateral septal complex,15,4,11
LatentSpace_v77,Caudoputamen,3,3,0
LatentSpace_v77,Medial amygdalar nucleus,13,7,6
LatentSpace_v77,Hypothalamus,7,9,-2
LatentSpace_v77,Thalamus,5,1,4
LatentSpace_v77,Inferior colliculus,6,9,-3
LatentSpace_v77,"Superior colliculus, sensory related",4,10,-6
LatentSpace_v77,Midbrain raphe nuclei,14,12,2
LatentSpace_v77,Midbrain-other,11,10,1
LatentSpace_v77,Periaqueductal gray,10,11,-1
LatentSpace_v77,Pons,9,9,0
LatentSpace_v77,Medulla,7,9,-2
LatentSpace_v77,Lingula (I),11,34,-23
LatentSpace_v77,Central lobule,7,34,-27
LatentSpace_v77,Culmen,24,34,-10
LatentSpace_v77,Declive (VI),23,28,-5
LatentSpace_v77,Folium-tuber vermis (VII),23,31,-8
LatentSpace_v77,Pyramus (VIII),23,32,-9
LatentSpace_v77,Uvula (IX),12,34,-22
LatentSpace_v77,Nodulus (X),13,35,-22
LatentSpace_v77,Simple lobule,22,29,-7
LatentSpace_v77,Crus 1,22,26,-4
LatentSpace_v77,Crus 2,23,27,-4
LatentSpace_v77,Paramedian lobule,23,33,-10
LatentSpace_v77,Copula pyramidis,20,34,-14
LatentSpace_v77,Flocculus,14,34,-20
LatentSpace_v77,Paraflocculus,23,36,-13
LatentSpace_v77,Cerebellar nuclei,11,11,0
LatentSpace_v78,Cortical subplate-other,11,15,-4
LatentSpace_v78,Claustrum,24,33,-9
LatentSpace_v78,Endopiriform nucleus,12,32,-20
LatentSpace_v78,Olfactory areas-other,13,33,-20
LatentSpace_v78,Postpiriform transition area,12,27,-15
LatentSpace_v78,Piriform area,11,34,-23
LatentSpace_v78,Taenia tecta,10,28,-18
LatentSpace_v78,Cortical amygdalar area,12,19,-7
LatentSpace_v78,Piriform-amygdalar area,11,28,-17
LatentSpace_v78,Main olfactory bulb,10,10,0
LatentSpace_v78,Accessory olfactory bulb,17,19,-2
LatentSpace_v78,Anterior olfactory nucleus,13,32,-19
LatentSpace_v78,Subiculum,7,35,-28
LatentSpace_v78,Entorhinal area,13,22,-9
LatentSpace_v78,Field CA1,8,25,-17
LatentSpace_v78,Field CA2,7,14,-7
LatentSpace_v78,Field CA3,7,8,-1
LatentSpace_v78,Dentate gyrus,7,3,4
LatentSpace_v78,Anterior cingulate area,35,39,-4
LatentSpace_v78,Infralimbic area,9,26,-17
LatentSpace_v78,Retrosplenial area,25,36,-11
LatentSpace_v78,Prelimbic area,27,35,-8
LatentSpace_v78,Primary auditory area,34,38,-4
LatentSpace_v78,Dorsal auditory area,35,38,-3
LatentSpace_v78,Ventral auditory area,31,38,-7
LatentSpace_v78,Agranular insular area,26,37,-11
LatentSpace_v78,Ectorhinal area,21,33,-12
LatentSpace_v78,Primary motor area,35,38,-3
LatentSpace_v78,Secondary motor area,35,38,-3
LatentSpace_v78,"Frontal pole, cerebral cortex",31,40,-9
LatentSpace_v78,Orbital area,27,35,-8
LatentSpace_v78,Posterior parietal association areas,35,38,-3
LatentSpace_v78,Perirhinal area,17,32,-15
LatentSpace_v78,Primary somatosensory area,31,35,-4
LatentSpace_v78,Supplemental somatosensory area,36,38,-2
LatentSpace_v78,Temporal association areas,24,33,-9
LatentSpace_v78,Visual areas,35,38,-3
LatentSpace_v78,Pallidum,6,6,0
LatentSpace_v78,Striatum ventral region,6,3,3
LatentSpace_v78,Lateral septal complex,6,4,2
LatentSpace_v78,Caudoputamen,3,3,0
LatentSpace_v78,Medial amygdalar nucleus,11,7,4
LatentSpace_v78,Hypothalamus,10,9,1
LatentSpace_v78,Thalamus,8,1,7
LatentSpace_v78,Inferior colliculus,10,9,1
LatentSpace_v78,"Superior colliculus, sensory related",7,10,-3
LatentSpace_v78,Midbrain raphe nuclei,14,12,2
LatentSpace_v78,Midbrain-other,10,10,0
LatentSpace_v78,Periaqueductal gray,12,11,1
LatentSpace_v78,Pons,10,9,1
LatentSpace_v78,Medulla,9,9,0
LatentSpace_v78,Lingula (I),14,34,-20
LatentSpace_v78,Central lobule,15,34,-19
LatentSpace_v78,Culmen,24,34,-10
LatentSpace_v78,Declive (VI),23,28,-5
LatentSpace_v78,Folium-tuber vermis (VII),23,31,-8
LatentSpace_v78,Pyramus (VIII),23,32,-9
LatentSpace_v78,Uvula (IX),20,34,-14
LatentSpace_v78,Nodulus (X),15,35,-20
LatentSpace_v78,Simple lobule,23,29,-6
LatentSpace_v78,Crus 1,23,26,-3
LatentSpace_v78,Crus 2,23,27,-4
LatentSpace_v78,Paramedian lobule,23,33,-10
LatentSpace_v78,Copula pyramidis,23,34,-11
LatentSpace_v78,Flocculus,14,34,-20
LatentSpace_v78,Paraflocculus,24,36,-12
LatentSpace_v78,Cerebellar nuclei,33,11,22
LatentSpace_v79,Cortical subplate-other,8,15,-7
LatentSpace_v79,Claustrum,30,33,-3
LatentSpace_v79,Endopiriform nucleus,13,32,-19
LatentSpace_v79,Olfactory areas-other,21,33,-12
LatentSpace_v79,Postpiriform transition area,10,27,-17
LatentSpace_v79,Piriform area,16,34,-18
LatentSpace_v79,Taenia tecta,13,28,-15
LatentSpace_v79,Cortical amygdalar area,4,19,-15
LatentSpace_v79,Piriform-amygdalar area,7,28,-21
LatentSpace_v79,Main olfactory bulb,6,10,-4
LatentSpace_v79,Accessory olfactory bulb,26,19,7
LatentSpace_v79,Anterior olfactory nucleus,18,32,-14
LatentSpace_v79,Subiculum,3,35,-32
LatentSpace_v79,Entorhinal area,19,22,-3
LatentSpace_v79,Field CA1,5,25,-20
LatentSpace_v79,Field CA2,6,14,-8
LatentSpace_v79,Field CA3,7,8,-1
LatentSpace_v79,Dentate gyrus,7,3,4
LatentSpace_v79,Anterior cingulate area,37,39,-2
LatentSpace_v79,Infralimbic area,12,26,-14
LatentSpace_v79,Retrosplenial area,23,36,-13
LatentSpace_v79,Prelimbic area,28,35,-7
LatentSpace_v79,Primary auditory area,35,38,-3
LatentSpace_v79,Dorsal auditory area,35,38,-3
LatentSpace_v79,Ventral auditory area,38,38,0
LatentSpace_v79,Agranular insular area,23,37,-14
LatentSpace_v79,Ectorhinal area,25,33,-8
LatentSpace_v79,Primary motor area,35,38,-3
LatentSpace_v79,Secondary motor area,37,38,-1
LatentSpace_v79,"Frontal pole, cerebral cortex",31,40,-9
LatentSpace_v79,Orbital area,25,35,-10
LatentSpace_v79,Posterior parietal association areas,34,38,-4
LatentSpace_v79,Perirhinal area,23,32,-9
LatentSpace_v79,Primary somatosensory area,23,35,-12
LatentSpace_v79,Supplemental somatosensory area,36,38,-2
LatentSpace_v79,Temporal association areas,31,33,-2
LatentSpace_v79,Visual areas,34,38,-4
LatentSpace_v79,Pallidum,9,6,3
LatentSpace_v79,Striatum ventral region,7,3,4
LatentSpace_v79,Lateral septal complex,9,4,5
LatentSpace_v79,Caudoputamen,3,3,0
LatentSpace_v79,Medial amygdalar nucleus,9,7,2
LatentSpace_v79,Hypothalamus,8,9,-1
LatentSpace_v79,Thalamus,3,1,2
LatentSpace_v79,Inferior colliculus,5,9,-4
LatentSpace_v79,"Superior colliculus, sensory related",3,10,-7
LatentSpace_v79,Midbrain raphe nuclei,14,12,2
LatentSpace_v79,Midbrain-other,8,10,-2
LatentSpace_v79,Periaqueductal gray,7,11,-4
LatentSpace_v79,Pons,10,9,1
LatentSpace_v79,Medulla,11,9,2
LatentSpace_v79,Lingula (I),13,34,-21
LatentSpace_v79,Central lobule,20,34,-14
LatentSpace_v79,Culmen,26,34,-8
LatentSpace_v79,Declive (VI),22,28,-6
LatentSpace_v79,Folium-tuber vermis (VII),24,31,-7
LatentSpace_v79,Pyramus (VIII),29,32,-3
LatentSpace_v79,Uvula (IX),13,34,-21
LatentSpace_v79,Nodulus (X),12,35,-23
LatentSpace_v79,Simple lobule,22,29,-7
LatentSpace_v79,Crus 1,22,26,-4
LatentSpace_v79,Crus 2,22,27,-5
LatentSpace_v79,Paramedian lobule,24,33,-9
LatentSpace_v79,Copula pyramidis,32,34,-2
LatentSpace_v79,Flocculus,21,34,-13
LatentSpace_v79,Paraflocculus,32,36,-4
LatentSpace_v79,Cerebellar nuclei,11,11,0
LatentSpace_v80,Cortical subplate-other,13,15,-2
LatentSpace_v80,Claustrum,24,33,-9
LatentSpace_v80,Endopiriform nucleus,6,32,-26
LatentSpace_v80,Olfactory areas-other,8,33,-25
LatentSpace_v80,Postpiriform transition area,9,27,-18
LatentSpace_v80,Piriform area,14,34,-20
LatentSpace_v80,Taenia tecta,13,28,-15
LatentSpace_v80,Cortical amygdalar area,8,19,-11
LatentSpace_v80,Piriform-amygdalar area,8,28,-20
LatentSpace_v80,Main olfactory bulb,26,10,16
LatentSpace_v80,Accessory olfactory bulb,34,19,15
LatentSpace_v80,Anterior olfactory nucleus,5,32,-27
LatentSpace_v80,Subiculum,5,35,-30
LatentSpace_v80,Entorhinal area,9,22,-13
LatentSpace_v80,Field CA1,9,25,-16
LatentSpace_v80,Field CA2,10,14,-4
LatentSpace_v80,Field CA3,7,8,-1
LatentSpace_v80,Dentate gyrus,9,3,6
LatentSpace_v80,Anterior cingulate area,35,39,-4
LatentSpace_v80,Infralimbic area,14,26,-12
LatentSpace_v80,Retrosplenial area,25,36,-11
LatentSpace_v80,Prelimbic area,28,35,-7
LatentSpace_v80,Primary auditory area,36,38,-2
LatentSpace_v80,Dorsal auditory area,35,38,-3
LatentSpace_v80,Ventral auditory area,38,38,0
LatentSpace_v80,Agranular insular area,17,37,-20
LatentSpace_v80,Ectorhinal area,23,33,-10
LatentSpace_v80,Primary motor area,35,38,-3
LatentSpace_v80,Secondary motor area,36,38,-2
LatentSpace_v80,"Frontal pole, cerebral cortex",35,40,-5
LatentSpace_v80,Orbital area,22,35,-13
LatentSpace_v80,Posterior parietal association areas,35,38,-3
LatentSpace_v80,Perirhinal area,17,32,-15
LatentSpace_v80,Primary somatosensory area,32,35,-3
LatentSpace_v80,Supplemental somatosensory area,37,38,-1
LatentSpace_v80,Temporal association areas,31,33,-2
LatentSpace_v80,Visual areas,35,38,-3
LatentSpace_v80,Pallidum,7,6,1
LatentSpace_v80,Striatum ventral region,7,3,4
LatentSpace_v80,Lateral septal complex,8,4,4
LatentSpace_v80,Caudoputamen,3,3,0
LatentSpace_v80,Medial amygdalar nucleus,12,7,5
LatentSpace_v80,Hypothalamus,8,9,-1
LatentSpace_v80,Thalamus,7,1,6
LatentSpace_v80,Inferior colliculus,6,9,-3
LatentSpace_v80,"Superior colliculus, sensory related",6,10,-4
LatentSpace_v80,Midbrain raphe nuclei,15,12,3
LatentSpace_v80,Midbrain-other,12,10,2
LatentSpace_v80,Periaqueductal gray,12,11,1
LatentSpace_v80,Pons,11,9,2
LatentSpace_v80,Medulla,13,9,4
LatentSpace_v80,Lingula (I),22,34,-12
LatentSpace_v80,Central lobule,30,34,-4
LatentSpace_v80,Culmen,25,34,-9
LatentSpace_v80,Declive (VI),22,28,-6
LatentSpace_v80,Folium-tuber vermis (VII),23,31,-8
LatentSpace_v80,Pyramus (VIII),23,32,-9
LatentSpace_v80,Uvula (IX),30,34,-4
LatentSpace_v80,Nodulus (X),30,35,-5
LatentSpace_v80,Simple lobule,22,29,-7
LatentSpace_v80,Crus 1,22,26,-4
LatentSpace_v80,Crus 2,22,27,-5
LatentSpace_v80,Paramedian lobule,23,33,-10
LatentSpace_v80,Copula pyramidis,23,34,-11
LatentSpace_v80,Flocculus,29,34,-5
LatentSpace_v80,Paraflocculus,23,36,-13
LatentSpace_v80,Cerebellar nuclei,34,11,23
LatentSpace_v81,Cortical subplate-other,9,15,-6
LatentSpace_v81,Claustrum,24,33,-9
LatentSpace_v81,Endopiriform nucleus,11,32,-21
LatentSpace_v81,Olfactory areas-other,10,33,-23
LatentSpace_v81,Postpiriform transition area,11,27,-16
LatentSpace_v81,Piriform area,10,34,-24
LatentSpace_v81,Taenia tecta,8,28,-20
LatentSpace_v81,Cortical amygdalar area,4,19,-15
LatentSpace_v81,Piriform-amygdalar area,8,28,-20
LatentSpace_v81,Main olfactory bulb,28,10,18
LatentSpace_v81,Accessory olfactory bulb,17,19,-2
LatentSpace_v81,Anterior olfactory nucleus,14,32,-18
LatentSpace_v81,Subiculum,6,35,-29
LatentSpace_v81,Entorhinal area,15,22,-7
LatentSpace_v81,Field CA1,8,25,-17
LatentSpace_v81,Field CA2,7,14,-7
LatentSpace_v81,Field CA3,6,8,-2
LatentSpace_v81,Dentate gyrus,8,3,5
LatentSpace_v81,Anterior cingulate area,38,39,-1
LatentSpace_v81,Infralimbic area,9,26,-17
LatentSpace_v81,Retrosplenial area,32,36,-4
LatentSpace_v81,Prelimbic area,29,35,-6
LatentSpace_v81,Primary auditory area,38,38,0
LatentSpace_v81,Dorsal auditory area,36,38,-2
LatentSpace_v81,Ventral auditory area,36,38,-2
LatentSpace_v81,Agranular insular area,23,37,-14
LatentSpace_v81,Ectorhinal area,23,33,-10
LatentSpace_v81,Primary motor area,35,38,-3
LatentSpace_v81,Secondary motor area,36,38,-2
LatentSpace_v81,"Frontal pole, cerebral cortex",36,40,-4
LatentSpace_v81,Orbital area,24,35,-11
LatentSpace_v81,Posterior parietal association areas,36,38,-2
LatentSpace_v81,Perirhinal area,18,32,-14
LatentSpace_v81,Primary somatosensory area,35,35,0
LatentSpace_v81,Supplemental somatosensory area,37,38,-1
LatentSpace_v81,Temporal association areas,28,33,-5
LatentSpace_v81,Visual areas,35,38,-3
LatentSpace_v81,Pallidum,8,6,2
LatentSpace_v81,Striatum ventral region,6,3,3
LatentSpace_v81,Lateral septal complex,7,4,3
LatentSpace_v81,Caudoputamen,3,3,0
LatentSpace_v81,Medial amygdalar nucleus,7,7,0
LatentSpace_v81,Hypothalamus,8,9,-1
LatentSpace_v81,Thalamus,7,1,6
LatentSpace_v81,Inferior colliculus,6,9,-3
LatentSpace_v81,"Superior colliculus, sensory related",5,10,-5
LatentSpace_v81,Midbrain raphe nuclei,14,12,2
LatentSpace_v81,Midbrain-other,12,10,2
LatentSpace_v81,Periaqueductal gray,11,11,0
LatentSpace_v81,Pons,11,9,2
LatentSpace_v81,Medulla,12,9,3
LatentSpace_v81,Lingula (I),15,34,-19
LatentSpace_v81,Central lobule,23,34,-11
LatentSpace_v81,Culmen,28,34,-6
LatentSpace_v81,Declive (VI),23,28,-5
LatentSpace_v81,Folium-tuber vermis (VII),23,31,-8
LatentSpace_v81,Pyramus (VIII),25,32,-7
LatentSpace_v81,Uvula (IX),30,34,-4
LatentSpace_v81,Nodulus (X),28,35,-7
LatentSpace_v81,Simple lobule,23,29,-6
LatentSpace_v81,Crus 1,23,26,-3
LatentSpace_v81,Crus 2,23,27,-4
LatentSpace_v81,Paramedian lobule,24,33,-9
LatentSpace_v81,Copula pyramidis,28,34,-6
LatentSpace_v81,Flocculus,15,34,-19
LatentSpace_v81,Paraflocculus,20,36,-16
LatentSpace_v81,Cerebellar nuclei,34,11,23
LatentSpace_v82,Cortical subplate-other,11,15,-4
LatentSpace_v82,Claustrum,26,33,-7
LatentSpace_v82,Endopiriform nucleus,23,32,-9
LatentSpace_v82,Olfactory areas-other,6,33,-27
LatentSpace_v82,Postpiriform transition area,13,27,-14
LatentSpace_v82,Piriform area,20,34,-14
LatentSpace_v82,Taenia tecta,8,28,-20
LatentSpace_v82,Cortical amygdalar area,10,19,-9
LatentSpace_v82,Piriform-amygdalar area,10,28,-18
LatentSpace_v82,Main olfactory bulb,32,10,22
LatentSpace_v82,Accessory olfactory bulb,36,19,17
LatentSpace_v82,Anterior olfactory nucleus,9,32,-23
LatentSpace_v82,Subiculum,4,35,-31
LatentSpace_v82,Entorhinal area,20,22,-2
LatentSpace_v82,Field CA1,6,25,-19
LatentSpace_v82,Field CA2,6,14,-8
LatentSpace_v82,Field CA3,6,8,-2
LatentSpace_v82,Dentate gyrus,8,3,5
LatentSpace_v82,Anterior cingulate area,37,39,-2
LatentSpace_v82,Infralimbic area,9,26,-17
LatentSpace_v82,Retrosplenial area,27,36,-9
LatentSpace_v82,Prelimbic area,26,35,-9
LatentSpace_v82,Primary auditory area,35,38,-3
LatentSpace_v82,Dorsal auditory area,35,38,-3
LatentSpace_v82,Ventral auditory area,38,38,0
LatentSpace_v82,Agranular insular area,24,37,-13
LatentSpace_v82,Ectorhinal area,23,33,-10
LatentSpace_v82,Primary motor area,36,38,-2
LatentSpace_v82,Secondary motor area,37,38,-1
LatentSpace_v82,"Frontal pole, cerebral cortex",35,40,-5
LatentSpace_v82,Orbital area,25,35,-10
LatentSpace_v82,Posterior parietal association areas,35,38,-3
LatentSpace_v82,Perirhinal area,21,32,-11
LatentSpace_v82,Primary somatosensory area,30,35,-5
LatentSpace_v82,Supplemental somatosensory area,37,38,-1
LatentSpace_v82,Temporal association areas,32,33,-1
LatentSpace_v82,Visual areas,35,38,-3
LatentSpace_v82,Pallidum,15,6,9
LatentSpace_v82,Striatum ventral region,7,3,4
LatentSpace_v82,Lateral septal complex,8,4,4
LatentSpace_v82,Caudoputamen,3,3,0
LatentSpace_v82,Medial amygdalar nucleus,12,7,5
LatentSpace_v82,Hypothalamus,12,9,3
LatentSpace_v82,Thalamus,7,1,6
LatentSpace_v82,Inferior colliculus,5,9,-4
LatentSpace_v82,"Superior colliculus, sensory related",5,10,-5
LatentSpace_v82,Midbrain raphe nuclei,15,12,3
LatentSpace_v82,Midbrain-other,11,10,1
LatentSpace_v82,Periaqueductal gray,12,11,1
LatentSpace_v82,Pons,10,9,1
LatentSpace_v82,Medulla,10,9,1
LatentSpace_v82,Lingula (I),13,34,-21
LatentSpace_v82,Central lobule,9,34,-25
LatentSpace_v82,Culmen,27,34,-7
LatentSpace_v82,Declive (VI),23,28,-5
LatentSpace_v82,Folium-tuber vermis (VII),23,31,-8
LatentSpace_v82,Pyramus (VIII),25,32,-7
LatentSpace_v82,Uvula (IX),21,34,-13
LatentSpace_v82,Nodulus (X),14,35,-21
LatentSpace_v82,Simple lobule,22,29,-7
LatentSpace_v82,Crus 1,22,26,-4
LatentSpace_v82,Crus 2,22,27,-5
LatentSpace_v82,Paramedian lobule,23,33,-10
LatentSpace_v82,Copula pyramidis,26,34,-8
LatentSpace_v82,Flocculus,13,34,-21
LatentSpace_v82,Paraflocculus,27,36,-9
LatentSpace_v82,Cerebellar nuclei,13,11,2
LatentSpace_v83,Cortical subplate-other,9,15,-6
LatentSpace_v83,Claustrum,28,33,-5
LatentSpace_v83,Endopiriform nucleus,16,32,-16
LatentSpace_v83,Olfactory areas-other,17,33,-16
LatentSpace_v83,Postpiriform transition area,12,27,-15
LatentSpace_v83,Piriform area,20,34,-14
LatentSpace_v83,Taenia tecta,10,28,-18
LatentSpace_v83,Cortical amygdalar area,9,19,-10
LatentSpace_v83,Piriform-amygdalar area,12,28,-16
LatentSpace_v83,Main olfactory bulb,37,10,27
LatentSpace_v83,Accessory olfactory bulb,41,19,22
LatentSpace_v83,Anterior olfactory nucleus,12,32,-20
LatentSpace_v83,Subiculum,6,35,-29
LatentSpace_v83,Entorhinal area,16,22,-6
LatentSpace_v83,Field CA1,7,25,-18
LatentSpace_v83,Field CA2,7,14,-7
LatentSpace_v83,Field CA3,8,8,0
LatentSpace_v83,Dentate gyrus,7,3,4
LatentSpace_v83,Anterior cingulate area,36,39,-3
LatentSpace_v83,Infralimbic area,12,26,-14
LatentSpace_v83,Retrosplenial area,25,36,-11
LatentSpace_v83,Prelimbic area,31,35,-4
LatentSpace_v83,Primary auditory area,37,38,-1
LatentSpace_v83,Dorsal auditory area,35,38,-3
LatentSpace_v83,Ventral auditory area,39,38,1
LatentSpace_v83,Agranular insular area,23,37,-14
LatentSpace_v83,Ectorhinal area,24,33,-9
LatentSpace_v83,Primary motor area,35,38,-3
LatentSpace_v83,Secondary motor area,36,38,-2
LatentSpace_v83,"Frontal pole, cerebral cortex",36,40,-4
LatentSpace_v83,Orbital area,27,35,-8
LatentSpace_v83,Posterior parietal association areas,34,38,-4
LatentSpace_v83,Perirhinal area,23,32,-9
LatentSpace_v83,Primary somatosensory area,33,35,-2
LatentSpace_v83,Supplemental somatosensory area,39,38,1
LatentSpace_v83,Temporal association areas,31,33,-2
LatentSpace_v83,Visual areas,35,38,-3
LatentSpace_v83,Pallidum,9,6,3
LatentSpace_v83,Striatum ventral region,5,3,2
LatentSpace_v83,Lateral septal complex,7,4,3
LatentSpace_v83,Caudoputamen,3,3,0
LatentSpace_v83,Medial amygdalar nucleus,11,7,4
LatentSpace_v83,Hypothalamus,9,9,0
LatentSpace_v83,Thalamus,9,1,8
LatentSpace_v83,Inferior colliculus,6,9,-3
LatentSpace_v83,"Superior colliculus, sensory related",4,10,-6
LatentSpace_v83,Midbrain raphe nuclei,14,12,2
LatentSpace_v83,Midbrain-other,11,10,1
LatentSpace_v83,Periaqueductal gray,14,11,3
LatentSpace_v83,Pons,12,9,3
LatentSpace_v83,Medulla,13,9,4
LatentSpace_v83,Lingula (I),13,34,-21
LatentSpace_v83,Central lobule,13,34,-21
LatentSpace_v83,Culmen,29,34,-5
LatentSpace_v83,Declive (VI),23,28,-5
LatentSpace_v83,Folium-tuber vermis (VII),23,31,-8
LatentSpace_v83,Pyramus (VIII),23,32,-9
LatentSpace_v83,Uvula (IX),26,34,-8
LatentSpace_v83,Nodulus (X),17,35,-18
LatentSpace_v83,Simple lobule,23,29,-6
LatentSpace_v83,Crus 1,22,26,-4
LatentSpace_v83,Crus 2,23,27,-4
LatentSpace_v83,Paramedian lobule,23,33,-10
LatentSpace_v83,Copula pyramidis,24,34,-10
LatentSpace_v83,Flocculus,24,34,-10
LatentSpace_v83,Paraflocculus,24,36,-12
LatentSpace_v83,Cerebellar nuclei,16,11,5
LatentSpace_v84,Cortical subplate-other,4,15,-11
LatentSpace_v84,Claustrum,23,33,-10
LatentSpace_v84,Endopiriform nucleus,7,32,-25
LatentSpace_v84,Olfactory areas-other,7,33,-26
LatentSpace_v84,Postpiriform transition area,6,27,-21
LatentSpace_v84,Piriform area,14,34,-20
LatentSpace_v84,Taenia tecta,18,28,-10
LatentSpace_v84,Cortical amygdalar area,4,19,-15
LatentSpace_v84,Piriform-amygdalar area,6,28,-22
LatentSpace_v84,Main olfactory bulb,19,10,9
LatentSpace_v84,Accessory olfactory bulb,25,19,6
LatentSpace_v84,Anterior olfactory nucleus,7,32,-25
LatentSpace_v84,Subiculum,6,35,-29
LatentSpace_v84,Entorhinal area,14,22,-8
LatentSpace_v84,Field CA1,7,25,-18
LatentSpace_v84,Field CA2,6,14,-8
LatentSpace_v84,Field CA3,5,8,-3
LatentSpace_v84,Dentate gyrus,7,3,4
LatentSpace_v84,Anterior cingulate area,36,39,-3
LatentSpace_v84,Infralimbic area,13,26,-13
LatentSpace_v84,Retrosplenial area,25,36,-11
LatentSpace_v84,Prelimbic area,26,35,-9
LatentSpace_v84,Primary auditory area,38,38,0
LatentSpace_v84,Dorsal auditory area,36,38,-2
LatentSpace_v84,Ventral auditory area,39,38,1
LatentSpace_v84,Agranular insular area,22,37,-15
LatentSpace_v84,Ectorhinal area,24,33,-9
LatentSpace_v84,Primary motor area,35,38,-3
LatentSpace_v84,Secondary motor area,35,38,-3
LatentSpace_v84,"Frontal pole, cerebral cortex",29,40,-11
LatentSpace_v84,Orbital area,22,35,-13
LatentSpace_v84,Posterior parietal association areas,35,38,-3
LatentSpace_v84,Perirhinal area,19,32,-13
LatentSpace_v84,Primary somatosensory area,32,35,-3
LatentSpace_v84,Supplemental somatosensory area,39,38,1
LatentSpace_v84,Temporal association areas,30,33,-3
LatentSpace_v84,Visual areas,35,38,-3
LatentSpace_v84,Pallidum,13,6,7
LatentSpace_v84,Striatum ventral region,7,3,4
LatentSpace_v84,Lateral septal complex,8,4,4
LatentSpace_v84,Caudoputamen,3,3,0
LatentSpace_v84,Medial amygdalar nucleus,7,7,0
LatentSpace_v84,Hypothalamus,12,9,3
LatentSpace_v84,Thalamus,1,1,0
LatentSpace_v84,Inferior colliculus,11,9,2
LatentSpace_v84,"Superior colliculus, sensory related",7,10,-3
LatentSpace_v84,Midbrain raphe nuclei,14,12,2
LatentSpace_v84,Midbrain-other,11,10,1
LatentSpace_v84,Periaqueductal gray,11,11,0
LatentSpace_v84,Pons,10,9,1
LatentSpace_v84,Medulla,9,9,0
LatentSpace_v84,Lingula (I),13,34,-21
LatentSpace_v84,Central lobule,12,34,-22
LatentSpace_v84,Culmen,24,34,-10
LatentSpace_v84,Declive (VI),22,28,-6
LatentSpace_v84,Folium-tuber vermis (VII),23,31,-8
LatentSpace_v84,Pyramus (VIII),23,32,-9
LatentSpace_v84,Uvula (IX),24,34,-10
LatentSpace_v84,Nodulus (X),14,35,-21
LatentSpace_v84,Simple lobule,22,29,-7
LatentSpace_v84,Crus 1,22,26,-4
LatentSpace_v84,Crus 2,22,27,-5
LatentSpace_v84,Paramedian lobule,23,33,-10
LatentSpace_v84,Copula pyramidis,27,34,-7
LatentSpace_v84,Flocculus,11,34,-23
LatentSpace_v84,Paraflocculus,30,36,-6
LatentSpace_v84,Cerebellar nuclei,14,11,3
LatentSpace_v85,Cortical subplate-other,11,15,-4
LatentSpace_v85,Claustrum,28,33,-5
LatentSpace_v85,Endopiriform nucleus,13,32,-19
LatentSpace_v85,Olfactory areas-other,22,33,-11
LatentSpace_v85,Postpiriform transition area,10,27,-17
LatentSpace_v85,Piriform area,20,34,-14
LatentSpace_v85,Taenia tecta,14,28,-14
LatentSpace_v85,Cortical amygdalar area,6,19,-13
LatentSpace_v85,Piriform-amygdalar area,6,28,-22
LatentSpace_v85,Main olfactory bulb,36,10,26
LatentSpace_v85,Accessory olfactory bulb,20,19,1
LatentSpace_v85,Anterior olfactory nucleus,15,32,-17
LatentSpace_v85,Subiculum,3,35,-32
LatentSpace_v85,Entorhinal area,14,22,-8
LatentSpace_v85,Field CA1,8,25,-17
LatentSpace_v85,Field CA2,5,14,-9
LatentSpace_v85,Field CA3,5,8,-3
LatentSpace_v85,Dentate gyrus,12,3,9
LatentSpace_v85,Anterior cingulate area,36,39,-3
LatentSpace_v85,Infralimbic area,12,26,-14
LatentSpace_v85,Retrosplenial area,26,36,-10
LatentSpace_v85,Prelimbic area,26,35,-9
LatentSpace_v85,Primary auditory area,39,38,1
LatentSpace_v85,Dorsal auditory area,36,38,-2
LatentSpace_v85,Ventral auditory area,36,38,-2
LatentSpace_v85,Agranular insular area,23,37,-14
LatentSpace_v85,Ectorhinal area,24,33,-9
LatentSpace_v85,Primary motor area,35,38,-3
LatentSpace_v85,Secondary motor area,37,38,-1
LatentSpace_v85,"Frontal pole, cerebral cortex",35,40,-5
LatentSpace_v85,Orbital area,26,35,-9
LatentSpace_v85,Posterior parietal association areas,37,38,-1
LatentSpace_v85,Perirhinal area,20,32,-12
LatentSpace_v85,Primary somatosensory area,29,35,-6
LatentSpace_v85,Supplemental somatosensory area,39,38,1
LatentSpace_v85,Temporal association areas,30,33,-3
LatentSpace_v85,Visual areas,35,38,-3
LatentSpace_v85,Pallidum,12,6,6
LatentSpace_v85,Striatum ventral region,9,3,6
LatentSpace_v85,Lateral septal complex,13,4,9
LatentSpace_v85,Caudoputamen,3,3,0
LatentSpace_v85,Medial amygdalar nucleus,10,7,3
LatentSpace_v85,Hypothalamus,8,9,-1
LatentSpace_v85,Thalamus,3,1,2
LatentSpace_v85,Inferior colliculus,4,9,-5
LatentSpace_v85,"Superior colliculus, sensory related",4,10,-6
LatentSpace_v85,Midbrain raphe nuclei,14,12,2
LatentSpace_v85,Midbrain-other,10,10,0
LatentSpace_v85,Periaqueductal gray,8,11,-3
LatentSpace_v85,Pons,9,9,0
LatentSpace_v85,Medulla,9,9,0
LatentSpace_v85,Lingula (I),14,34,-20
LatentSpace_v85,Central lobule,7,34,-27
LatentSpace_v85,Culmen,25,34,-9
LatentSpace_v85,Declive (VI),22,28,-6
LatentSpace_v85,Folium-tuber vermis (VII),24,31,-7
LatentSpace_v85,Pyramus (VIII),29,32,-3
LatentSpace_v85,Uvula (IX),22,34,-12
LatentSpace_v85,Nodulus (X),13,35,-22
LatentSpace_v85,Simple lobule,22,29,-7
LatentSpace_v85,Crus 1,22,26,-4
LatentSpace_v85,Crus 2,22,27,-5
LatentSpace_v85,Paramedian lobule,25,33,-8
LatentSpace_v85,Copula pyramidis,31,34,-3
LatentSpace_v85,Flocculus,27,34,-7
LatentSpace_v85,Paraflocculus,24,36,-12
LatentSpace_v85,Cerebellar nuclei,13,11,2
LatentSpace_v86,Cortical subplate-other,12,15,-3
LatentSpace_v86,Claustrum,24,33,-9
LatentSpace_v86,Endopiriform nucleus,19,32,-13
LatentSpace_v86,Olfactory areas-other,21,33,-12
LatentSpace_v86,Postpiriform transition area,17,27,-10
LatentSpace_v86,Piriform area,17,34,-17
LatentSpace_v86,Taenia tecta,16,28,-12
LatentSpace_v86,Cortical amygdalar area,10,19,-9
LatentSpace_v86,Piriform-amygdalar area,14,28,-14
LatentSpace_v86,Main olfactory bulb,23,10,13
LatentSpace_v86,Accessory olfactory bulb,25,19,6
LatentSpace_v86,Anterior olfactory nucleus,15,32,-17
LatentSpace_v86,Subiculum,3,35,-32
LatentSpace_v86,Entorhinal area,15,22,-7
LatentSpace_v86,Field CA1,5,25,-20
LatentSpace_v86,Field CA2,6,14,-8
LatentSpace_v86,Field CA3,7,8,-1
LatentSpace_v86,Dentate gyrus,8,3,5
LatentSpace_v86,Anterior cingulate area,31,39,-8
LatentSpace_v86,Infralimbic area,13,26,-13
LatentSpace_v86,Retrosplenial area,22,36,-14
LatentSpace_v86,Prelimbic area,25,35,-10
LatentSpace_v86,Primary auditory area,35,38,-3
LatentSpace_v86,Dorsal auditory area,35,38,-3
LatentSpace_v86,Ventral auditory area,34,38,-4
LatentSpace_v86,Agranular insular area,16,37,-21
LatentSpace_v86,Ectorhinal area,20,33,-13
LatentSpace_v86,Primary motor area,31,38,-7
LatentSpace_v86,Secondary motor area,31,38,-7
LatentSpace_v86,"Frontal pole, cerebral cortex",24,40,-16
LatentSpace_v86,Orbital area,19,35,-16
LatentSpace_v86,Posterior parietal association areas,30,38,-8
LatentSpace_v86,Perirhinal area,16,32,-16
LatentSpace_v86,Primary somatosensory area,23,35,-12
LatentSpace_v86,Supplemental somatosensory area,36,38,-2
LatentSpace_v86,Temporal association areas,25,33,-8
LatentSpace_v86,Visual areas,29,38,-9
LatentSpace_v86,Pallidum,11,6,5
LatentSpace_v86,Striatum ventral region,8,3,5
LatentSpace_v86,Lateral septal complex,9,4,5
LatentSpace_v86,Caudoputamen,3,3,0
LatentSpace_v86,Medial amygdalar nucleus,13,7,6
LatentSpace_v86,Hypothalamus,7,9,-2
LatentSpace_v86,Thalamus,4,1,3
LatentSpace_v86,Inferior colliculus,20,9,11
LatentSpace_v86,"Superior colliculus, sensory related",8,10,-2
LatentSpace_v86,Midbrain raphe nuclei,16,12,4
LatentSpace_v86,Midbrain-other,13,10,3
LatentSpace_v86,Periaqueductal gray,12,11,1
LatentSpace_v86,Pons,11,9,2
LatentSpace_v86,Medulla,10,9,1
LatentSpace_v86,Lingula (I),14,34,-20
LatentSpace_v86,Central lobule,21,34,-13
LatentSpace_v86,Culmen,25,34,-9
LatentSpace_v86,Declive (VI),23,28,-5
LatentSpace_v86,Folium-tuber vermis (VII),23,31,-8
LatentSpace_v86,Pyramus (VIII),27,32,-5
LatentSpace_v86,Uvula (IX),37,34,3
LatentSpace_v86,Nodulus (X),19,35,-16
LatentSpace_v86,Simple lobule,23,29,-6
LatentSpace_v86,Crus 1,22,26,-4
LatentSpace_v86,Crus 2,23,27,-4
LatentSpace_v86,Paramedian lobule,23,33,-10
LatentSpace_v86,Copula pyramidis,33,34,-1
LatentSpace_v86,Flocculus,35,34,1
LatentSpace_v86,Paraflocculus,31,36,-5
LatentSpace_v86,Cerebellar nuclei,13,11,2
LatentSpace_v87,Cortical subplate-other,13,15,-2
LatentSpace_v87,Claustrum,29,33,-4
LatentSpace_v87,Endopiriform nucleus,15,32,-17
LatentSpace_v87,Olfactory areas-other,14,33,-19
LatentSpace_v87,Postpiriform transition area,10,27,-17
LatentSpace_v87,Piriform area,17,34,-17
LatentSpace_v87,Taenia tecta,17,28,-11
LatentSpace_v87,Cortical amygdalar area,4,19,-15
LatentSpace_v87,Piriform-amygdalar area,3,28,-25
LatentSpace_v87,Main olfactory bulb,10,10,0
LatentSpace_v87,Accessory olfactory bulb,20,19,1
LatentSpace_v87,Anterior olfactory nucleus,13,32,-19
LatentSpace_v87,Subiculum,7,35,-28
LatentSpace_v87,Entorhinal area,14,22,-8
LatentSpace_v87,Field CA1,10,25,-15
LatentSpace_v87,Field CA2,9,14,-5
LatentSpace_v87,Field CA3,6,8,-2
LatentSpace_v87,Dentate gyrus,9,3,6
LatentSpace_v87,Anterior cingulate area,32,39,-7
LatentSpace_v87,Infralimbic area,13,26,-13
LatentSpace_v87,Retrosplenial area,29,36,-7
LatentSpace_v87,Prelimbic area,27,35,-8
LatentSpace_v87,Primary auditory area,35,38,-3
LatentSpace_v87,Dorsal auditory area,35,38,-3
LatentSpace_v87,Ventral auditory area,37,38,-1
LatentSpace_v87,Agranular insular area,19,37,-18
LatentSpace_v87,Ectorhinal area,23,33,-10
LatentSpace_v87,Primary motor area,35,38,-3
LatentSpace_v87,Secondary motor area,37,38,-1
LatentSpace_v87,"Frontal pole, cerebral cortex",28,40,-12
LatentSpace_v87,Orbital area,25,35,-10
LatentSpace_v87,Posterior parietal association areas,35,38,-3
LatentSpace_v87,Perirhinal area,18,32,-14
LatentSpace_v87,Primary somatosensory area,30,35,-5
LatentSpace_v87,Supplemental somatosensory area,36,38,-2
LatentSpace_v87,Temporal association areas,31,33,-2
LatentSpace_v87,Visual areas,35,38,-3
LatentSpace_v87,Pallidum,10,6,4
LatentSpace_v87,Striatum ventral region,8,3,5
LatentSpace_v87,Lateral septal complex,16,4,12
LatentSpace_v87,Caudoputamen,3,3,0
LatentSpace_v87,Medial amygdalar nucleus,11,7,4
LatentSpace_v87,Hypothalamus,11,9,2
LatentSpace_v87,Thalamus,8,1,7
LatentSpace_v87,Inferior colliculus,6,9,-3
LatentSpace_v87,"Superior colliculus, sensory related",3,10,-7
LatentSpace_v87,Midbrain raphe nuclei,14,12,2
LatentSpace_v87,Midbrain-other,9,10,-1
LatentSpace_v87,Periaqueductal gray,7,11,-4
LatentSpace_v87,Pons,10,9,1
LatentSpace_v87,Medulla,13,9,4
LatentSpace_v87,Lingula (I),11,34,-23
LatentSpace_v87,Central lobule,26,34,-8
LatentSpace_v87,Culmen,25,34,-9
LatentSpace_v87,Declive (VI),23,28,-5
LatentSpace_v87,Folium-tuber vermis (VII),23,31,-8
LatentSpace_v87,Pyramus (VIII),29,32,-3
LatentSpace_v87,Uvula (IX),27,34,-7
LatentSpace_v87,Nodulus (X),16,35,-19
LatentSpace_v87,Simple lobule,23,29,-6
LatentSpace_v87,Crus 1,23,26,-3
LatentSpace_v87,Crus 2,23,27,-4
LatentSpace_v87,Paramedian lobule,24,33,-9
LatentSpace_v87,Copula pyramidis,29,34,-5
LatentSpace_v87,Flocculus,22,34,-12
LatentSpace_v87,Paraflocculus,27,36,-9
LatentSpace_v87,Cerebellar nuclei,20,11,9
LatentSpace_v88,Cortical subplate-other,10,15,-5
LatentSpace_v88,Claustrum,20,33,-13
LatentSpace_v88,Endopiriform nucleus,6,32,-26
LatentSpace_v88,Olfactory areas-other,7,33,-26
LatentSpace_v88,Postpiriform transition area,7,27,-20
LatentSpace_v88,Piriform area,8,34,-26
LatentSpace_v88,Taenia tecta,10,28,-18
LatentSpace_v88,Cortical amygdalar area,5,19,-14
LatentSpace_v88,Piriform-amygdalar area,2,28,-26
LatentSpace_v88,Main olfactory bulb,24,10,14
LatentSpace_v88,Accessory olfactory bulb,37,19,18
LatentSpace_v88,Anterior olfactory nucleus,6,32,-26
LatentSpace_v88,Subiculum,6,35,-29
LatentSpace_v88,Entorhinal area,31,22,9
LatentSpace_v88,Field CA1,10,25,-15
LatentSpace_v88,Field CA2,10,14,-4
LatentSpace_v88,Field CA3,8,8,0
LatentSpace_v88,Dentate gyrus,9,3,6
LatentSpace_v88,Anterior cingulate area,35,39,-4
LatentSpace_v88,Infralimbic area,10,26,-16
LatentSpace_v88,Retrosplenial area,28,36,-8
LatentSpace_v88,Prelimbic area,26,35,-9
LatentSpace_v88,Primary auditory area,36,38,-2
LatentSpace_v88,Dorsal auditory area,35,38,-3
LatentSpace_v88,Ventral auditory area,35,38,-3
LatentSpace_v88,Agranular insular area,19,37,-18
LatentSpace_v88,Ectorhinal area,23,33,-10
LatentSpace_v88,Primary motor area,36,38,-2
LatentSpace_v88,Secondary motor area,36,38,-2
LatentSpace_v88,"Frontal pole, cerebral cortex",32,40,-8
LatentSpace_v88,Orbital area,24,35,-11
LatentSpace_v88,Posterior parietal association areas,35,38,-3
LatentSpace_v88,Perirhinal area,17,32,-15
LatentSpace_v88,Primary somatosensory area,32,35,-3
LatentSpace_v88,Supplemental somatosensory area,37,38,-1
LatentSpace_v88,Temporal association areas,30,33,-3
LatentSpace_v88,Visual areas,35,38,-3
LatentSpace_v88,Pallidum,8,6,2
LatentSpace_v88,Striatum ventral region,6,3,3
LatentSpace_v88,Lateral septal complex,7,4,3
LatentSpace_v88,Caudoputamen,3,3,0
LatentSpace_v88,Medial amygdalar nucleus,11,7,4
LatentSpace_v88,Hypothalamus,9,9,0
LatentSpace_v88,Thalamus,5,1,4
LatentSpace_v88,Inferior colliculus,9,9,0
LatentSpace_v88,"Superior colliculus, sensory related",5,10,-5
LatentSpace_v88,Midbrain raphe nuclei,14,12,2
LatentSpace_v88,Midbrain-other,12,10,2
LatentSpace_v88,Periaqueductal gray,13,11,2
LatentSpace_v88,Pons,10,9,1
LatentSpace_v88,Medulla,14,9,5
LatentSpace_v88,Lingula (I),11,34,-23
LatentSpace_v88,Central lobule,15,34,-19
LatentSpace_v88,Culmen,27,34,-7
LatentSpace_v88,Declive (VI),22,28,-6
LatentSpace_v88,Folium-tuber vermis (VII),23,31,-8
LatentSpace_v88,Pyramus (VIII),27,32,-5
LatentSpace_v88,Uvula (IX),35,34,1
LatentSpace_v88,Nodulus (X),31,35,-4
LatentSpace_v88,Simple lobule,22,29,-7
LatentSpace_v88,Crus 1,22,26,-4
LatentSpace_v88,Crus 2,22,27,-5
LatentSpace_v88,Paramedian lobule,23,33,-10
LatentSpace_v88,Copula pyramidis,26,34,-8
LatentSpace_v88,Flocculus,34,34,0
LatentSpace_v88,Paraflocculus,28,36,-8
LatentSpace_v88,Cerebellar nuclei,22,11,11
LatentSpace_v89,Cortical subplate-other,16,15,1
LatentSpace_v89,Claustrum,27,33,-6
LatentSpace_v89,Endopiriform nucleus,15,32,-17
LatentSpace_v89,Olfactory areas-other,17,33,-16
LatentSpace_v89,Postpiriform transition area,16,27,-11
LatentSpace_v89,Piriform area,14,34,-20
LatentSpace_v89,Taenia tecta,17,28,-11
LatentSpace_v89,Cortical amygdalar area,13,19,-6
LatentSpace_v89,Piriform-amygdalar area,13,28,-15
LatentSpace_v89,Main olfactory bulb,12,10,2
LatentSpace_v89,Accessory olfactory bulb,24,19,5
LatentSpace_v89,Anterior olfactory nucleus,17,32,-15
LatentSpace_v89,Subiculum,4,35,-31
LatentSpace_v89,Entorhinal area,18,22,-4
LatentSpace_v89,Field CA1,6,25,-19
LatentSpace_v89,Field CA2,7,14,-7
LatentSpace_v89,Field CA3,9,8,1
LatentSpace_v89,Dentate gyrus,8,3,5
LatentSpace_v89,Anterior cingulate area,32,39,-7
LatentSpace_v89,Infralimbic area,12,26,-14
LatentSpace_v89,Retrosplenial area,25,36,-11
LatentSpace_v89,Prelimbic area,26,35,-9
LatentSpace_v89,Primary auditory area,35,38,-3
LatentSpace_v89,Dorsal auditory area,33,38,-5
LatentSpace_v89,Ventral auditory area,34,38,-4
LatentSpace_v89,Agranular insular area,20,37,-17
LatentSpace_v89,Ectorhinal area,22,33,-11
LatentSpace_v89,Primary motor area,31,38,-7
LatentSpace_v89,Secondary motor area,35,38,-3
LatentSpace_v89,"Frontal pole, cerebral cortex",30,40,-10
LatentSpace_v89,Orbital area,26,35,-9
LatentSpace_v89,Posterior parietal association areas,32,38,-6
LatentSpace_v89,Perirhinal area,19,32,-13
LatentSpace_v89,Primary somatosensory area,26,35,-9
LatentSpace_v89,Supplemental somatosensory area,35,38,-3
LatentSpace_v89,Temporal association areas,29,33,-4
LatentSpace_v89,Visual areas,30,38,-8
LatentSpace_v89,Pallidum,10,6,4
LatentSpace_v89,Striatum ventral region,11,3,8
LatentSpace_v89,Lateral septal complex,18,4,14
LatentSpace_v89,Caudoputamen,3,3,0
LatentSpace_v89,Medial amygdalar nucleus,15,7,8
LatentSpace_v89,Hypothalamus,8,9,-1
LatentSpace_v89,Thalamus,8,1,7
LatentSpace_v89,Inferior colliculus,10,9,1
LatentSpace_v89,"Superior colliculus, sensory related",4,10,-6
LatentSpace_v89,Midbrain raphe nuclei,15,12,3
LatentSpace_v89,Midbrain-other,9,10,-1
LatentSpace_v89,Periaqueductal gray,11,11,0
LatentSpace_v89,Pons,6,9,-3
LatentSpace_v89,Medulla,9,9,0
LatentSpace_v89,Lingula (I),35,34,1
LatentSpace_v89,Central lobule,33,34,-1
LatentSpace_v89,Culmen,26,34,-8
LatentSpace_v89,Declive (VI),23,28,-5
LatentSpace_v89,Folium-tuber vermis (VII),23,31,-8
LatentSpace_v89,Pyramus (VIII),24,32,-8
LatentSpace_v89,Uvula (IX),28,34,-6
LatentSpace_v89,Nodulus (X),26,35,-9
LatentSpace_v89,Simple lobule,23,29,-6
LatentSpace_v89,Crus 1,22,26,-4
LatentSpace_v89,Crus 2,22,27,-5
LatentSpace_v89,Paramedian lobule,23,33,-10
LatentSpace_v89,Copula pyramidis,24,34,-10
LatentSpace_v89,Flocculus,32,34,-2
LatentSpace_v89,Paraflocculus,27,36,-9
LatentSpace_v89,Cerebellar nuclei,30,11,19
LatentSpace_v90,Cortical subplate-other,9,15,-6
LatentSpace_v90,Claustrum,29,33,-4
LatentSpace_v90,Endopiriform nucleus,18,32,-14
LatentSpace_v90,Olfactory areas-other,20,33,-13
LatentSpace_v90,Postpiriform transition area,10,27,-17
LatentSpace_v90,Piriform area,21,34,-13
LatentSpace_v90,Taenia tecta,14,28,-14
LatentSpace_v90,Cortical amygdalar area,8,19,-11
LatentSpace_v90,Piriform-amygdalar area,10,28,-18
LatentSpace_v90,Main olfactory bulb,21,10,11
LatentSpace_v90,Accessory olfactory bulb,36,19,17
LatentSpace_v90,Anterior olfactory nucleus,22,32,-10
LatentSpace_v90,Subiculum,3,35,-32
LatentSpace_v90,Entorhinal area,12,22,-10
LatentSpace_v90,Field CA1,5,25,-20
LatentSpace_v90,Field CA2,5,14,-9
LatentSpace_v90,Field CA3,5,8,-3
LatentSpace_v90,Dentate gyrus,7,3,4
LatentSpace_v90,Anterior cingulate area,37,39,-2
LatentSpace_v90,Infralimbic area,14,26,-12
LatentSpace_v90,Retrosplenial area,25,36,-11
LatentSpace_v90,Prelimbic area,23,35,-12
LatentSpace_v90,Primary auditory area,35,38,-3
LatentSpace_v90,Dorsal auditory area,35,38,-3
LatentSpace_v90,Ventral auditory area,37,38,-1
LatentSpace_v90,Agranular insular area,28,37,-9
LatentSpace_v90,Ectorhinal area,28,33,-5
LatentSpace_v90,Primary motor area,36,38,-2
LatentSpace_v90,Secondary motor area,39,38,1
LatentSpace_v90,"Frontal pole, cerebral cortex",35,40,-5
LatentSpace_v90,Orbital area,24,35,-11
LatentSpace_v90,Posterior parietal association areas,35,38,-3
LatentSpace_v90,Perirhinal area,21,32,-11
LatentSpace_v90,Primary somatosensory area,35,35,0
LatentSpace_v90,Supplemental somatosensory area,36,38,-2
LatentSpace_v90,Temporal association areas,39,33,6
LatentSpace_v90,Visual areas,35,38,-3
LatentSpace_v90,Pallidum,7,6,1
LatentSpace_v90,Striatum ventral region,8,3,5
LatentSpace_v90,Lateral septal complex,11,4,7
LatentSpace_v90,Caudoputamen,4,3,1
LatentSpace_v90,Medial amygdalar nucleus,12,7,5
LatentSpace_v90,Hypothalamus,10,9,1
LatentSpace_v90,Thalamus,11,1,10
LatentSpace_v90,Inferior colliculus,7,9,-2
LatentSpace_v90,"Superior colliculus, sensory related",10,10,0
LatentSpace_v90,Midbrain raphe nuclei,14,12,2
LatentSpace_v90,Midbrain-other,14,10,4
LatentSpace_v90,Periaqueductal gray,13,11,2
LatentSpace_v90,Pons,11,9,2
LatentSpace_v90,Medulla,12,9,3
LatentSpace_v90,Lingula (I),12,34,-22
LatentSpace_v90,Central lobule,18,34,-16
LatentSpace_v90,Culmen,27,34,-7
LatentSpace_v90,Declive (VI),22,28,-6
LatentSpace_v90,Folium-tuber vermis (VII),23,31,-8
LatentSpace_v90,Pyramus (VIII),23,32,-9
LatentSpace_v90,Uvula (IX),20,34,-14
LatentSpace_v90,Nodulus (X),13,35,-22
LatentSpace_v90,Simple lobule,22,29,-7
LatentSpace_v90,Crus 1,22,26,-4
LatentSpace_v90,Crus 2,22,27,-5
LatentSpace_v90,Paramedian lobule,23,33,-10
LatentSpace_v90,Copula pyramidis,23,34,-11
LatentSpace_v90,Flocculus,20,34,-14
LatentSpace_v90,Paraflocculus,23,36,-13
LatentSpace_v90,Cerebellar nuclei,13,11,2
LatentSpace_v91,Cortical subplate-other,13,15,-2
LatentSpace_v91,Claustrum,22,33,-11
LatentSpace_v91,Endopiriform nucleus,15,32,-17
LatentSpace_v91,Olfactory areas-other,21,33,-12
LatentSpace_v91,Postpiriform transition area,12,27,-15
LatentSpace_v91,Piriform area,15,34,-19
LatentSpace_v91,Taenia tecta,16,28,-12
LatentSpace_v91,Cortical amygdalar area,11,19,-8
LatentSpace_v91,Piriform-amygdalar area,13,28,-15
LatentSpace_v91,Main olfactory bulb,12,10,2
LatentSpace_v91,Accessory olfactory bulb,20,19,1
LatentSpace_v91,Anterior olfactory nucleus,14,32,-18
LatentSpace_v91,Subiculum,3,35,-32
LatentSpace_v91,Entorhinal area,13,22,-9
LatentSpace_v91,Field CA1,4,25,-21
LatentSpace_v91,Field CA2,6,14,-8
LatentSpace_v91,Field CA3,6,8,-2
LatentSpace_v91,Dentate gyrus,6,3,3
LatentSpace_v91,Anterior cingulate area,33,39,-6
LatentSpace_v91,Infralimbic area,13,26,-13
LatentSpace_v91,Retrosplenial area,19,36,-17
LatentSpace_v91,Prelimbic area,23,35,-12
LatentSpace_v91,Primary auditory area,35,38,-3
LatentSpace_v91,Dorsal auditory area,35,38,-3
LatentSpace_v91,Ventral auditory area,36,38,-2
LatentSpace_v91,Agranular insular area,22,37,-15
LatentSpace_v91,Ectorhinal area,23,33,-10
LatentSpace_v91,Primary motor area,35,38,-3
LatentSpace_v91,Secondary motor area,33,38,-5
LatentSpace_v91,"Frontal pole, cerebral cortex",28,40,-12
LatentSpace_v91,Orbital area,22,35,-13
LatentSpace_v91,Posterior parietal association areas,29,38,-9
LatentSpace_v91,Perirhinal area,17,32,-15
LatentSpace_v91,Primary somatosensory area,29,35,-6
LatentSpace_v91,Supplemental somatosensory area,36,38,-2
LatentSpace_v91,Temporal association areas,30,33,-3
LatentSpace_v91,Visual areas,30,38,-8
LatentSpace_v91,Pallidum,16,6,10
LatentSpace_v91,Striatum ventral region,10,3,7
LatentSpace_v91,Lateral septal complex,16,4,12
LatentSpace_v91,Caudoputamen,3,3,0
LatentSpace_v91,Medial amygdalar nucleus,12,7,5
LatentSpace_v91,Hypothalamus,8,9,-1
LatentSpace_v91,Thalamus,10,1,9
LatentSpace_v91,Inferior colliculus,15,9,6
LatentSpace_v91,"Superior colliculus, sensory related",6,10,-4
LatentSpace_v91,Midbrain raphe nuclei,14,12,2
LatentSpace_v91,Midbrain-other,12,10,2
LatentSpace_v91,Periaqueductal gray,13,11,2
LatentSpace_v91,Pons,8,9,-1
LatentSpace_v91,Medulla,7,9,-2
LatentSpace_v91,Lingula (I),10,34,-24
LatentSpace_v91,Central lobule,10,34,-24
LatentSpace_v91,Culmen,24,34,-10
LatentSpace_v91,Declive (VI),21,28,-7
LatentSpace_v91,Folium-tuber vermis (VII),21,31,-10
LatentSpace_v91,Pyramus (VIII),23,32,-9
LatentSpace_v91,Uvula (IX),29,34,-5
LatentSpace_v91,Nodulus (X),15,35,-20
LatentSpace_v91,Simple lobule,22,29,-7
LatentSpace_v91,Crus 1,21,26,-5
LatentSpace_v91,Crus 2,21,27,-6
LatentSpace_v91,Paramedian lobule,21,33,-12
LatentSpace_v91,Copula pyramidis,24,34,-10
LatentSpace_v91,Flocculus,13,34,-21
LatentSpace_v91,Paraflocculus,24,36,-12
LatentSpace_v91,Cerebellar nuclei,13,11,2
LatentSpace_v92,Cortical subplate-other,6,15,-9
LatentSpace_v92,Claustrum,23,33,-10
LatentSpace_v92,Endopiriform nucleus,8,32,-24
LatentSpace_v92,Olfactory areas-other,12,33,-21
LatentSpace_v92,Postpiriform transition area,9,27,-18
LatentSpace_v92,Piriform area,21,34,-13
LatentSpace_v92,Taenia tecta,10,28,-18
LatentSpace_v92,Cortical amygdalar area,3,19,-16
LatentSpace_v92,Piriform-amygdalar area,7,28,-21
LatentSpace_v92,Main olfactory bulb,10,10,0
LatentSpace_v92,Accessory olfactory bulb,34,19,15
LatentSpace_v92,Anterior olfactory nucleus,13,32,-19
LatentSpace_v92,Subiculum,4,35,-31
LatentSpace_v92,Entorhinal area,12,22,-10
LatentSpace_v92,Field CA1,7,25,-18
LatentSpace_v92,Field CA2,29,14,15
LatentSpace_v92,Field CA3,7,8,-1
LatentSpace_v92,Dentate gyrus,7,3,4
LatentSpace_v92,Anterior cingulate area,39,39,0
LatentSpace_v92,Infralimbic area,10,26,-16
LatentSpace_v92,Retrosplenial area,25,36,-11
LatentSpace_v92,Prelimbic area,30,35,-5
LatentSpace_v92,Primary auditory area,35,38,-3
LatentSpace_v92,Dorsal auditory area,35,38,-3
LatentSpace_v92,Ventral auditory area,38,38,0
LatentSpace_v92,Agranular insular area,21,37,-16
LatentSpace_v92,Ectorhinal area,25,33,-8
LatentSpace_v92,Primary motor area,36,38,-2
LatentSpace_v92,Secondary motor area,37,38,-1
LatentSpace_v92,"Frontal pole, cerebral cortex",28,40,-12
LatentSpace_v92,Orbital area,27,35,-8
LatentSpace_v92,Posterior parietal association areas,34,38,-4
LatentSpace_v92,Perirhinal area,22,32,-10
LatentSpace_v92,Primary somatosensory area,33,35,-2
LatentSpace_v92,Supplemental somatosensory area,36,38,-2
LatentSpace_v92,Temporal association areas,39,33,6
LatentSpace_v92,Visual areas,35,38,-3
LatentSpace_v92,Pallidum,10,6,4
LatentSpace_v92,Striatum ventral region,10,3,7
LatentSpace_v92,Lateral septal complex,14,4,10
LatentSpace_v92,Caudoputamen,3,3,0
LatentSpace_v92,Medial amygdalar nucleus,7,7,0
LatentSpace_v92,Hypothalamus,10,9,1
LatentSpace_v92,Thalamus,4,1,3
LatentSpace_v92,Inferior colliculus,6,9,-3
LatentSpace_v92,"Superior colliculus, sensory related",10,10,0
LatentSpace_v92,Midbrain raphe nuclei,16,12,4
LatentSpace_v92,Midbrain-other,13,10,3
LatentSpace_v92,Periaqueductal gray,12,11,1
LatentSpace_v92,Pons,9,9,0
LatentSpace_v92,Medulla,12,9,3
LatentSpace_v92,Lingula (I),19,34,-15
LatentSpace_v92,Central lobule,29,34,-5
LatentSpace_v92,Culmen,24,34,-10
LatentSpace_v92,Declive (VI),23,28,-5
LatentSpace_v92,Folium-tuber vermis (VII),23,31,-8
LatentSpace_v92,Pyramus (VIII),26,32,-6
LatentSpace_v92,Uvula (IX),32,34,-2
LatentSpace_v92,Nodulus (X),29,35,-6
LatentSpace_v92,Simple lobule,22,29,-7
LatentSpace_v92,Crus 1,22,26,-4
LatentSpace_v92,Crus 2,22,27,-5
LatentSpace_v92,Paramedian lobule,23,33,-10
LatentSpace_v92,Copula pyramidis,27,34,-7
LatentSpace_v92,Flocculus,30,34,-4
LatentSpace_v92,Paraflocculus,23,36,-13
LatentSpace_v92,Cerebellar nuclei,28,11,17
LatentSpace_v93,Cortical subplate-other,8,15,-7
LatentSpace_v93,Claustrum,22,33,-11
LatentSpace_v93,Endopiriform nucleus,12,32,-20
LatentSpace_v93,Olfactory areas-other,13,33,-20
LatentSpace_v93,Postpiriform transition area,10,27,-17
LatentSpace_v93,Piriform area,10,34,-24
LatentSpace_v93,Taenia tecta,11,28,-17
LatentSpace_v93,Cortical amygdalar area,8,19,-11
LatentSpace_v93,Piriform-amygdalar area,10,28,-18
LatentSpace_v93,Main olfactory bulb,22,10,12
LatentSpace_v93,Accessory olfactory bulb,40,19,21
LatentSpace_v93,Anterior olfactory nucleus,12,32,-20
LatentSpace_v93,Subiculum,18,35,-17
LatentSpace_v93,Entorhinal area,11,22,-11
LatentSpace_v93,Field CA1,9,25,-16
LatentSpace_v93,Field CA2,9,14,-5
LatentSpace_v93,Field CA3,7,8,-1
LatentSpace_v93,Dentate gyrus,9,3,6
LatentSpace_v93,Anterior cingulate area,38,39,-1
LatentSpace_v93,Infralimbic area,10,26,-16
LatentSpace_v93,Retrosplenial area,27,36,-9
LatentSpace_v93,Prelimbic area,30,35,-5
LatentSpace_v93,Primary auditory area,35,38,-3
LatentSpace_v93,Dorsal auditory area,35,38,-3
LatentSpace_v93,Ventral auditory area,35,38,-3
LatentSpace_v93,Agranular insular area,17,37,-20
LatentSpace_v93,Ectorhinal area,22,33,-11
LatentSpace_v93,Primary motor area,34,38,-4
LatentSpace_v93,Secondary motor area,36,38,-2
LatentSpace_v93,"Frontal pole, cerebral cortex",37,40,-3
LatentSpace_v93,Orbital area,19,35,-16
LatentSpace_v93,Posterior parietal association areas,33,38,-5
LatentSpace_v93,Perirhinal area,15,32,-17
LatentSpace_v93,Primary somatosensory area,29,35,-6
LatentSpace_v93,Supplemental somatosensory area,36,38,-2
LatentSpace_v93,Temporal association areas,29,33,-4
LatentSpace_v93,Visual areas,35,38,-3
LatentSpace_v93,Pallidum,11,6,5
LatentSpace_v93,Striatum ventral region,6,3,3
LatentSpace_v93,Lateral septal complex,6,4,2
LatentSpace_v93,Caudoputamen,3,3,0
LatentSpace_v93,Medial amygdalar nucleus,9,7,2
LatentSpace_v93,Hypothalamus,10,9,1
LatentSpace_v93,Thalamus,4,1,3
LatentSpace_v93,Inferior colliculus,4,9,-5
LatentSpace_v93,"Superior colliculus, sensory related",5,10,-5
LatentSpace_v93,Midbrain raphe nuclei,14,12,2
LatentSpace_v93,Midbrain-other,9,10,-1
LatentSpace_v93,Periaqueductal gray,10,11,-1
LatentSpace_v93,Pons,12,9,3
LatentSpace_v93,Medulla,13,9,4
LatentSpace_v93,Lingula (I),8,34,-26
LatentSpace_v93,Central lobule,8,34,-26
LatentSpace_v93,Culmen,26,34,-8
LatentSpace_v93,Declive (VI),23,28,-5
LatentSpace_v93,Folium-tuber vermis (VII),25,31,-6
LatentSpace_v93,Pyramus (VIII),33,32,1
LatentSpace_v93,Uvula (IX),21,34,-13
LatentSpace_v93,Nodulus (X),16,35,-19
LatentSpace_v93,Simple lobule,24,29,-5
LatentSpace_v93,Crus 1,22,26,-4
LatentSpace_v93,Crus 2,22,27,-5
LatentSpace_v93,Paramedian lobule,25,33,-8
LatentSpace_v93,Copula pyramidis,33,34,-1
LatentSpace_v93,Flocculus,32,34,-2
LatentSpace_v93,Paraflocculus,29,36,-7
LatentSpace_v93,Cerebellar nuclei,22,11,11
LatentSpace_v94,Cortical subplate-other,10,15,-5
LatentSpace_v94,Claustrum,23,33,-10
LatentSpace_v94,Endopiriform nucleus,10,32,-22
LatentSpace_v94,Olfactory areas-other,7,33,-26
LatentSpace_v94,Postpiriform transition area,12,27,-15
LatentSpace_v94,Piriform area,12,34,-22
LatentSpace_v94,Taenia tecta,12,28,-16
LatentSpace_v94,Cortical amygdalar area,10,19,-9
LatentSpace_v94,Piriform-amygdalar area,11,28,-17
LatentSpace_v94,Main olfactory bulb,12,10,2
LatentSpace_v94,Accessory olfactory bulb,21,19,2
LatentSpace_v94,Anterior olfactory nucleus,6,32,-26
LatentSpace_v94,Subiculum,8,35,-27
LatentSpace_v94,Entorhinal area,8,22,-14
LatentSpace_v94,Field CA1,10,25,-15
LatentSpace_v94,Field CA2,22,14,8
LatentSpace_v94,Field CA3,6,8,-2
LatentSpace_v94,Dentate gyrus,7,3,4
LatentSpace_v94,Anterior cingulate area,36,39,-3
LatentSpace_v94,Infralimbic area,12,26,-14
LatentSpace_v94,Retrosplenial area,25,36,-11
LatentSpace_v94,Prelimbic area,25,35,-10
LatentSpace_v94,Primary auditory area,35,38,-3
LatentSpace_v94,Dorsal auditory area,35,38,-3
LatentSpace_v94,Ventral auditory area,37,38,-1
LatentSpace_v94,Agranular insular area,21,37,-16
LatentSpace_v94,Ectorhinal area,23,33,-10
LatentSpace_v94,Primary motor area,35,38,-3
LatentSpace_v94,Secondary motor area,35,38,-3
LatentSpace_v94,"Frontal pole, cerebral cortex",30,40,-10
LatentSpace_v94,Orbital area,21,35,-14
LatentSpace_v94,Posterior parietal association areas,34,38,-4
LatentSpace_v94,Perirhinal area,15,32,-17
LatentSpace_v94,Primary somatosensory area,31,35,-4
LatentSpace_v94,Supplemental somatosensory area,35,38,-3
LatentSpace_v94,Temporal association areas,30,33,-3
LatentSpace_v94,Visual areas,34,38,-4
LatentSpace_v94,Pallidum,7,6,1
LatentSpace_v94,Striatum ventral region,7,3,4
LatentSpace_v94,Lateral septal complex,11,4,7
LatentSpace_v94,Caudoputamen,3,3,0
LatentSpace_v94,Medial amygdalar nucleus,11,7,4
LatentSpace_v94,Hypothalamus,10,9,1
LatentSpace_v94,Thalamus,7,1,6
LatentSpace_v94,Inferior colliculus,7,9,-2
LatentSpace_v94,"Superior colliculus, sensory related",10,10,0
LatentSpace_v94,Midbrain raphe nuclei,13,12,1
LatentSpace_v94,Midbrain-other,13,10,3
LatentSpace_v94,Periaqueductal gray,13,11,2
LatentSpace_v94,Pons,9,9,0
LatentSpace_v94,Medulla,9,9,0
LatentSpace_v94,Lingula (I),13,34,-21
LatentSpace_v94,Central lobule,17,34,-17
LatentSpace_v94,Culmen,30,34,-4
LatentSpace_v94,Declive (VI),23,28,-5
LatentSpace_v94,Folium-tuber vermis (VII),23,31,-8
LatentSpace_v94,Pyramus (VIII),25,32,-7
LatentSpace_v94,Uvula (IX),27,34,-7
LatentSpace_v94,Nodulus (X),16,35,-19
LatentSpace_v94,Simple lobule,23,29,-6
LatentSpace_v94,Crus 1,22,26,-4
LatentSpace_v94,Crus 2,21,27,-6
LatentSpace_v94,Paramedian lobule,23,33,-10
LatentSpace_v94,Copula pyramidis,25,34,-9
LatentSpace_v94,Flocculus,22,34,-12
LatentSpace_v94,Paraflocculus,26,36,-10
LatentSpace_v94,Cerebellar nuclei,13,11,2
LatentSpace_v95,Cortical subplate-other,10,15,-5
LatentSpace_v95,Claustrum,27,33,-6
LatentSpace_v95,Endopiriform nucleus,16,32,-16
LatentSpace_v95,Olfactory areas-other,9,33,-24
LatentSpace_v95,Postpiriform transition area,10,27,-17
LatentSpace_v95,Piriform area,16,34,-18
LatentSpace_v95,Taenia tecta,11,28,-17
LatentSpace_v95,Cortical amygdalar area,7,19,-12
LatentSpace_v95,Piriform-amygdalar area,9,28,-19
LatentSpace_v95,Main olfactory bulb,16,10,6
LatentSpace_v95,Accessory olfactory bulb,22,19,3
LatentSpace_v95,Anterior olfactory nucleus,8,32,-24
LatentSpace_v95,Subiculum,4,35,-31
LatentSpace_v95,Entorhinal area,10,22,-12
LatentSpace_v95,Field CA1,7,25,-18
LatentSpace_v95,Field CA2,7,14,-7
LatentSpace_v95,Field CA3,7,8,-1
LatentSpace_v95,Dentate gyrus,9,3,6
LatentSpace_v95,Anterior cingulate area,38,39,-1
LatentSpace_v95,Infralimbic area,11,26,-15
LatentSpace_v95,Retrosplenial area,33,36,-3
LatentSpace_v95,Prelimbic area,30,35,-5
LatentSpace_v95,Primary auditory area,37,38,-1
LatentSpace_v95,Dorsal auditory area,35,38,-3
LatentSpace_v95,Ventral auditory area,38,38,0
LatentSpace_v95,Agranular insular area,27,37,-10
LatentSpace_v95,Ectorhinal area,23,33,-10
LatentSpace_v95,Primary motor area,36,38,-2
LatentSpace_v95,Secondary motor area,37,38,-1
LatentSpace_v95,"Frontal pole, cerebral cortex",32,40,-8
LatentSpace_v95,Orbital area,27,35,-8
LatentSpace_v95,Posterior parietal association areas,35,38,-3
LatentSpace_v95,Perirhinal area,16,32,-16
LatentSpace_v95,Primary somatosensory area,32,35,-3
LatentSpace_v95,Supplemental somatosensory area,37,38,-1
LatentSpace_v95,Temporal association areas,30,33,-3
LatentSpace_v95,Visual areas,35,38,-3
LatentSpace_v95,Pallidum,5,6,-1
LatentSpace_v95,Striatum ventral region,6,3,3
LatentSpace_v95,Lateral septal complex,9,4,5
LatentSpace_v95,Caudoputamen,3,3,0
LatentSpace_v95,Medial amygdalar nucleus,10,7,3
LatentSpace_v95,Hypothalamus,5,9,-4
LatentSpace_v95,Thalamus,5,1,4
LatentSpace_v95,Inferior colliculus,6,9,-3
LatentSpace_v95,"Superior colliculus, sensory related",4,10,-6
LatentSpace_v95,Midbrain raphe nuclei,14,12,2
LatentSpace_v95,Midbrain-other,9,10,-1
LatentSpace_v95,Periaqueductal gray,7,11,-4
LatentSpace_v95,Pons,10,9,1
LatentSpace_v95,Medulla,13,9,4
LatentSpace_v95,Lingula (I),12,34,-22
LatentSpace_v95,Central lobule,26,34,-8
LatentSpace_v95,Culmen,24,34,-10
LatentSpace_v95,Declive (VI),23,28,-5
LatentSpace_v95,Folium-tuber vermis (VII),24,31,-7
LatentSpace_v95,Pyramus (VIII),26,32,-6
LatentSpace_v95,Uvula (IX),21,34,-13
LatentSpace_v95,Nodulus (X),15,35,-20
LatentSpace_v95,Simple lobule,22,29,-7
LatentSpace_v95,Crus 1,23,26,-3
LatentSpace_v95,Crus 2,23,27,-4
LatentSpace_v95,Paramedian lobule,24,33,-9
LatentSpace_v95,Copula pyramidis,26,34,-8
LatentSpace_v95,Flocculus,28,34,-6
LatentSpace_v95,Paraflocculus,23,36,-13
LatentSpace_v95,Cerebellar nuclei,30,11,19
LatentSpace_v96,Cortical subplate-other,11,15,-4
LatentSpace_v96,Claustrum,25,33,-8
LatentSpace_v96,Endopiriform nucleus,11,32,-21
LatentSpace_v96,Olfactory areas-other,10,33,-23
LatentSpace_v96,Postpiriform transition area,11,27,-16
LatentSpace_v96,Piriform area,11,34,-23
LatentSpace_v96,Taenia tecta,12,28,-16
LatentSpace_v96,Cortical amygdalar area,9,19,-10
LatentSpace_v96,Piriform-amygdalar area,10,28,-18
LatentSpace_v96,Main olfactory bulb,32,10,22
LatentSpace_v96,Accessory olfactory bulb,21,19,2
LatentSpace_v96,Anterior olfactory nucleus,12,32,-20
LatentSpace_v96,Subiculum,6,35,-29
LatentSpace_v96,Entorhinal area,10,22,-12
LatentSpace_v96,Field CA1,5,25,-20
LatentSpace_v96,Field CA2,6,14,-8
LatentSpace_v96,Field CA3,6,8,-2
LatentSpace_v96,Dentate gyrus,8,3,5
LatentSpace_v96,Anterior cingulate area,27,39,-12
LatentSpace_v96,Infralimbic area,11,26,-15
LatentSpace_v96,Retrosplenial area,25,36,-11
LatentSpace_v96,Prelimbic area,21,35,-14
LatentSpace_v96,Primary auditory area,34,38,-4
LatentSpace_v96,Dorsal auditory area,31,38,-7
LatentSpace_v96,Ventral auditory area,35,38,-3
LatentSpace_v96,Agranular insular area,16,37,-21
LatentSpace_v96,Ectorhinal area,18,33,-15
LatentSpace_v96,Primary motor area,35,38,-3
LatentSpace_v96,Secondary motor area,34,38,-4
LatentSpace_v96,"Frontal pole, cerebral cortex",29,40,-11
LatentSpace_v96,Orbital area,19,35,-16
LatentSpace_v96,Posterior parietal association areas,35,38,-3
LatentSpace_v96,Perirhinal area,16,32,-16
LatentSpace_v96,Primary somatosensory area,28,35,-7
LatentSpace_v96,Supplemental somatosensory area,36,38,-2
LatentSpace_v96,Temporal association areas,32,33,-1
LatentSpace_v96,Visual areas,34,38,-4
LatentSpace_v96,Pallidum,8,6,2
LatentSpace_v96,Striatum ventral region,8,3,5
LatentSpace_v96,Lateral septal complex,11,4,7
LatentSpace_v96,Caudoputamen,3,3,0
LatentSpace_v96,Medial amygdalar nucleus,11,7,4
LatentSpace_v96,Hypothalamus,6,9,-3
LatentSpace_v96,Thalamus,7,1,6
LatentSpace_v96,Inferior colliculus,4,9,-5
LatentSpace_v96,"Superior colliculus, sensory related",5,10,-5
LatentSpace_v96,Midbrain raphe nuclei,14,12,2
LatentSpace_v96,Midbrain-other,8,10,-2
LatentSpace_v96,Periaqueductal gray,9,11,-2
LatentSpace_v96,Pons,10,9,1
LatentSpace_v96,Medulla,10,9,1
LatentSpace_v96,Lingula (I),9,34,-25
LatentSpace_v96,Central lobule,30,34,-4
LatentSpace_v96,Culmen,28,34,-6
LatentSpace_v96,Declive (VI),23,28,-5
LatentSpace_v96,Folium-tuber vermis (VII),23,31,-8
LatentSpace_v96,Pyramus (VIII),23,32,-9
LatentSpace_v96,Uvula (IX),30,34,-4
LatentSpace_v96,Nodulus (X),31,35,-4
LatentSpace_v96,Simple lobule,23,29,-6
LatentSpace_v96,Crus 1,23,26,-3
LatentSpace_v96,Crus 2,23,27,-4
LatentSpace_v96,Paramedian lobule,23,33,-10
LatentSpace_v96,Copula pyramidis,23,34,-11
LatentSpace_v96,Flocculus,25,34,-9
LatentSpace_v96,Paraflocculus,23,36,-13
LatentSpace_v96,Cerebellar nuclei,27,11,16
LatentSpace_v97,Cortical subplate-other,11,15,-4
LatentSpace_v97,Claustrum,23,33,-10
LatentSpace_v97,Endopiriform nucleus,9,32,-23
LatentSpace_v97,Olfactory areas-other,12,33,-21
LatentSpace_v97,Postpiriform transition area,9,27,-18
LatentSpace_v97,Piriform area,15,34,-19
LatentSpace_v97,Taenia tecta,10,28,-18
LatentSpace_v97,Cortical amygdalar area,6,19,-13
LatentSpace_v97,Piriform-amygdalar area,6,28,-22
LatentSpace_v97,Main olfactory bulb,29,10,19
LatentSpace_v97,Accessory olfactory bulb,6,19,-13
LatentSpace_v97,Anterior olfactory nucleus,9,32,-23
LatentSpace_v97,Subiculum,4,35,-31
LatentSpace_v97,Entorhinal area,14,22,-8
LatentSpace_v97,Field CA1,7,25,-18
LatentSpace_v97,Field CA2,10,14,-4
LatentSpace_v97,Field CA3,9,8,1
LatentSpace_v97,Dentate gyrus,8,3,5
LatentSpace_v97,Anterior cingulate area,37,39,-2
LatentSpace_v97,Infralimbic area,12,26,-14
LatentSpace_v97,Retrosplenial area,28,36,-8
LatentSpace_v97,Prelimbic area,28,35,-7
LatentSpace_v97,Primary auditory area,37,38,-1
LatentSpace_v97,Dorsal auditory area,35,38,-3
LatentSpace_v97,Ventral auditory area,37,38,-1
LatentSpace_v97,Agranular insular area,23,37,-14
LatentSpace_v97,Ectorhinal area,23,33,-10
LatentSpace_v97,Primary motor area,35,38,-3
LatentSpace_v97,Secondary motor area,36,38,-2
LatentSpace_v97,"Frontal pole, cerebral cortex",32,40,-8
LatentSpace_v97,Orbital area,25,35,-10
LatentSpace_v97,Posterior parietal association areas,35,38,-3
LatentSpace_v97,Perirhinal area,17,32,-15
LatentSpace_v97,Primary somatosensory area,31,35,-4
LatentSpace_v97,Supplemental somatosensory area,36,38,-2
LatentSpace_v97,Temporal association areas,30,33,-3
LatentSpace_v97,Visual areas,35,38,-3
LatentSpace_v97,Pallidum,8,6,2
LatentSpace_v97,Striatum ventral region,6,3,3
LatentSpace_v97,Lateral septal complex,8,4,4
LatentSpace_v97,Caudoputamen,3,3,0
LatentSpace_v97,Medial amygdalar nucleus,10,7,3
LatentSpace_v97,Hypothalamus,10,9,1
LatentSpace_v97,Thalamus,10,1,9
LatentSpace_v97,Inferior colliculus,8,9,-1
LatentSpace_v97,"Superior colliculus, sensory related",6,10,-4
LatentSpace_v97,Midbrain raphe nuclei,13,12,1
LatentSpace_v97,Midbrain-other,12,10,2
LatentSpace_v97,Periaqueductal gray,12,11,1
LatentSpace_v97,Pons,10,9,1
LatentSpace_v97,Medulla,12,9,3
LatentSpace_v97,Lingula (I),14,34,-20
LatentSpace_v97,Central lobule,27,34,-7
LatentSpace_v97,Culmen,26,34,-8
LatentSpace_v97,Declive (VI),22,28,-6
LatentSpace_v97,Folium-tuber vermis (VII),23,31,-8
LatentSpace_v97,Pyramus (VIII),25,32,-7
LatentSpace_v97,Uvula (IX),32,34,-2
LatentSpace_v97,Nodulus (X),21,35,-14
LatentSpace_v97,Simple lobule,22,29,-7
LatentSpace_v97,Crus 1,21,26,-5
LatentSpace_v97,Crus 2,21,27,-6
LatentSpace_v97,Paramedian lobule,22,33,-11
LatentSpace_v97,Copula pyramidis,25,34,-9
LatentSpace_v97,Flocculus,29,34,-5
LatentSpace_v97,Paraflocculus,28,36,-8
LatentSpace_v97,Cerebellar nuclei,25,11,14
LatentSpace_v98,Cortical subplate-other,12,15,-3
LatentSpace_v98,Claustrum,25,33,-8
LatentSpace_v98,Endopiriform nucleus,10,32,-22
LatentSpace_v98,Olfactory areas-other,10,33,-23
LatentSpace_v98,Postpiriform transition area,12,27,-15
LatentSpace_v98,Piriform area,14,34,-20
LatentSpace_v98,Taenia tecta,13,28,-15
LatentSpace_v98,Cortical amygdalar area,11,19,-8
LatentSpace_v98,Piriform-amygdalar area,12,28,-16
LatentSpace_v98,Main olfactory bulb,27,10,17
LatentSpace_v98,Accessory olfactory bulb,32,19,13
LatentSpace_v98,Anterior olfactory nucleus,10,32,-22
LatentSpace_v98,Subiculum,6,35,-29
LatentSpace_v98,Entorhinal area,14,22,-8
LatentSpace_v98,Field CA1,8,25,-17
LatentSpace_v98,Field CA2,8,14,-6
LatentSpace_v98,Field CA3,6,8,-2
LatentSpace_v98,Dentate gyrus,9,3,6
LatentSpace_v98,Anterior cingulate area,37,39,-2
LatentSpace_v98,Infralimbic area,12,26,-14
LatentSpace_v98,Retrosplenial area,24,36,-12
LatentSpace_v98,Prelimbic area,24,35,-11
LatentSpace_v98,Primary auditory area,36,38,-2
LatentSpace_v98,Dorsal auditory area,35,38,-3
LatentSpace_v98,Ventral auditory area,38,38,0
LatentSpace_v98,Agranular insular area,21,37,-16
LatentSpace_v98,Ectorhinal area,25,33,-8
LatentSpace_v98,Primary motor area,36,38,-2
LatentSpace_v98,Secondary motor area,37,38,-1
LatentSpace_v98,"Frontal pole, cerebral cortex",27,40,-13
LatentSpace_v98,Orbital area,24,35,-11
LatentSpace_v98,Posterior parietal association areas,35,38,-3
LatentSpace_v98,Perirhinal area,21,32,-11
LatentSpace_v98,Primary somatosensory area,31,35,-4
LatentSpace_v98,Supplemental somatosensory area,36,38,-2
LatentSpace_v98,Temporal association areas,35,33,2
LatentSpace_v98,Visual areas,35,38,-3
LatentSpace_v98,Pallidum,12,6,6
LatentSpace_v98,Striatum ventral region,9,3,6
LatentSpace_v98,Lateral septal complex,13,4,9
LatentSpace_v98,Caudoputamen,3,3,0
LatentSpace_v98,Medial amygdalar nucleus,12,7,5
LatentSpace_v98,Hypothalamus,7,9,-2
LatentSpace_v98,Thalamus,12,1,11
LatentSpace_v98,Inferior colliculus,9,9,0
LatentSpace_v98,"Superior colliculus, sensory related",9,10,-1
LatentSpace_v98,Midbrain raphe nuclei,16,12,4
LatentSpace_v98,Midbrain-other,13,10,3
LatentSpace_v98,Periaqueductal gray,13,11,2
LatentSpace_v98,Pons,11,9,2
LatentSpace_v98,Medulla,11,9,2
LatentSpace_v98,Lingula (I),13,34,-21
LatentSpace_v98,Central lobule,10,34,-24
LatentSpace_v98,Culmen,22,34,-12
LatentSpace_v98,Declive (VI),22,28,-6
LatentSpace_v98,Folium-tuber vermis (VII),23,31,-8
LatentSpace_v98,Pyramus (VIII),23,32,-9
LatentSpace_v98,Uvula (IX),20,34,-14
LatentSpace_v98,Nodulus (X),15,35,-20
LatentSpace_v98,Simple lobule,18,29,-11
LatentSpace_v98,Crus 1,21,26,-5
LatentSpace_v98,Crus 2,21,27,-6
LatentSpace_v98,Paramedian lobule,21,33,-12
LatentSpace_v98,Copula pyramidis,23,34,-11
LatentSpace_v98,Flocculus,32,34,-2
LatentSpace_v98,Paraflocculus,23,36,-13
LatentSpace_v98,Cerebellar nuclei,12,11,1
LatentSpace_v99,Cortical subplate-other,10,15,-5
LatentSpace_v99,Claustrum,26,33,-7
LatentSpace_v99,Endopiriform nucleus,17,32,-15
LatentSpace_v99,Olfactory areas-other,19,33,-14
LatentSpace_v99,Postpiriform transition area,8,27,-19
LatentSpace_v99,Piriform area,26,34,-8
LatentSpace_v99,Taenia tecta,11,28,-17
LatentSpace_v99,Cortical amygdalar area,7,19,-12
LatentSpace_v99,Piriform-amygdalar area,8,28,-20
LatentSpace_v99,Main olfactory bulb,14,10,4
LatentSpace_v99,Accessory olfactory bulb,33,19,14
LatentSpace_v99,Anterior olfactory nucleus,11,32,-21
LatentSpace_v99,Subiculum,4,35,-31
LatentSpace_v99,Entorhinal area,13,22,-9
LatentSpace_v99,Field CA1,9,25,-16
LatentSpace_v99,Field CA2,17,14,3
LatentSpace_v99,Field CA3,5,8,-3
LatentSpace_v99,Dentate gyrus,6,3,3
LatentSpace_v99,Anterior cingulate area,36,39,-3
LatentSpace_v99,Infralimbic area,8,26,-18
LatentSpace_v99,Retrosplenial area,30,36,-6
LatentSpace_v99,Prelimbic area,28,35,-7
LatentSpace_v99,Primary auditory area,37,38,-1
LatentSpace_v99,Dorsal auditory area,35,38,-3
LatentSpace_v99,Ventral auditory area,39,38,1
LatentSpace_v99,Agranular insular area,28,37,-9
LatentSpace_v99,Ectorhinal area,25,33,-8
LatentSpace_v99,Primary motor area,35,38,-3
LatentSpace_v99,Secondary motor area,37,38,-1
LatentSpace_v99,"Frontal pole, cerebral cortex",36,40,-4
LatentSpace_v99,Orbital area,30,35,-5
LatentSpace_v99,Posterior parietal association areas,35,38,-3
LatentSpace_v99,Perirhinal area,24,32,-8
LatentSpace_v99,Primary somatosensory area,28,35,-7
LatentSpace_v99,Supplemental somatosensory area,38,38,0
LatentSpace_v99,Temporal association areas,31,33,-2
LatentSpace_v99,Visual areas,35,38,-3
LatentSpace_v99,Pallidum,7,6,1
LatentSpace_v99,Striatum ventral region,7,3,4
LatentSpace_v99,Lateral septal complex,7,4,3
LatentSpace_v99,Caudoputamen,3,3,0
LatentSpace_v99,Medial amygdalar nucleus,9,7,2
LatentSpace_v99,Hypothalamus,7,9,-2
LatentSpace_v99,Thalamus,1,1,0
LatentSpace_v99,Inferior colliculus,6,9,-3
LatentSpace_v99,"Superior colliculus, sensory related",9,10,-1
LatentSpace_v99,Midbrain raphe nuclei,13,12,1
LatentSpace_v99,Midbrain-other,12,10,2
LatentSpace_v99,Periaqueductal gray,11,11,0
LatentSpace_v99,Pons,11,9,2
LatentSpace_v99,Medulla,12,9,3
LatentSpace_v99,Lingula (I),13,34,-21
LatentSpace_v99,Central lobule,9,34,-25
LatentSpace_v99,Culmen,29,34,-5
LatentSpace_v99,Declive (VI),23,28,-5
LatentSpace_v99,Folium-tuber vermis (VII),23,31,-8
LatentSpace_v99,Pyramus (VIII),28,32,-4
LatentSpace_v99,Uvula (IX),33,34,-1
LatentSpace_v99,Nodulus (X),23,35,-12
LatentSpace_v99,Simple lobule,24,29,-5
LatentSpace_v99,Crus 1,23,26,-3
LatentSpace_v99,Crus 2,23,27,-4
LatentSpace_v99,Paramedian lobule,23,33,-10
LatentSpace_v99,Copula pyramidis,26,34,-8
LatentSpace_v99,Flocculus,30,34,-4
LatentSpace_v99,Paraflocculus,27,36,-9
LatentSpace_v99,Cerebellar nuclei,31,11,20
LatentSpace_v100,Cortical subplate-other,9,15,-6
LatentSpace_v100,Claustrum,29,33,-4
LatentSpace_v100,Endopiriform nucleus,14,32,-18
LatentSpace_v100,Olfactory areas-other,8,33,-25
LatentSpace_v100,Postpiriform transition area,10,27,-17
LatentSpace_v100,Piriform area,8,34,-26
LatentSpace_v100,Taenia tecta,11,28,-17
LatentSpace_v100,Cortical amygdalar area,4,19,-15
LatentSpace_v100,Piriform-amygdalar area,4,28,-24
LatentSpace_v100,Main olfactory bulb,25,10,15
LatentSpace_v100,Accessory olfactory bulb,9,19,-10
LatentSpace_v100,Anterior olfactory nucleus,12,32,-20
LatentSpace_v100,Subiculum,4,35,-31
LatentSpace_v100,Entorhinal area,13,22,-9
LatentSpace_v100,Field CA1,6,25,-19
LatentSpace_v100,Field CA2,6,14,-8
LatentSpace_v100,Field CA3,5,8,-3
LatentSpace_v100,Dentate gyrus,8,3,5
LatentSpace_v100,Anterior cingulate area,36,39,-3
LatentSpace_v100,Infralimbic area,10,26,-16
LatentSpace_v100,Retrosplenial area,34,36,-2
LatentSpace_v100,Prelimbic area,27,35,-8
LatentSpace_v100,Primary auditory area,36,38,-2
LatentSpace_v100,Dorsal auditory area,35,38,-3
LatentSpace_v100,Ventral auditory area,38,38,0
LatentSpace_v100,Agranular insular area,25,37,-12
LatentSpace_v100,Ectorhinal area,24,33,-9
LatentSpace_v100,Primary motor area,35,38,-3
LatentSpace_v100,Secondary motor area,35,38,-3
LatentSpace_v100,"Frontal pole, cerebral cortex",35,40,-5
LatentSpace_v100,Orbital area,23,35,-12
LatentSpace_v100,Posterior parietal association areas,35,38,-3
LatentSpace_v100,Perirhinal area,17,32,-15
LatentSpace_v100,Primary somatosensory area,31,35,-4
LatentSpace_v100,Supplemental somatosensory area,35,38,-3
LatentSpace_v100,Temporal association areas,29,33,-4
LatentSpace_v100,Visual areas,35,38,-3
LatentSpace_v100,Pallidum,6,6,0
LatentSpace_v100,Striatum ventral region,6,3,3
LatentSpace_v100,Lateral septal complex,6,4,2
LatentSpace_v100,Caudoputamen,3,3,0
LatentSpace_v100,Medial amygdalar nucleus,8,7,1
LatentSpace_v100,Hypothalamus,9,9,0
LatentSpace_v100,Thalamus,3,1,2
LatentSpace_v100,Inferior colliculus,7,9,-2
LatentSpace_v100,"Superior colliculus, sensory related",5,10,-5
LatentSpace_v100,Midbrain raphe nuclei,14,12,2
LatentSpace_v100,Midbrain-other,10,10,0
LatentSpace_v100,Periaqueductal gray,10,11,-1
LatentSpace_v100,Pons,10,9,1
LatentSpace_v100,Medulla,11,9,2
LatentSpace_v100,Lingula (I),13,34,-21
LatentSpace_v100,Central lobule,15,34,-19
LatentSpace_v100,Culmen,29,34,-5
LatentSpace_v100,Declive (VI),22,28,-6
LatentSpace_v100,Folium-tuber vermis (VII),23,31,-8
LatentSpace_v100,Pyramus (VIII),23,32,-9
LatentSpace_v100,Uvula (IX),26,34,-8
LatentSpace_v100,Nodulus (X),15,35,-20
LatentSpace_v100,Simple lobule,22,29,-7
LatentSpace_v100,Crus 1,22,26,-4
LatentSpace_v100,Crus 2,21,27,-6
LatentSpace_v100,Paramedian lobule,23,33,-10
LatentSpace_v100,Copula pyramidis,23,34,-11
LatentSpace_v100,Flocculus,30,34,-4
LatentSpace_v100,Paraflocculus,29,36,-7
LatentSpace_v100,Cerebellar nuclei,14,11,3
LatentSpace_v101,Cortical subplate-other,9,15,-6
LatentSpace_v101,Claustrum,28,33,-5
LatentSpace_v101,Endopiriform nucleus,9,32,-23
LatentSpace_v101,Olfactory areas-other,7,33,-26
LatentSpace_v101,Postpiriform transition area,12,27,-15
LatentSpace_v101,Piriform area,15,34,-19
LatentSpace_v101,Taenia tecta,10,28,-18
LatentSpace_v101,Cortical amygdalar area,8,19,-11
LatentSpace_v101,Piriform-amygdalar area,12,28,-16
LatentSpace_v101,Main olfactory bulb,9,10,-1
LatentSpace_v101,Accessory olfactory bulb,29,19,10
LatentSpace_v101,Anterior olfactory nucleus,7,32,-25
LatentSpace_v101,Subiculum,5,35,-30
LatentSpace_v101,Entorhinal area,12,22,-10
LatentSpace_v101,Field CA1,7,25,-18
LatentSpace_v101,Field CA2,6,14,-8
LatentSpace_v101,Field CA3,5,8,-3
LatentSpace_v101,Dentate gyrus,7,3,4
LatentSpace_v101,Anterior cingulate area,36,39,-3
LatentSpace_v101,Infralimbic area,8,26,-18
LatentSpace_v101,Retrosplenial area,30,36,-6
LatentSpace_v101,Prelimbic area,28,35,-7
LatentSpace_v101,Primary auditory area,38,38,0
LatentSpace_v101,Dorsal auditory area,38,38,0
LatentSpace_v101,Ventral auditory area,38,38,0
LatentSpace_v101,Agranular insular area,24,37,-13
LatentSpace_v101,Ectorhinal area,23,33,-10
LatentSpace_v101,Primary motor area,35,38,-3
LatentSpace_v101,Secondary motor area,36,38,-2
LatentSpace_v101,"Frontal pole, cerebral cortex",36,40,-4
LatentSpace_v101,Orbital area,23,35,-12
LatentSpace_v101,Posterior parietal association areas,35,38,-3
LatentSpace_v101,Perirhinal area,19,32,-13
LatentSpace_v101,Primary somatosensory area,31,35,-4
LatentSpace_v101,Supplemental somatosensory area,37,38,-1
LatentSpace_v101,Temporal association areas,30,33,-3
LatentSpace_v101,Visual areas,35,38,-3
LatentSpace_v101,Pallidum,10,6,4
LatentSpace_v101,Striatum ventral region,8,3,5
LatentSpace_v101,Lateral septal complex,7,4,3
LatentSpace_v101,Caudoputamen,3,3,0
LatentSpace_v101,Medial amygdalar nucleus,9,7,2
LatentSpace_v101,Hypothalamus,12,9,3
LatentSpace_v101,Thalamus,8,1,7
LatentSpace_v101,Inferior colliculus,10,9,1
LatentSpace_v101,"Superior colliculus, sensory related",8,10,-2
LatentSpace_v101,Midbrain raphe nuclei,14,12,2
LatentSpace_v101,Midbrain-other,14,10,4
LatentSpace_v101,Periaqueductal gray,13,11,2
LatentSpace_v101,Pons,11,9,2
LatentSpace_v101,Medulla,11,9,2
LatentSpace_v101,Lingula (I),17,34,-17
LatentSpace_v101,Central lobule,28,34,-6
LatentSpace_v101,Culmen,23,34,-11
LatentSpace_v101,Declive (VI),23,28,-5
LatentSpace_v101,Folium-tuber vermis (VII),23,31,-8
LatentSpace_v101,Pyramus (VIII),23,32,-9
LatentSpace_v101,Uvula (IX),33,34,-1
LatentSpace_v101,Nodulus (X),13,35,-22
LatentSpace_v101,Simple lobule,22,29,-7
LatentSpace_v101,Crus 1,22,26,-4
LatentSpace_v101,Crus 2,22,27,-5
LatentSpace_v101,Paramedian lobule,23,33,-10
LatentSpace_v101,Copula pyramidis,25,34,-9
LatentSpace_v101,Flocculus,28,34,-6
LatentSpace_v101,Paraflocculus,23,36,-13
LatentSpace_v101,Cerebellar nuclei,14,11,3
LatentSpace_v102,Cortical subplate-other,6,15,-9
LatentSpace_v102,Claustrum,22,33,-11
LatentSpace_v102,Endopiriform nucleus,7,32,-25
LatentSpace_v102,Olfactory areas-other,10,33,-23
LatentSpace_v102,Postpiriform transition area,5,27,-22
LatentSpace_v102,Piriform area,12,34,-22
LatentSpace_v102,Taenia tecta,13,28,-15
LatentSpace_v102,Cortical amygdalar area,3,19,-16
LatentSpace_v102,Piriform-amygdalar area,3,28,-25
LatentSpace_v102,Main olfactory bulb,15,10,5
LatentSpace_v102,Accessory olfactory bulb,27,19,8
LatentSpace_v102,Anterior olfactory nucleus,9,32,-23
LatentSpace_v102,Subiculum,3,35,-32
LatentSpace_v102,Entorhinal area,6,22,-16
LatentSpace_v102,Field CA1,7,25,-18
LatentSpace_v102,Field CA2,6,14,-8
LatentSpace_v102,Field CA3,6,8,-2
LatentSpace_v102,Dentate gyrus,7,3,4
LatentSpace_v102,Anterior cingulate area,37,39,-2
LatentSpace_v102,Infralimbic area,11,26,-15
LatentSpace_v102,Retrosplenial area,25,36,-11
LatentSpace_v102,Prelimbic area,26,35,-9
LatentSpace_v102,Primary auditory area,37,38,-1
LatentSpace_v102,Dorsal auditory area,35,38,-3
LatentSpace_v102,Ventral auditory area,39,38,1
LatentSpace_v102,Agranular insular area,21,37,-16
LatentSpace_v102,Ectorhinal area,23,33,-10
LatentSpace_v102,Primary motor area,35,38,-3
LatentSpace_v102,Secondary motor area,37,38,-1
LatentSpace_v102,"Frontal pole, cerebral cortex",26,40,-14
LatentSpace_v102,Orbital area,21,35,-14
LatentSpace_v102,Posterior parietal association areas,32,38,-6
LatentSpace_v102,Perirhinal area,15,32,-17
LatentSpace_v102,Primary somatosensory area,35,35,0
LatentSpace_v102,Supplemental somatosensory area,38,38,0
LatentSpace_v102,Temporal association areas,31,33,-2
LatentSpace_v102,Visual areas,35,38,-3
LatentSpace_v102,Pallidum,7,6,1
LatentSpace_v102,Striatum ventral region,5,3,2
LatentSpace_v102,Lateral septal complex,7,4,3
LatentSpace_v102,Caudoputamen,3,3,0
LatentSpace_v102,Medial amygdalar nucleus,8,7,1
LatentSpace_v102,Hypothalamus,9,9,0
LatentSpace_v102,Thalamus,8,1,7
LatentSpace_v102,Inferior colliculus,7,9,-2
LatentSpace_v102,"Superior colliculus, sensory related",5,10,-5
LatentSpace_v102,Midbrain raphe nuclei,15,12,3
LatentSpace_v102,Midbrain-other,13,10,3
LatentSpace_v102,Periaqueductal gray,11,11,0
LatentSpace_v102,Pons,11,9,2
LatentSpace_v102,Medulla,11,9,2
LatentSpace_v102,Lingula (I),20,34,-14
LatentSpace_v102,Central lobule,28,34,-6
LatentSpace_v102,Culmen,23,34,-11
LatentSpace_v102,Declive (VI),23,28,-5
LatentSpace_v102,Folium-tuber vermis (VII),24,31,-7
LatentSpace_v102,Pyramus (VIII),25,32,-7
LatentSpace_v102,Uvula (IX),30,34,-4
LatentSpace_v102,Nodulus (X),18,35,-17
LatentSpace_v102,Simple lobule,22,29,-7
LatentSpace_v102,Crus 1,22,26,-4
LatentSpace_v102,Crus 2,21,27,-6
LatentSpace_v102,Paramedian lobule,24,33,-9
LatentSpace_v102,Copula pyramidis,27,34,-7
LatentSpace_v102,Flocculus,34,34,0
LatentSpace_v102,Paraflocculus,30,36,-6
LatentSpace_v102,Cerebellar nuclei,24,11,13
LatentSpace_v103,Cortical subplate-other,13,15,-2
LatentSpace_v103,Claustrum,9,33,-24
LatentSpace_v103,Endopiriform nucleus,7,32,-25
LatentSpace_v103,Olfactory areas-other,15,33,-18
LatentSpace_v103,Postpiriform transition area,12,27,-15
LatentSpace_v103,Piriform area,12,34,-22
LatentSpace_v103,Taenia tecta,13,28,-15
LatentSpace_v103,Cortical amygdalar area,15,19,-4
LatentSpace_v103,Piriform-amygdalar area,13,28,-15
LatentSpace_v103,Main olfactory bulb,18,10,8
LatentSpace_v103,Accessory olfactory bulb,25,19,6
LatentSpace_v103,Anterior olfactory nucleus,12,32,-20
LatentSpace_v103,Subiculum,3,35,-32
LatentSpace_v103,Entorhinal area,16,22,-6
LatentSpace_v103,Field CA1,8,25,-17
LatentSpace_v103,Field CA2,20,14,6
LatentSpace_v103,Field CA3,6,8,-2
LatentSpace_v103,Dentate gyrus,7,3,4
LatentSpace_v103,Anterior cingulate area,34,39,-5
LatentSpace_v103,Infralimbic area,11,26,-15
LatentSpace_v103,Retrosplenial area,24,36,-12
LatentSpace_v103,Prelimbic area,26,35,-9
LatentSpace_v103,Primary auditory area,31,38,-7
LatentSpace_v103,Dorsal auditory area,26,38,-12
LatentSpace_v103,Ventral auditory area,35,38,-3
LatentSpace_v103,Agranular insular area,24,37,-13
LatentSpace_v103,Ectorhinal area,22,33,-11
LatentSpace_v103,Primary motor area,33,38,-5
LatentSpace_v103,Secondary motor area,35,38,-3
LatentSpace_v103,"Frontal pole, cerebral cortex",33,40,-7
LatentSpace_v103,Orbital area,24,35,-11
LatentSpace_v103,Posterior parietal association areas,31,38,-7
LatentSpace_v103,Perirhinal area,17,32,-15
LatentSpace_v103,Primary somatosensory area,24,35,-11
LatentSpace_v103,Supplemental somatosensory area,34,38,-4
LatentSpace_v103,Temporal association areas,30,33,-3
LatentSpace_v103,Visual areas,28,38,-10
LatentSpace_v103,Pallidum,13,6,7
LatentSpace_v103,Striatum ventral region,8,3,5
LatentSpace_v103,Lateral septal complex,9,4,5
LatentSpace_v103,Caudoputamen,3,3,0
LatentSpace_v103,Medial amygdalar nucleus,15,7,8
LatentSpace_v103,Hypothalamus,11,9,2
LatentSpace_v103,Thalamus,9,1,8
LatentSpace_v103,Inferior colliculus,4,9,-5
LatentSpace_v103,"Superior colliculus, sensory related",5,10,-5
LatentSpace_v103,Midbrain raphe nuclei,16,12,4
LatentSpace_v103,Midbrain-other,11,10,1
LatentSpace_v103,Periaqueductal gray,11,11,0
LatentSpace_v103,Pons,9,9,0
LatentSpace_v103,Medulla,13,9,4
LatentSpace_v103,Lingula (I),15,34,-19
LatentSpace_v103,Central lobule,31,34,-3
LatentSpace_v103,Culmen,24,34,-10
LatentSpace_v103,Declive (VI),22,28,-6
LatentSpace_v103,Folium-tuber vermis (VII),24,31,-7
LatentSpace_v103,Pyramus (VIII),33,32,1
LatentSpace_v103,Uvula (IX),16,34,-18
LatentSpace_v103,Nodulus (X),13,35,-22
LatentSpace_v103,Simple lobule,22,29,-7
LatentSpace_v103,Crus 1,22,26,-4
LatentSpace_v103,Crus 2,22,27,-5
LatentSpace_v103,Paramedian lobule,27,33,-6
LatentSpace_v103,Copula pyramidis,34,34,0
LatentSpace_v103,Flocculus,33,34,-1
LatentSpace_v103,Paraflocculus,37,36,1
LatentSpace_v103,Cerebellar nuclei,12,11,1
LatentSpace_v104,Cortical subplate-other,7,15,-8
LatentSpace_v104,Claustrum,26,33,-7
LatentSpace_v104,Endopiriform nucleus,11,32,-21
LatentSpace_v104,Olfactory areas-other,9,33,-24
LatentSpace_v104,Postpiriform transition area,11,27,-16
LatentSpace_v104,Piriform area,14,34,-20
LatentSpace_v104,Taenia tecta,10,28,-18
LatentSpace_v104,Cortical amygdalar area,6,19,-13
LatentSpace_v104,Piriform-amygdalar area,11,28,-17
LatentSpace_v104,Main olfactory bulb,17,10,7
LatentSpace_v104,Accessory olfactory bulb,35,19,16
LatentSpace_v104,Anterior olfactory nucleus,23,32,-9
LatentSpace_v104,Subiculum,3,35,-32
LatentSpace_v104,Entorhinal area,13,22,-9
LatentSpace_v104,Field CA1,8,25,-17
LatentSpace_v104,Field CA2,9,14,-5
LatentSpace_v104,Field CA3,9,8,1
LatentSpace_v104,Dentate gyrus,9,3,6
LatentSpace_v104,Anterior cingulate area,38,39,-1
LatentSpace_v104,Infralimbic area,10,26,-16
LatentSpace_v104,Retrosplenial area,27,36,-9
LatentSpace_v104,Prelimbic area,33,35,-2
LatentSpace_v104,Primary auditory area,37,38,-1
LatentSpace_v104,Dorsal auditory area,35,38,-3
LatentSpace_v104,Ventral auditory area,40,38,2
LatentSpace_v104,Agranular insular area,29,37,-8
LatentSpace_v104,Ectorhinal area,23,33,-10
LatentSpace_v104,Primary motor area,35,38,-3
LatentSpace_v104,Secondary motor area,37,38,-1
LatentSpace_v104,"Frontal pole, cerebral cortex",36,40,-4
LatentSpace_v104,Orbital area,24,35,-11
LatentSpace_v104,Posterior parietal association areas,35,38,-3
LatentSpace_v104,Perirhinal area,19,32,-13
LatentSpace_v104,Primary somatosensory area,35,35,0
LatentSpace_v104,Supplemental somatosensory area,37,38,-1
LatentSpace_v104,Temporal association areas,29,33,-4
LatentSpace_v104,Visual areas,35,38,-3
LatentSpace_v104,Pallidum,7,6,1
LatentSpace_v104,Striatum ventral region,6,3,3
LatentSpace_v104,Lateral septal complex,6,4,2
LatentSpace_v104,Caudoputamen,3,3,0
LatentSpace_v104,Medial amygdalar nucleus,7,7,0
LatentSpace_v104,Hypothalamus,5,9,-4
LatentSpace_v104,Thalamus,12,1,11
LatentSpace_v104,Inferior colliculus,8,9,-1
LatentSpace_v104,"Superior colliculus, sensory related",10,10,0
LatentSpace_v104,Midbrain raphe nuclei,14,12,2
LatentSpace_v104,Midbrain-other,14,10,4
LatentSpace_v104,Periaqueductal gray,14,11,3
LatentSpace_v104,Pons,11,9,2
LatentSpace_v104,Medulla,10,9,1
LatentSpace_v104,Lingula (I),15,34,-19
LatentSpace_v104,Central lobule,16,34,-18
LatentSpace_v104,Culmen,30,34,-4
LatentSpace_v104,Declive (VI),23,28,-5
LatentSpace_v104,Folium-tuber vermis (VII),23,31,-8
LatentSpace_v104,Pyramus (VIII),25,32,-7
LatentSpace_v104,Uvula (IX),24,34,-10
LatentSpace_v104,Nodulus (X),17,35,-18
LatentSpace_v104,Simple lobule,23,29,-6
LatentSpace_v104,Crus 1,22,26,-4
LatentSpace_v104,Crus 2,22,27,-5
LatentSpace_v104,Paramedian lobule,23,33,-10
LatentSpace_v104,Copula pyramidis,23,34,-11
LatentSpace_v104,Flocculus,34,34,0
LatentSpace_v104,Paraflocculus,25,36,-11
LatentSpace_v104,Cerebellar nuclei,13,11,2
LatentSpace_v105,Cortical subplate-other,14,15,-1
LatentSpace_v105,Claustrum,18,33,-15
LatentSpace_v105,Endopiriform nucleus,16,32,-16
LatentSpace_v105,Olfactory areas-other,13,33,-20
LatentSpace_v105,Postpiriform transition area,12,27,-15
LatentSpace_v105,Piriform area,16,34,-18
LatentSpace_v105,Taenia tecta,16,28,-12
LatentSpace_v105,Cortical amygdalar area,12,19,-7
LatentSpace_v105,Piriform-amygdalar area,11,28,-17
LatentSpace_v105,Main olfactory bulb,28,10,18
LatentSpace_v105,Accessory olfactory bulb,36,19,17
LatentSpace_v105,Anterior olfactory nucleus,12,32,-20
LatentSpace_v105,Subiculum,7,35,-28
LatentSpace_v105,Entorhinal area,16,22,-6
LatentSpace_v105,Field CA1,7,25,-18
LatentSpace_v105,Field CA2,7,14,-7
LatentSpace_v105,Field CA3,6,8,-2
LatentSpace_v105,Dentate gyrus,8,3,5
LatentSpace_v105,Anterior cingulate area,32,39,-7
LatentSpace_v105,Infralimbic area,14,26,-12
LatentSpace_v105,Retrosplenial area,23,36,-13
LatentSpace_v105,Prelimbic area,23,35,-12
LatentSpace_v105,Primary auditory area,35,38,-3
LatentSpace_v105,Dorsal auditory area,35,38,-3
LatentSpace_v105,Ventral auditory area,37,38,-1
LatentSpace_v105,Agranular insular area,23,37,-14
LatentSpace_v105,Ectorhinal area,23,33,-10
LatentSpace_v105,Primary motor area,34,38,-4
LatentSpace_v105,Secondary motor area,35,38,-3
LatentSpace_v105,"Frontal pole, cerebral cortex",32,40,-8
LatentSpace_v105,Orbital area,23,35,-12
LatentSpace_v105,Posterior parietal association areas,31,38,-7
LatentSpace_v105,Perirhinal area,18,32,-14
LatentSpace_v105,Primary somatosensory area,29,35,-6
LatentSpace_v105,Supplemental somatosensory area,36,38,-2
LatentSpace_v105,Temporal association areas,30,33,-3
LatentSpace_v105,Visual areas,31,38,-7
LatentSpace_v105,Pallidum,7,6,1
LatentSpace_v105,Striatum ventral region,10,3,7
LatentSpace_v105,Lateral septal complex,11,4,7
LatentSpace_v105,Caudoputamen,3,3,0
LatentSpace_v105,Medial amygdalar nucleus,12,7,5
LatentSpace_v105,Hypothalamus,9,9,0
LatentSpace_v105,Thalamus,7,1,6
LatentSpace_v105,Inferior colliculus,6,9,-3
LatentSpace_v105,"Superior colliculus, sensory related",7,10,-3
LatentSpace_v105,Midbrain raphe nuclei,15,12,3
LatentSpace_v105,Midbrain-other,12,10,2
LatentSpace_v105,Periaqueductal gray,11,11,0
LatentSpace_v105,Pons,9,9,0
LatentSpace_v105,Medulla,9,9,0
LatentSpace_v105,Lingula (I),13,34,-21
LatentSpace_v105,Central lobule,13,34,-21
LatentSpace_v105,Culmen,27,34,-7
LatentSpace_v105,Declive (VI),23,28,-5
LatentSpace_v105,Folium-tuber vermis (VII),24,31,-7
LatentSpace_v105,Pyramus (VIII),25,32,-7
LatentSpace_v105,Uvula (IX),21,34,-13
LatentSpace_v105,Nodulus (X),13,35,-22
LatentSpace_v105,Simple lobule,24,29,-5
LatentSpace_v105,Crus 1,23,26,-3
LatentSpace_v105,Crus 2,23,27,-4
LatentSpace_v105,Paramedian lobule,23,33,-10
LatentSpace_v105,Copula pyramidis,25,34,-9
LatentSpace_v105,Flocculus,29,34,-5
LatentSpace_v105,Paraflocculus,24,36,-12
LatentSpace_v105,Cerebellar nuclei,12,11,1
LatentSpace_v106,Cortical subplate-other,6,15,-9
LatentSpace_v106,Claustrum,26,33,-7
LatentSpace_v106,Endopiriform nucleus,16,32,-16
LatentSpace_v106,Olfactory areas-other,21,33,-12
LatentSpace_v106,Postpiriform transition area,3,27,-24
LatentSpace_v106,Piriform area,16,34,-18
LatentSpace_v106,Taenia tecta,12,28,-16
LatentSpace_v106,Cortical amygdalar area,2,19,-17
LatentSpace_v106,Piriform-amygdalar area,2,28,-26
LatentSpace_v106,Main olfactory bulb,14,10,4
LatentSpace_v106,Accessory olfactory bulb,29,19,10
LatentSpace_v106,Anterior olfactory nucleus,13,32,-19
LatentSpace_v106,Subiculum,8,35,-27
LatentSpace_v106,Entorhinal area,13,22,-9
LatentSpace_v106,Field CA1,9,25,-16
LatentSpace_v106,Field CA2,10,14,-4
LatentSpace_v106,Field CA3,7,8,-1
LatentSpace_v106,Dentate gyrus,11,3,8
LatentSpace_v106,Anterior cingulate area,35,39,-4
LatentSpace_v106,Infralimbic area,12,26,-14
LatentSpace_v106,Retrosplenial area,25,36,-11
LatentSpace_v106,Prelimbic area,28,35,-7
LatentSpace_v106,Primary auditory area,35,38,-3
LatentSpace_v106,Dorsal auditory area,35,38,-3
LatentSpace_v106,Ventral auditory area,37,38,-1
LatentSpace_v106,Agranular insular area,24,37,-13
LatentSpace_v106,Ectorhinal area,23,33,-10
LatentSpace_v106,Primary motor area,35,38,-3
LatentSpace_v106,Secondary motor area,36,38,-2
LatentSpace_v106,"Frontal pole, cerebral cortex",32,40,-8
LatentSpace_v106,Orbital area,28,35,-7
LatentSpace_v106,Posterior parietal association areas,34,38,-4
LatentSpace_v106,Perirhinal area,19,32,-13
LatentSpace_v106,Primary somatosensory area,26,35,-9
LatentSpace_v106,Supplemental somatosensory area,36,38,-2
LatentSpace_v106,Temporal association areas,33,33,0
LatentSpace_v106,Visual areas,27,38,-11
LatentSpace_v106,Pallidum,10,6,4
LatentSpace_v106,Striatum ventral region,8,3,5
LatentSpace_v106,Lateral septal complex,9,4,5
LatentSpace_v106,Caudoputamen,3,3,0
LatentSpace_v106,Medial amygdalar nucleus,8,7,1
LatentSpace_v106,Hypothalamus,11,9,2
LatentSpace_v106,Thalamus,4,1,3
LatentSpace_v106,Inferior colliculus,6,9,-3
LatentSpace_v106,"Superior colliculus, sensory related",6,10,-4
LatentSpace_v106,Midbrain raphe nuclei,15,12,3
LatentSpace_v106,Midbrain-other,14,10,4
LatentSpace_v106,Periaqueductal gray,13,11,2
LatentSpace_v106,Pons,11,9,2
LatentSpace_v106,Medulla,34,9,25
LatentSpace_v106,Lingula (I),17,34,-17
LatentSpace_v106,Central lobule,18,34,-16
LatentSpace_v106,Culmen,28,34,-6
LatentSpace_v106,Declive (VI),23,28,-5
LatentSpace_v106,Folium-tuber vermis (VII),23,31,-8
LatentSpace_v106,Pyramus (VIII),25,32,-7
LatentSpace_v106,Uvula (IX),34,34,0
LatentSpace_v106,Nodulus (X),28,35,-7
LatentSpace_v106,Simple lobule,23,29,-6
LatentSpace_v106,Crus 1,22,26,-4
LatentSpace_v106,Crus 2,22,27,-5
LatentSpace_v106,Paramedian lobule,23,33,-10
LatentSpace_v106,Copula pyramidis,26,34,-8
LatentSpace_v106,Flocculus,33,34,-1
LatentSpace_v106,Paraflocculus,27,36,-9
LatentSpace_v106,Cerebellar nuclei,33,11,22
LatentSpace_v107,Cortical subplate-other,6,15,-9
LatentSpace_v107,Claustrum,25,33,-8
LatentSpace_v107,Endopiriform nucleus,11,32,-21
LatentSpace_v107,Olfactory areas-other,16,33,-17
LatentSpace_v107,Postpiriform transition area,5,27,-22
LatentSpace_v107,Piriform area,16,34,-18
LatentSpace_v107,Taenia tecta,8,28,-20
LatentSpace_v107,Cortical amygdalar area,3,19,-16
LatentSpace_v107,Piriform-amygdalar area,4,28,-24
LatentSpace_v107,Main olfactory bulb,57,10,47
LatentSpace_v107,Accessory olfactory bulb,36,19,17
LatentSpace_v107,Anterior olfactory nucleus,17,32,-15
LatentSpace_v107,Subiculum,3,35,-32
LatentSpace_v107,Entorhinal area,10,22,-12
LatentSpace_v107,Field CA1,6,25,-19
LatentSpace_v107,Field CA2,6,14,-8
LatentSpace_v107,Field CA3,5,8,-3
LatentSpace_v107,Dentate gyrus,7,3,4
LatentSpace_v107,Anterior cingulate area,35,39,-4
LatentSpace_v107,Infralimbic area,12,26,-14
LatentSpace_v107,Retrosplenial area,27,36,-9
LatentSpace_v107,Prelimbic area,26,35,-9
LatentSpace_v107,Primary auditory area,35,38,-3
LatentSpace_v107,Dorsal auditory area,35,38,-3
LatentSpace_v107,Ventral auditory area,36,38,-2
LatentSpace_v107,Agranular insular area,23,37,-14
LatentSpace_v107,Ectorhinal area,23,33,-10
LatentSpace_v107,Primary motor area,36,38,-2
LatentSpace_v107,Secondary motor area,37,38,-1
LatentSpace_v107,"Frontal pole, cerebral cortex",35,40,-5
LatentSpace_v107,Orbital area,23,35,-12
LatentSpace_v107,Posterior parietal association areas,35,38,-3
LatentSpace_v107,Perirhinal area,17,32,-15
LatentSpace_v107,Primary somatosensory area,31,35,-4
LatentSpace_v107,Supplemental somatosensory area,37,38,-1
LatentSpace_v107,Temporal association areas,28,33,-5
LatentSpace_v107,Visual areas,35,38,-3
LatentSpace_v107,Pallidum,7,6,1
LatentSpace_v107,Striatum ventral region,3,3,0
LatentSpace_v107,Lateral septal complex,11,4,7
LatentSpace_v107,Caudoputamen,3,3,0
LatentSpace_v107,Medial amygdalar nucleus,8,7,1
LatentSpace_v107,Hypothalamus,8,9,-1
LatentSpace_v107,Thalamus,3,1,2
LatentSpace_v107,Inferior colliculus,6,9,-3
LatentSpace_v107,"Superior colliculus, sensory related",5,10,-5
LatentSpace_v107,Midbrain raphe nuclei,15,12,3
LatentSpace_v107,Midbrain-other,11,10,1
LatentSpace_v107,Periaqueductal gray,13,11,2
LatentSpace_v107,Pons,9,9,0
LatentSpace_v107,Medulla,11,9,2
LatentSpace_v107,Lingula (I),13,34,-21
LatentSpace_v107,Central lobule,10,34,-24
LatentSpace_v107,Culmen,26,34,-8
LatentSpace_v107,Declive (VI),23,28,-5
LatentSpace_v107,Folium-tuber vermis (VII),23,31,-8
LatentSpace_v107,Pyramus (VIII),23,32,-9
LatentSpace_v107,Uvula (IX),34,34,0
LatentSpace_v107,Nodulus (X),17,35,-18
LatentSpace_v107,Simple lobule,24,29,-5
LatentSpace_v107,Crus 1,23,26,-3
LatentSpace_v107,Crus 2,23,27,-4
LatentSpace_v107,Paramedian lobule,23,33,-10
LatentSpace_v107,Copula pyramidis,27,34,-7
LatentSpace_v107,Flocculus,19,34,-15
LatentSpace_v107,Paraflocculus,33,36,-3
LatentSpace_v107,Cerebellar nuclei,12,11,1
LatentSpace_v108,Cortical subplate-other,5,15,-10
LatentSpace_v108,Claustrum,24,33,-9
LatentSpace_v108,Endopiriform nucleus,7,32,-25
LatentSpace_v108,Olfactory areas-other,12,33,-21
LatentSpace_v108,Postpiriform transition area,5,27,-22
LatentSpace_v108,Piriform area,6,34,-28
LatentSpace_v108,Taenia tecta,13,28,-15
LatentSpace_v108,Cortical amygdalar area,4,19,-15
LatentSpace_v108,Piriform-amygdalar area,3,28,-25
LatentSpace_v108,Main olfactory bulb,24,10,14
LatentSpace_v108,Accessory olfactory bulb,18,19,-1
LatentSpace_v108,Anterior olfactory nucleus,11,32,-21
LatentSpace_v108,Subiculum,2,35,-33
LatentSpace_v108,Entorhinal area,6,22,-16
LatentSpace_v108,Field CA1,4,25,-21
LatentSpace_v108,Field CA2,8,14,-6
LatentSpace_v108,Field CA3,8,8,0
LatentSpace_v108,Dentate gyrus,7,3,4
LatentSpace_v108,Anterior cingulate area,36,39,-3
LatentSpace_v108,Infralimbic area,10,26,-16
LatentSpace_v108,Retrosplenial area,25,36,-11
LatentSpace_v108,Prelimbic area,26,35,-9
LatentSpace_v108,Primary auditory area,35,38,-3
LatentSpace_v108,Dorsal auditory area,35,38,-3
LatentSpace_v108,Ventral auditory area,38,38,0
LatentSpace_v108,Agranular insular area,22,37,-15
LatentSpace_v108,Ectorhinal area,23,33,-10
LatentSpace_v108,Primary motor area,35,38,-3
LatentSpace_v108,Secondary motor area,36,38,-2
LatentSpace_v108,"Frontal pole, cerebral cortex",33,40,-7
LatentSpace_v108,Orbital area,21,35,-14
LatentSpace_v108,Posterior parietal association areas,35,38,-3
LatentSpace_v108,Perirhinal area,15,32,-17
LatentSpace_v108,Primary somatosensory area,35,35,0
LatentSpace_v108,Supplemental somatosensory area,37,38,-1
LatentSpace_v108,Temporal association areas,32,33,-1
LatentSpace_v108,Visual areas,35,38,-3
LatentSpace_v108,Pallidum,5,6,-1
LatentSpace_v108,Striatum ventral region,6,3,3
LatentSpace_v108,Lateral septal complex,4,4,0
LatentSpace_v108,Caudoputamen,3,3,0
LatentSpace_v108,Medial amygdalar nucleus,7,7,0
LatentSpace_v108,Hypothalamus,8,9,-1
LatentSpace_v108,Thalamus,9,1,8
LatentSpace_v108,Inferior colliculus,7,9,-2
LatentSpace_v108,"Superior colliculus, sensory related",6,10,-4
LatentSpace_v108,Midbrain raphe nuclei,16,12,4
LatentSpace_v108,Midbrain-other,12,10,2
LatentSpace_v108,Periaqueductal gray,10,11,-1
LatentSpace_v108,Pons,10,9,1
LatentSpace_v108,Medulla,14,9,5
LatentSpace_v108,Lingula (I),8,34,-26
LatentSpace_v108,Central lobule,3,34,-31
LatentSpace_v108,Culmen,7,34,-27
LatentSpace_v108,Declive (VI),23,28,-5
LatentSpace_v108,Folium-tuber vermis (VII),25,31,-6
LatentSpace_v108,Pyramus (VIII),30,32,-2
LatentSpace_v108,Uvula (IX),33,34,-1
LatentSpace_v108,Nodulus (X),20,35,-15
LatentSpace_v108,Simple lobule,23,29,-6
LatentSpace_v108,Crus 1,21,26,-5
LatentSpace_v108,Crus 2,21,27,-6
LatentSpace_v108,Paramedian lobule,22,33,-11
LatentSpace_v108,Copula pyramidis,31,34,-3
LatentSpace_v108,Flocculus,35,34,1
LatentSpace_v108,Paraflocculus,31,36,-5
LatentSpace_v108,Cerebellar nuclei,13,11,2
LatentSpace_v109,Cortical subplate-other,9,15,-6
LatentSpace_v109,Claustrum,19,33,-14
LatentSpace_v109,Endopiriform nucleus,17,32,-15
LatentSpace_v109,Olfactory areas-other,24,33,-9
LatentSpace_v109,Postpiriform transition area,12,27,-15
LatentSpace_v109,Piriform area,24,34,-10
LatentSpace_v109,Taenia tecta,15,28,-13
LatentSpace_v109,Cortical amygdalar area,10,19,-9
LatentSpace_v109,Piriform-amygdalar area,12,28,-16
LatentSpace_v109,Main olfactory bulb,25,10,15
LatentSpace_v109,Accessory olfactory bulb,9,19,-10
LatentSpace_v109,Anterior olfactory nucleus,20,32,-12
LatentSpace_v109,Subiculum,4,35,-31
LatentSpace_v109,Entorhinal area,14,22,-8
LatentSpace_v109,Field CA1,8,25,-17
LatentSpace_v109,Field CA2,9,14,-5
LatentSpace_v109,Field CA3,8,8,0
LatentSpace_v109,Dentate gyrus,8,3,5
LatentSpace_v109,Anterior cingulate area,36,39,-3
LatentSpace_v109,Infralimbic area,11,26,-15
LatentSpace_v109,Retrosplenial area,23,36,-13
LatentSpace_v109,Prelimbic area,23,35,-12
LatentSpace_v109,Primary auditory area,38,38,0
LatentSpace_v109,Dorsal auditory area,35,38,-3
LatentSpace_v109,Ventral auditory area,34,38,-4
LatentSpace_v109,Agranular insular area,23,37,-14
LatentSpace_v109,Ectorhinal area,22,33,-11
LatentSpace_v109,Primary motor area,36,38,-2
LatentSpace_v109,Secondary motor area,38,38,0
LatentSpace_v109,"Frontal pole, cerebral cortex",27,40,-13
LatentSpace_v109,Orbital area,24,35,-11
LatentSpace_v109,Posterior parietal association areas,35,38,-3
LatentSpace_v109,Perirhinal area,19,32,-13
LatentSpace_v109,Primary somatosensory area,31,35,-4
LatentSpace_v109,Supplemental somatosensory area,38,38,0
LatentSpace_v109,Temporal association areas,30,33,-3
LatentSpace_v109,Visual areas,35,38,-3
LatentSpace_v109,Pallidum,5,6,-1
LatentSpace_v109,Striatum ventral region,7,3,4
LatentSpace_v109,Lateral septal complex,8,4,4
LatentSpace_v109,Caudoputamen,3,3,0
LatentSpace_v109,Medial amygdalar nucleus,10,7,3
LatentSpace_v109,Hypothalamus,3,9,-6
LatentSpace_v109,Thalamus,8,1,7
LatentSpace_v109,Inferior colliculus,7,9,-2
LatentSpace_v109,"Superior colliculus, sensory related",6,10,-4
LatentSpace_v109,Midbrain raphe nuclei,11,12,-1
LatentSpace_v109,Midbrain-other,8,10,-2
LatentSpace_v109,Periaqueductal gray,9,11,-2
LatentSpace_v109,Pons,9,9,0
LatentSpace_v109,Medulla,11,9,2
LatentSpace_v109,Lingula (I),15,34,-19
LatentSpace_v109,Central lobule,19,34,-15
LatentSpace_v109,Culmen,30,34,-4
LatentSpace_v109,Declive (VI),23,28,-5
LatentSpace_v109,Folium-tuber vermis (VII),23,31,-8
LatentSpace_v109,Pyramus (VIII),28,32,-4
LatentSpace_v109,Uvula (IX),23,34,-11
LatentSpace_v109,Nodulus (X),15,35,-20
LatentSpace_v109,Simple lobule,24,29,-5
LatentSpace_v109,Crus 1,22,26,-4
LatentSpace_v109,Crus 2,22,27,-5
LatentSpace_v109,Paramedian lobule,23,33,-10
LatentSpace_v109,Copula pyramidis,26,34,-8
LatentSpace_v109,Flocculus,31,34,-3
LatentSpace_v109,Paraflocculus,24,36,-12
LatentSpace_v109,Cerebellar nuclei,14,11,3
LatentSpace_v110,Cortical subplate-other,6,15,-9
LatentSpace_v110,Claustrum,21,33,-12
LatentSpace_v110,Endopiriform nucleus,7,32,-25
LatentSpace_v110,Olfactory areas-other,13,33,-20
LatentSpace_v110,Postpiriform transition area,5,27,-22
LatentSpace_v110,Piriform area,10,34,-24
LatentSpace_v110,Taenia tecta,11,28,-17
LatentSpace_v110,Cortical amygdalar area,2,19,-17
LatentSpace_v110,Piriform-amygdalar area,7,28,-21
LatentSpace_v110,Main olfactory bulb,29,10,19
LatentSpace_v110,Accessory olfactory bulb,36,19,17
LatentSpace_v110,Anterior olfactory nucleus,14,32,-18
LatentSpace_v110,Subiculum,5,35,-30
LatentSpace_v110,Entorhinal area,6,22,-16
LatentSpace_v110,Field CA1,6,25,-19
LatentSpace_v110,Field CA2,7,14,-7
LatentSpace_v110,Field CA3,7,8,-1
LatentSpace_v110,Dentate gyrus,7,3,4
LatentSpace_v110,Anterior cingulate area,36,39,-3
LatentSpace_v110,Infralimbic area,8,26,-18
LatentSpace_v110,Retrosplenial area,25,36,-11
LatentSpace_v110,Prelimbic area,27,35,-8
LatentSpace_v110,Primary auditory area,38,38,0
LatentSpace_v110,Dorsal auditory area,35,38,-3
LatentSpace_v110,Ventral auditory area,39,38,1
LatentSpace_v110,Agranular insular area,22,37,-15
LatentSpace_v110,Ectorhinal area,22,33,-11
LatentSpace_v110,Primary motor area,35,38,-3
LatentSpace_v110,Secondary motor area,37,38,-1
LatentSpace_v110,"Frontal pole, cerebral cortex",32,40,-8
LatentSpace_v110,Orbital area,23,35,-12
LatentSpace_v110,Posterior parietal association areas,35,38,-3
LatentSpace_v110,Perirhinal area,16,32,-16
LatentSpace_v110,Primary somatosensory area,31,35,-4
LatentSpace_v110,Supplemental somatosensory area,39,38,1
LatentSpace_v110,Temporal association areas,30,33,-3
LatentSpace_v110,Visual areas,35,38,-3
LatentSpace_v110,Pallidum,8,6,2
LatentSpace_v110,Striatum ventral region,9,3,6
LatentSpace_v110,Lateral septal complex,9,4,5
LatentSpace_v110,Caudoputamen,3,3,0
LatentSpace_v110,Medial amygdalar nucleus,10,7,3
LatentSpace_v110,Hypothalamus,5,9,-4
LatentSpace_v110,Thalamus,8,1,7
LatentSpace_v110,Inferior colliculus,7,9,-2
LatentSpace_v110,"Superior colliculus, sensory related",5,10,-5
LatentSpace_v110,Midbrain raphe nuclei,14,12,2
LatentSpace_v110,Midbrain-other,14,10,4
LatentSpace_v110,Periaqueductal gray,12,11,1
LatentSpace_v110,Pons,9,9,0
LatentSpace_v110,Medulla,11,9,2
LatentSpace_v110,Lingula (I),8,34,-26
LatentSpace_v110,Central lobule,10,34,-24
LatentSpace_v110,Culmen,27,34,-7
LatentSpace_v110,Declive (VI),23,28,-5
LatentSpace_v110,Folium-tuber vermis (VII),24,31,-7
LatentSpace_v110,Pyramus (VIII),28,32,-4
LatentSpace_v110,Uvula (IX),27,34,-7
LatentSpace_v110,Nodulus (X),14,35,-21
LatentSpace_v110,Simple lobule,22,29,-7
LatentSpace_v110,Crus 1,23,26,-3
LatentSpace_v110,Crus 2,23,27,-4
LatentSpace_v110,Paramedian lobule,25,33,-8
LatentSpace_v110,Copula pyramidis,29,34,-5
LatentSpace_v110,Flocculus,32,34,-2
LatentSpace_v110,Paraflocculus,23,36,-13
LatentSpace_v110,Cerebellar nuclei,13,11,2
LatentSpace_v111,Cortical subplate-other,8,15,-7
LatentSpace_v111,Claustrum,10,33,-23
LatentSpace_v111,Endopiriform nucleus,8,32,-24
LatentSpace_v111,Olfactory areas-other,9,33,-24
LatentSpace_v111,Postpiriform transition area,10,27,-17
LatentSpace_v111,Piriform area,7,34,-27
LatentSpace_v111,Taenia tecta,13,28,-15
LatentSpace_v111,Cortical amygdalar area,7,19,-12
LatentSpace_v111,Piriform-amygdalar area,10,28,-18
LatentSpace_v111,Main olfactory bulb,16,10,6
LatentSpace_v111,Accessory olfactory bulb,9,19,-10
LatentSpace_v111,Anterior olfactory nucleus,9,32,-23
LatentSpace_v111,Subiculum,6,35,-29
LatentSpace_v111,Entorhinal area,8,22,-14
LatentSpace_v111,Field CA1,6,25,-19
LatentSpace_v111,Field CA2,6,14,-8
LatentSpace_v111,Field CA3,5,8,-3
LatentSpace_v111,Dentate gyrus,6,3,3
LatentSpace_v111,Anterior cingulate area,35,39,-4
LatentSpace_v111,Infralimbic area,10,26,-16
LatentSpace_v111,Retrosplenial area,27,36,-9
LatentSpace_v111,Prelimbic area,17,35,-18
LatentSpace_v111,Primary auditory area,36,38,-2
LatentSpace_v111,Dorsal auditory area,35,38,-3
LatentSpace_v111,Ventral auditory area,36,38,-2
LatentSpace_v111,Agranular insular area,9,37,-28
LatentSpace_v111,Ectorhinal area,15,33,-18
LatentSpace_v111,Primary motor area,35,38,-3
LatentSpace_v111,Secondary motor area,37,38,-1
LatentSpace_v111,"Frontal pole, cerebral cortex",23,40,-17
LatentSpace_v111,Orbital area,14,35,-21
LatentSpace_v111,Posterior parietal association areas,35,38,-3
LatentSpace_v111,Perirhinal area,11,32,-21
LatentSpace_v111,Primary somatosensory area,35,35,0
LatentSpace_v111,Supplemental somatosensory area,36,38,-2
LatentSpace_v111,Temporal association areas,25,33,-8
LatentSpace_v111,Visual areas,35,38,-3
LatentSpace_v111,Pallidum,15,6,9
LatentSpace_v111,Striatum ventral region,7,3,4
LatentSpace_v111,Lateral septal complex,13,4,9
LatentSpace_v111,Caudoputamen,3,3,0
LatentSpace_v111,Medial amygdalar nucleus,9,7,2
LatentSpace_v111,Hypothalamus,14,9,5
LatentSpace_v111,Thalamus,6,1,5
LatentSpace_v111,Inferior colliculus,5,9,-4
LatentSpace_v111,"Superior colliculus, sensory related",3,10,-7
LatentSpace_v111,Midbrain raphe nuclei,15,12,3
LatentSpace_v111,Midbrain-other,10,10,0
LatentSpace_v111,Periaqueductal gray,7,11,-4
LatentSpace_v111,Pons,8,9,-1
LatentSpace_v111,Medulla,8,9,-1
LatentSpace_v111,Lingula (I),8,34,-26
LatentSpace_v111,Central lobule,10,34,-24
LatentSpace_v111,Culmen,27,34,-7
LatentSpace_v111,Declive (VI),23,28,-5
LatentSpace_v111,Folium-tuber vermis (VII),23,31,-8
LatentSpace_v111,Pyramus (VIII),23,32,-9
LatentSpace_v111,Uvula (IX),8,34,-26
LatentSpace_v111,Nodulus (X),5,35,-30
LatentSpace_v111,Simple lobule,24,29,-5
LatentSpace_v111,Crus 1,22,26,-4
LatentSpace_v111,Crus 2,22,27,-5
LatentSpace_v111,Paramedian lobule,23,33,-10
LatentSpace_v111,Copula pyramidis,24,34,-10
LatentSpace_v111,Flocculus,12,34,-22
LatentSpace_v111,Paraflocculus,24,36,-12
LatentSpace_v111,Cerebellar nuclei,12,11,1
LatentSpace_v112,Cortical subplate-other,11,15,-4
LatentSpace_v112,Claustrum,20,33,-13
LatentSpace_v112,Endopiriform nucleus,16,32,-16
LatentSpace_v112,Olfactory areas-other,19,33,-14
LatentSpace_v112,Postpiriform transition area,12,27,-15
LatentSpace_v112,Piriform area,20,34,-14
LatentSpace_v112,Taenia tecta,12,28,-16
LatentSpace_v112,Cortical amygdalar area,11,19,-8
LatentSpace_v112,Piriform-amygdalar area,10,28,-18
LatentSpace_v112,Main olfactory bulb,19,10,9
LatentSpace_v112,Accessory olfactory bulb,36,19,17
LatentSpace_v112,Anterior olfactory nucleus,9,32,-23
LatentSpace_v112,Subiculum,6,35,-29
LatentSpace_v112,Entorhinal area,15,22,-7
LatentSpace_v112,Field CA1,13,25,-12
LatentSpace_v112,Field CA2,25,14,11
LatentSpace_v112,Field CA3,11,8,3
LatentSpace_v112,Dentate gyrus,8,3,5
LatentSpace_v112,Anterior cingulate area,36,39,-3
LatentSpace_v112,Infralimbic area,12,26,-14
LatentSpace_v112,Retrosplenial area,22,36,-14
LatentSpace_v112,Prelimbic area,32,35,-3
LatentSpace_v112,Primary auditory area,35,38,-3
LatentSpace_v112,Dorsal auditory area,35,38,-3
LatentSpace_v112,Ventral auditory area,38,38,0
LatentSpace_v112,Agranular insular area,26,37,-11
LatentSpace_v112,Ectorhinal area,23,33,-10
LatentSpace_v112,Primary motor area,35,38,-3
LatentSpace_v112,Secondary motor area,37,38,-1
LatentSpace_v112,"Frontal pole, cerebral cortex",36,40,-4
LatentSpace_v112,Orbital area,29,35,-6
LatentSpace_v112,Posterior parietal association areas,31,38,-7
LatentSpace_v112,Perirhinal area,19,32,-13
LatentSpace_v112,Primary somatosensory area,29,35,-6
LatentSpace_v112,Supplemental somatosensory area,37,38,-1
LatentSpace_v112,Temporal association areas,30,33,-3
LatentSpace_v112,Visual areas,31,38,-7
LatentSpace_v112,Pallidum,11,6,5
LatentSpace_v112,Striatum ventral region,7,3,4
LatentSpace_v112,Lateral septal complex,8,4,4
LatentSpace_v112,Caudoputamen,3,3,0
LatentSpace_v112,Medial amygdalar nucleus,11,7,4
LatentSpace_v112,Hypothalamus,10,9,1
LatentSpace_v112,Thalamus,8,1,7
LatentSpace_v112,Inferior colliculus,5,9,-4
LatentSpace_v112,"Superior colliculus, sensory related",4,10,-6
LatentSpace_v112,Midbrain raphe nuclei,14,12,2
LatentSpace_v112,Midbrain-other,14,10,4
LatentSpace_v112,Periaqueductal gray,10,11,-1
LatentSpace_v112,Pons,10,9,1
LatentSpace_v112,Medulla,7,9,-2
LatentSpace_v112,Lingula (I),10,34,-24
LatentSpace_v112,Central lobule,14,34,-20
LatentSpace_v112,Culmen,24,34,-10
LatentSpace_v112,Declive (VI),23,28,-5
LatentSpace_v112,Folium-tuber vermis (VII),23,31,-8
LatentSpace_v112,Pyramus (VIII),23,32,-9
LatentSpace_v112,Uvula (IX),12,34,-22
LatentSpace_v112,Nodulus (X),13,35,-22
LatentSpace_v112,Simple lobule,23,29,-6
LatentSpace_v112,Crus 1,23,26,-3
LatentSpace_v112,Crus 2,22,27,-5
LatentSpace_v112,Paramedian lobule,23,33,-10
LatentSpace_v112,Copula pyramidis,24,34,-10
LatentSpace_v112,Flocculus,15,34,-19
LatentSpace_v112,Paraflocculus,23,36,-13
LatentSpace_v112,Cerebellar nuclei,11,11,0
LatentSpace_v113,Cortical subplate-other,6,15,-9
LatentSpace_v113,Claustrum,27,33,-6
LatentSpace_v113,Endopiriform nucleus,11,32,-21
LatentSpace_v113,Olfactory areas-other,18,33,-15
LatentSpace_v113,Postpiriform transition area,4,27,-23
LatentSpace_v113,Piriform area,16,34,-18
LatentSpace_v113,Taenia tecta,10,28,-18
LatentSpace_v113,Cortical amygdalar area,3,19,-16
LatentSpace_v113,Piriform-amygdalar area,2,28,-26
LatentSpace_v113,Main olfactory bulb,25,10,15
LatentSpace_v113,Accessory olfactory bulb,33,19,14
LatentSpace_v113,Anterior olfactory nucleus,24,32,-8
LatentSpace_v113,Subiculum,6,35,-29
LatentSpace_v113,Entorhinal area,12,22,-10
LatentSpace_v113,Field CA1,7,25,-18
LatentSpace_v113,Field CA2,7,14,-7
LatentSpace_v113,Field CA3,7,8,-1
LatentSpace_v113,Dentate gyrus,7,3,4
LatentSpace_v113,Anterior cingulate area,35,39,-4
LatentSpace_v113,Infralimbic area,12,26,-14
LatentSpace_v113,Retrosplenial area,22,36,-14
LatentSpace_v113,Prelimbic area,25,35,-10
LatentSpace_v113,Primary auditory area,36,38,-2
LatentSpace_v113,Dorsal auditory area,34,38,-4
LatentSpace_v113,Ventral auditory area,36,38,-2
LatentSpace_v113,Agranular insular area,23,37,-14
LatentSpace_v113,Ectorhinal area,23,33,-10
LatentSpace_v113,Primary motor area,36,38,-2
LatentSpace_v113,Secondary motor area,34,38,-4
LatentSpace_v113,"Frontal pole, cerebral cortex",24,40,-16
LatentSpace_v113,Orbital area,23,35,-12
LatentSpace_v113,Posterior parietal association areas,31,38,-7
LatentSpace_v113,Perirhinal area,17,32,-15
LatentSpace_v113,Primary somatosensory area,29,35,-6
LatentSpace_v113,Supplemental somatosensory area,36,38,-2
LatentSpace_v113,Temporal association areas,26,33,-7
LatentSpace_v113,Visual areas,31,38,-7
LatentSpace_v113,Pallidum,7,6,1
LatentSpace_v113,Striatum ventral region,4,3,1
LatentSpace_v113,Lateral septal complex,11,4,7
LatentSpace_v113,Caudoputamen,3,3,0
LatentSpace_v113,Medial amygdalar nucleus,8,7,1
LatentSpace_v113,Hypothalamus,10,9,1
LatentSpace_v113,Thalamus,7,1,6
LatentSpace_v113,Inferior colliculus,7,9,-2
LatentSpace_v113,"Superior colliculus, sensory related",8,10,-2
LatentSpace_v113,Midbrain raphe nuclei,14,12,2
LatentSpace_v113,Midbrain-other,14,10,4
LatentSpace_v113,Periaqueductal gray,14,11,3
LatentSpace_v113,Pons,10,9,1
LatentSpace_v113,Medulla,8,9,-1
LatentSpace_v113,Lingula (I),13,34,-21
LatentSpace_v113,Central lobule,12,34,-22
LatentSpace_v113,Culmen,30,34,-4
LatentSpace_v113,Declive (VI),23,28,-5
LatentSpace_v113,Folium-tuber vermis (VII),23,31,-8
LatentSpace_v113,Pyramus (VIII),28,32,-4
LatentSpace_v113,Uvula (IX),15,34,-19
LatentSpace_v113,Nodulus (X),14,35,-21
LatentSpace_v113,Simple lobule,24,29,-5
LatentSpace_v113,Crus 1,23,26,-3
LatentSpace_v113,Crus 2,23,27,-4
LatentSpace_v113,Paramedian lobule,23,33,-10
LatentSpace_v113,Copula pyramidis,23,34,-11
LatentSpace_v113,Flocculus,15,34,-19
LatentSpace_v113,Paraflocculus,24,36,-12
LatentSpace_v113,Cerebellar nuclei,12,11,1
LatentSpace_v114,Cortical subplate-other,10,15,-5
LatentSpace_v114,Claustrum,25,33,-8
LatentSpace_v114,Endopiriform nucleus,10,32,-22
LatentSpace_v114,Olfactory areas-other,11,33,-22
LatentSpace_v114,Postpiriform transition area,10,27,-17
LatentSpace_v114,Piriform area,7,34,-27
LatentSpace_v114,Taenia tecta,12,28,-16
LatentSpace_v114,Cortical amygdalar area,6,19,-13
LatentSpace_v114,Piriform-amygdalar area,8,28,-20
LatentSpace_v114,Main olfactory bulb,29,10,19
LatentSpace_v114,Accessory olfactory bulb,17,19,-2
LatentSpace_v114,Anterior olfactory nucleus,11,32,-21
LatentSpace_v114,Subiculum,5,35,-30
LatentSpace_v114,Entorhinal area,8,22,-14
LatentSpace_v114,Field CA1,7,25,-18
LatentSpace_v114,Field CA2,10,14,-4
LatentSpace_v114,Field CA3,8,8,0
LatentSpace_v114,Dentate gyrus,7,3,4
LatentSpace_v114,Anterior cingulate area,33,39,-6
LatentSpace_v114,Infralimbic area,13,26,-13
LatentSpace_v114,Retrosplenial area,25,36,-11
LatentSpace_v114,Prelimbic area,27,35,-8
LatentSpace_v114,Primary auditory area,35,38,-3
LatentSpace_v114,Dorsal auditory area,35,38,-3
LatentSpace_v114,Ventral auditory area,36,38,-2
LatentSpace_v114,Agranular insular area,16,37,-21
LatentSpace_v114,Ectorhinal area,19,33,-14
LatentSpace_v114,Primary motor area,35,38,-3
LatentSpace_v114,Secondary motor area,35,38,-3
LatentSpace_v114,"Frontal pole, cerebral cortex",30,40,-10
LatentSpace_v114,Orbital area,25,35,-10
LatentSpace_v114,Posterior parietal association areas,34,38,-4
LatentSpace_v114,Perirhinal area,8,32,-24
LatentSpace_v114,Primary somatosensory area,31,35,-4
LatentSpace_v114,Supplemental somatosensory area,35,38,-3
LatentSpace_v114,Temporal association areas,27,33,-6
LatentSpace_v114,Visual areas,34,38,-4
LatentSpace_v114,Pallidum,8,6,2
LatentSpace_v114,Striatum ventral region,7,3,4
LatentSpace_v114,Lateral septal complex,10,4,6
LatentSpace_v114,Caudoputamen,3,3,0
LatentSpace_v114,Medial amygdalar nucleus,7,7,0
LatentSpace_v114,Hypothalamus,8,9,-1
LatentSpace_v114,Thalamus,8,1,7
LatentSpace_v114,Inferior colliculus,8,9,-1
LatentSpace_v114,"Superior colliculus, sensory related",5,10,-5
LatentSpace_v114,Midbrain raphe nuclei,14,12,2
LatentSpace_v114,Midbrain-other,9,10,-1
LatentSpace_v114,Periaqueductal gray,11,11,0
LatentSpace_v114,Pons,11,9,2
LatentSpace_v114,Medulla,12,9,3
LatentSpace_v114,Lingula (I),13,34,-21
LatentSpace_v114,Central lobule,16,34,-18
LatentSpace_v114,Culmen,30,34,-4
LatentSpace_v114,Declive (VI),23,28,-5
LatentSpace_v114,Folium-tuber vermis (VII),24,31,-7
LatentSpace_v114,Pyramus (VIII),27,32,-5
LatentSpace_v114,Uvula (IX),18,34,-16
LatentSpace_v114,Nodulus (X),15,35,-20
LatentSpace_v114,Simple lobule,24,29,-5
LatentSpace_v114,Crus 1,23,26,-3
LatentSpace_v114,Crus 2,23,27,-4
LatentSpace_v114,Paramedian lobule,23,33,-10
LatentSpace_v114,Copula pyramidis,26,34,-8
LatentSpace_v114,Flocculus,21,34,-13
LatentSpace_v114,Paraflocculus,29,36,-7
LatentSpace_v114,Cerebellar nuclei,14,11,3
LatentSpace_v115,Cortical subplate-other,11,15,-4
LatentSpace_v115,Claustrum,23,33,-10
LatentSpace_v115,Endopiriform nucleus,10,32,-22
LatentSpace_v115,Olfactory areas-other,21,33,-12
LatentSpace_v115,Postpiriform transition area,11,27,-16
LatentSpace_v115,Piriform area,9,34,-25
LatentSpace_v115,Taenia tecta,15,28,-13
LatentSpace_v115,Cortical amygdalar area,8,19,-11
LatentSpace_v115,Piriform-amygdalar area,8,28,-20
LatentSpace_v115,Main olfactory bulb,59,10,49
LatentSpace_v115,Accessory olfactory bulb,24,19,5
LatentSpace_v115,Anterior olfactory nucleus,20,32,-12
LatentSpace_v115,Subiculum,7,35,-28
LatentSpace_v115,Entorhinal area,9,22,-13
LatentSpace_v115,Field CA1,8,25,-17
LatentSpace_v115,Field CA2,13,14,-1
LatentSpace_v115,Field CA3,6,8,-2
LatentSpace_v115,Dentate gyrus,6,3,3
LatentSpace_v115,Anterior cingulate area,36,39,-3
LatentSpace_v115,Infralimbic area,13,26,-13
LatentSpace_v115,Retrosplenial area,24,36,-12
LatentSpace_v115,Prelimbic area,25,35,-10
LatentSpace_v115,Primary auditory area,37,38,-1
LatentSpace_v115,Dorsal auditory area,35,38,-3
LatentSpace_v115,Ventral auditory area,32,38,-6
LatentSpace_v115,Agranular insular area,16,37,-21
LatentSpace_v115,Ectorhinal area,21,33,-12
LatentSpace_v115,Primary motor area,35,38,-3
LatentSpace_v115,Secondary motor area,35,38,-3
LatentSpace_v115,"Frontal pole, cerebral cortex",24,40,-16
LatentSpace_v115,Orbital area,19,35,-16
LatentSpace_v115,Posterior parietal association areas,35,38,-3
LatentSpace_v115,Perirhinal area,16,32,-16
LatentSpace_v115,Primary somatosensory area,32,35,-3
LatentSpace_v115,Supplemental somatosensory area,37,38,-1
LatentSpace_v115,Temporal association areas,26,33,-7
LatentSpace_v115,Visual areas,35,38,-3
LatentSpace_v115,Pallidum,13,6,7
LatentSpace_v115,Striatum ventral region,5,3,2
LatentSpace_v115,Lateral septal complex,13,4,9
LatentSpace_v115,Caudoputamen,3,3,0
LatentSpace_v115,Medial amygdalar nucleus,11,7,4
LatentSpace_v115,Hypothalamus,13,9,4
LatentSpace_v115,Thalamus,13,1,12
LatentSpace_v115,Inferior colliculus,7,9,-2
LatentSpace_v115,"Superior colliculus, sensory related",7,10,-3
LatentSpace_v115,Midbrain raphe nuclei,14,12,2
LatentSpace_v115,Midbrain-other,14,10,4
LatentSpace_v115,Periaqueductal gray,13,11,2
LatentSpace_v115,Pons,12,9,3
LatentSpace_v115,Medulla,13,9,4
LatentSpace_v115,Lingula (I),12,34,-22
LatentSpace_v115,Central lobule,17,34,-17
LatentSpace_v115,Culmen,30,34,-4
LatentSpace_v115,Declive (VI),22,28,-6
LatentSpace_v115,Folium-tuber vermis (VII),23,31,-8
LatentSpace_v115,Pyramus (VIII),28,32,-4
LatentSpace_v115,Uvula (IX),20,34,-14
LatentSpace_v115,Nodulus (X),14,35,-21
LatentSpace_v115,Simple lobule,22,29,-7
LatentSpace_v115,Crus 1,22,26,-4
LatentSpace_v115,Crus 2,22,27,-5
LatentSpace_v115,Paramedian lobule,23,33,-10
LatentSpace_v115,Copula pyramidis,24,34,-10
LatentSpace_v115,Flocculus,28,34,-6
LatentSpace_v115,Paraflocculus,23,36,-13
LatentSpace_v115,Cerebellar nuclei,12,11,1
LatentSpace_v116,Cortical subplate-other,12,15,-3
LatentSpace_v116,Claustrum,19,33,-14
LatentSpace_v116,Endopiriform nucleus,15,32,-17
LatentSpace_v116,Olfactory areas-other,17,33,-16
LatentSpace_v116,Postpiriform transition area,13,27,-14
LatentSpace_v116,Piriform area,19,34,-15
LatentSpace_v116,Taenia tecta,13,28,-15
LatentSpace_v116,Cortical amygdalar area,11,19,-8
LatentSpace_v116,Piriform-amygdalar area,13,28,-15
LatentSpace_v116,Main olfactory bulb,44,10,34
LatentSpace_v116,Accessory olfactory bulb,32,19,13
LatentSpace_v116,Anterior olfactory nucleus,12,32,-20
LatentSpace_v116,Subiculum,3,35,-32
LatentSpace_v116,Entorhinal area,12,22,-10
LatentSpace_v116,Field CA1,6,25,-19
LatentSpace_v116,Field CA2,11,14,-3
LatentSpace_v116,Field CA3,6,8,-2
LatentSpace_v116,Dentate gyrus,7,3,4
LatentSpace_v116,Anterior cingulate area,33,39,-6
LatentSpace_v116,Infralimbic area,10,26,-16
LatentSpace_v116,Retrosplenial area,23,36,-13
LatentSpace_v116,Prelimbic area,23,35,-12
LatentSpace_v116,Primary auditory area,35,38,-3
LatentSpace_v116,Dorsal auditory area,35,38,-3
LatentSpace_v116,Ventral auditory area,33,38,-5
LatentSpace_v116,Agranular insular area,20,37,-17
LatentSpace_v116,Ectorhinal area,21,33,-12
LatentSpace_v116,Primary motor area,35,38,-3
LatentSpace_v116,Secondary motor area,35,38,-3
LatentSpace_v116,"Frontal pole, cerebral cortex",24,40,-16
LatentSpace_v116,Orbital area,23,35,-12
LatentSpace_v116,Posterior parietal association areas,33,38,-5
LatentSpace_v116,Perirhinal area,17,32,-15
LatentSpace_v116,Primary somatosensory area,31,35,-4
LatentSpace_v116,Supplemental somatosensory area,37,38,-1
LatentSpace_v116,Temporal association areas,24,33,-9
LatentSpace_v116,Visual areas,33,38,-5
LatentSpace_v116,Pallidum,7,6,1
LatentSpace_v116,Striatum ventral region,7,3,4
LatentSpace_v116,Lateral septal complex,12,4,8
LatentSpace_v116,Caudoputamen,3,3,0
LatentSpace_v116,Medial amygdalar nucleus,12,7,5
LatentSpace_v116,Hypothalamus,5,9,-4
LatentSpace_v116,Thalamus,2,1,1
LatentSpace_v116,Inferior colliculus,9,9,0
LatentSpace_v116,"Superior colliculus, sensory related",5,10,-5
LatentSpace_v116,Midbrain raphe nuclei,14,12,2
LatentSpace_v116,Midbrain-other,8,10,-2
LatentSpace_v116,Periaqueductal gray,6,11,-5
LatentSpace_v116,Pons,12,9,3
LatentSpace_v116,Medulla,14,9,5
LatentSpace_v116,Lingula (I),17,34,-17
LatentSpace_v116,Central lobule,31,34,-3
LatentSpace_v116,Culmen,26,34,-8
LatentSpace_v116,Declive (VI),23,28,-5
LatentSpace_v116,Folium-tuber vermis (VII),23,31,-8
LatentSpace_v116,Pyramus (VIII),23,32,-9
LatentSpace_v116,Uvula (IX),27,34,-7
LatentSpace_v116,Nodulus (X),29,35,-6
LatentSpace_v116,Simple lobule,23,29,-6
LatentSpace_v116,Crus 1,22,26,-4
LatentSpace_v116,Crus 2,22,27,-5
LatentSpace_v116,Paramedian lobule,23,33,-10
LatentSpace_v116,Copula pyramidis,23,34,-11
LatentSpace_v116,Flocculus,28,34,-6
LatentSpace_v116,Paraflocculus,24,36,-12
LatentSpace_v116,Cerebellar nuclei,34,11,23
LatentSpace_v117,Cortical subplate-other,5,15,-10
LatentSpace_v117,Claustrum,18,33,-15
LatentSpace_v117,Endopiriform nucleus,10,32,-22
LatentSpace_v117,Olfactory areas-other,7,33,-26
LatentSpace_v117,Postpiriform transition area,8,27,-19
LatentSpace_v117,Piriform area,15,34,-19
LatentSpace_v117,Taenia tecta,9,28,-19
LatentSpace_v117,Cortical amygdalar area,9,19,-10
LatentSpace_v117,Piriform-amygdalar area,11,28,-17
LatentSpace_v117,Main olfactory bulb,21,10,11
LatentSpace_v117,Accessory olfactory bulb,31,19,12
LatentSpace_v117,Anterior olfactory nucleus,8,32,-24
LatentSpace_v117,Subiculum,5,35,-30
LatentSpace_v117,Entorhinal area,9,22,-13
LatentSpace_v117,Field CA1,7,25,-18
LatentSpace_v117,Field CA2,6,14,-8
LatentSpace_v117,Field CA3,6,8,-2
LatentSpace_v117,Dentate gyrus,7,3,4
LatentSpace_v117,Anterior cingulate area,35,39,-4
LatentSpace_v117,Infralimbic area,10,26,-16
LatentSpace_v117,Retrosplenial area,25,36,-11
LatentSpace_v117,Prelimbic area,24,35,-11
LatentSpace_v117,Primary auditory area,35,38,-3
LatentSpace_v117,Dorsal auditory area,35,38,-3
LatentSpace_v117,Ventral auditory area,36,38,-2
LatentSpace_v117,Agranular insular area,22,37,-15
LatentSpace_v117,Ectorhinal area,22,33,-11
LatentSpace_v117,Primary motor area,35,38,-3
LatentSpace_v117,Secondary motor area,35,38,-3
LatentSpace_v117,"Frontal pole, cerebral cortex",35,40,-5
LatentSpace_v117,Orbital area,22,35,-13
LatentSpace_v117,Posterior parietal association areas,35,38,-3
LatentSpace_v117,Perirhinal area,17,32,-15
LatentSpace_v117,Primary somatosensory area,31,35,-4
LatentSpace_v117,Supplemental somatosensory area,36,38,-2
LatentSpace_v117,Temporal association areas,30,33,-3
LatentSpace_v117,Visual areas,35,38,-3
LatentSpace_v117,Pallidum,6,6,0
LatentSpace_v117,Striatum ventral region,4,3,1
LatentSpace_v117,Lateral septal complex,7,4,3
LatentSpace_v117,Caudoputamen,3,3,0
LatentSpace_v117,Medial amygdalar nucleus,7,7,0
LatentSpace_v117,Hypothalamus,6,9,-3
LatentSpace_v117,Thalamus,4,1,3
LatentSpace_v117,Inferior colliculus,10,9,1
LatentSpace_v117,"Superior colliculus, sensory related",12,10,2
LatentSpace_v117,Midbrain raphe nuclei,13,12,1
LatentSpace_v117,Midbrain-other,12,10,2
LatentSpace_v117,Periaqueductal gray,13,11,2
LatentSpace_v117,Pons,10,9,1
LatentSpace_v117,Medulla,10,9,1
LatentSpace_v117,Lingula (I),35,34,1
LatentSpace_v117,Central lobule,35,34,1
LatentSpace_v117,Culmen,28,34,-6
LatentSpace_v117,Declive (VI),23,28,-5
LatentSpace_v117,Folium-tuber vermis (VII),23,31,-8
LatentSpace_v117,Pyramus (VIII),25,32,-7
LatentSpace_v117,Uvula (IX),33,34,-1
LatentSpace_v117,Nodulus (X),34,35,-1
LatentSpace_v117,Simple lobule,23,29,-6
LatentSpace_v117,Crus 1,22,26,-4
LatentSpace_v117,Crus 2,22,27,-5
LatentSpace_v117,Paramedian lobule,23,33,-10
LatentSpace_v117,Copula pyramidis,26,34,-8
LatentSpace_v117,Flocculus,32,34,-2
LatentSpace_v117,Paraflocculus,27,36,-9
LatentSpace_v117,Cerebellar nuclei,34,11,23
LatentSpace_v118,Cortical subplate-other,13,15,-2
LatentSpace_v118,Claustrum,22,33,-11
LatentSpace_v118,Endopiriform nucleus,12,32,-20
LatentSpace_v118,Olfactory areas-other,13,33,-20
LatentSpace_v118,Postpiriform transition area,11,27,-16
LatentSpace_v118,Piriform area,12,34,-22
LatentSpace_v118,Taenia tecta,14,28,-14
LatentSpace_v118,Cortical amygdalar area,12,19,-7
LatentSpace_v118,Piriform-amygdalar area,11,28,-17
LatentSpace_v118,Main olfactory bulb,25,10,15
LatentSpace_v118,Accessory olfactory bulb,21,19,2
LatentSpace_v118,Anterior olfactory nucleus,12,32,-20
LatentSpace_v118,Subiculum,9,35,-26
LatentSpace_v118,Entorhinal area,12,22,-10
LatentSpace_v118,Field CA1,10,25,-15
LatentSpace_v118,Field CA2,10,14,-4
LatentSpace_v118,Field CA3,10,8,2
LatentSpace_v118,Dentate gyrus,9,3,6
LatentSpace_v118,Anterior cingulate area,35,39,-4
LatentSpace_v118,Infralimbic area,12,26,-14
LatentSpace_v118,Retrosplenial area,35,36,-1
LatentSpace_v118,Prelimbic area,26,35,-9
LatentSpace_v118,Primary auditory area,37,38,-1
LatentSpace_v118,Dorsal auditory area,35,38,-3
LatentSpace_v118,Ventral auditory area,38,38,0
LatentSpace_v118,Agranular insular area,24,37,-13
LatentSpace_v118,Ectorhinal area,28,33,-5
LatentSpace_v118,Primary motor area,35,38,-3
LatentSpace_v118,Secondary motor area,37,38,-1
LatentSpace_v118,"Frontal pole, cerebral cortex",31,40,-9
LatentSpace_v118,Orbital area,23,35,-12
LatentSpace_v118,Posterior parietal association areas,35,38,-3
LatentSpace_v118,Perirhinal area,17,32,-15
LatentSpace_v118,Primary somatosensory area,31,35,-4
LatentSpace_v118,Supplemental somatosensory area,36,38,-2
LatentSpace_v118,Temporal association areas,33,33,0
LatentSpace_v118,Visual areas,35,38,-3
LatentSpace_v118,Pallidum,8,6,2
LatentSpace_v118,Striatum ventral region,9,3,6
LatentSpace_v118,Lateral septal complex,14,4,10
LatentSpace_v118,Caudoputamen,3,3,0
LatentSpace_v118,Medial amygdalar nucleus,13,7,6
LatentSpace_v118,Hypothalamus,10,9,1
LatentSpace_v118,Thalamus,14,1,13
LatentSpace_v118,Inferior colliculus,16,9,7
LatentSpace_v118,"Superior colliculus, sensory related",4,10,-6
LatentSpace_v118,Midbrain raphe nuclei,14,12,2
LatentSpace_v118,Midbrain-other,10,10,0
LatentSpace_v118,Periaqueductal gray,10,11,-1
LatentSpace_v118,Pons,10,9,1
LatentSpace_v118,Medulla,16,9,7
LatentSpace_v118,Lingula (I),9,34,-25
LatentSpace_v118,Central lobule,8,34,-26
LatentSpace_v118,Culmen,28,34,-6
LatentSpace_v118,Declive (VI),25,28,-3
LatentSpace_v118,Folium-tuber vermis (VII),25,31,-6
LatentSpace_v118,Pyramus (VIII),28,32,-4
LatentSpace_v118,Uvula (IX),32,34,-2
LatentSpace_v118,Nodulus (X),15,35,-20
LatentSpace_v118,Simple lobule,24,29,-5
LatentSpace_v118,Crus 1,23,26,-3
LatentSpace_v118,Crus 2,23,27,-4
LatentSpace_v118,Paramedian lobule,24,33,-9
LatentSpace_v118,Copula pyramidis,29,34,-5
LatentSpace_v118,Flocculus,34,34,0
LatentSpace_v118,Paraflocculus,27,36,-9
LatentSpace_v118,Cerebellar nuclei,33,11,22
LatentSpace_v119,Cortical subplate-other,10,15,-5
LatentSpace_v119,Claustrum,25,33,-8
LatentSpace_v119,Endopiriform nucleus,15,32,-17
LatentSpace_v119,Olfactory areas-other,12,33,-21
LatentSpace_v119,Postpiriform transition area,8,27,-19
LatentSpace_v119,Piriform area,11,34,-23
LatentSpace_v119,Taenia tecta,13,28,-15
LatentSpace_v119,Cortical amygdalar area,4,19,-15
LatentSpace_v119,Piriform-amygdalar area,2,28,-26
LatentSpace_v119,Main olfactory bulb,37,10,27
LatentSpace_v119,Accessory olfactory bulb,10,19,-9
LatentSpace_v119,Anterior olfactory nucleus,11,32,-21
LatentSpace_v119,Subiculum,3,35,-32
LatentSpace_v119,Entorhinal area,13,22,-9
LatentSpace_v119,Field CA1,7,25,-18
LatentSpace_v119,Field CA2,9,14,-5
LatentSpace_v119,Field CA3,8,8,0
LatentSpace_v119,Dentate gyrus,9,3,6
LatentSpace_v119,Anterior cingulate area,38,39,-1
LatentSpace_v119,Infralimbic area,10,26,-16
LatentSpace_v119,Retrosplenial area,25,36,-11
LatentSpace_v119,Prelimbic area,27,35,-8
LatentSpace_v119,Primary auditory area,36,38,-2
LatentSpace_v119,Dorsal auditory area,35,38,-3
LatentSpace_v119,Ventral auditory area,37,38,-1
LatentSpace_v119,Agranular insular area,15,37,-22
LatentSpace_v119,Ectorhinal area,23,33,-10
LatentSpace_v119,Primary motor area,35,38,-3
LatentSpace_v119,Secondary motor area,36,38,-2
LatentSpace_v119,"Frontal pole, cerebral cortex",30,40,-10
LatentSpace_v119,Orbital area,16,35,-19
LatentSpace_v119,Posterior parietal association areas,35,38,-3
LatentSpace_v119,Perirhinal area,18,32,-14
LatentSpace_v119,Primary somatosensory area,35,35,0
LatentSpace_v119,Supplemental somatosensory area,37,38,-1
LatentSpace_v119,Temporal association areas,30,33,-3
LatentSpace_v119,Visual areas,35,38,-3
LatentSpace_v119,Pallidum,7,6,1
LatentSpace_v119,Striatum ventral region,7,3,4
LatentSpace_v119,Lateral septal complex,8,4,4
LatentSpace_v119,Caudoputamen,3,3,0
LatentSpace_v119,Medial amygdalar nucleus,10,7,3
LatentSpace_v119,Hypothalamus,12,9,3
LatentSpace_v119,Thalamus,8,1,7
LatentSpace_v119,Inferior colliculus,7,9,-2
LatentSpace_v119,"Superior colliculus, sensory related",12,10,2
LatentSpace_v119,Midbrain raphe nuclei,14,12,2
LatentSpace_v119,Midbrain-other,14,10,4
LatentSpace_v119,Periaqueductal gray,13,11,2
LatentSpace_v119,Pons,10,9,1
LatentSpace_v119,Medulla,10,9,1
LatentSpace_v119,Lingula (I),19,34,-15
LatentSpace_v119,Central lobule,23,34,-11
LatentSpace_v119,Culmen,24,34,-10
LatentSpace_v119,Declive (VI),23,28,-5
LatentSpace_v119,Folium-tuber vermis (VII),23,31,-8
LatentSpace_v119,Pyramus (VIII),23,32,-9
LatentSpace_v119,Uvula (IX),16,34,-18
LatentSpace_v119,Nodulus (X),15,35,-20
LatentSpace_v119,Simple lobule,22,29,-7
LatentSpace_v119,Crus 1,22,26,-4
LatentSpace_v119,Crus 2,21,27,-6
LatentSpace_v119,Paramedian lobule,23,33,-10
LatentSpace_v119,Copula pyramidis,24,34,-10
LatentSpace_v119,Flocculus,30,34,-4
LatentSpace_v119,Paraflocculus,23,36,-13
LatentSpace_v119,Cerebellar nuclei,12,11,1
LatentSpace_v120,Cortical subplate-other,11,15,-4
LatentSpace_v120,Claustrum,26,33,-7
LatentSpace_v120,Endopiriform nucleus,12,32,-20
LatentSpace_v120,Olfactory areas-other,10,33,-23
LatentSpace_v120,Postpiriform transition area,12,27,-15
LatentSpace_v120,Piriform area,7,34,-27
LatentSpace_v120,Taenia tecta,13,28,-15
LatentSpace_v120,Cortical amygdalar area,11,19,-8
LatentSpace_v120,Piriform-amygdalar area,9,28,-19
LatentSpace_v120,Main olfactory bulb,19,10,9
LatentSpace_v120,Accessory olfactory bulb,32,19,13
LatentSpace_v120,Anterior olfactory nucleus,9,32,-23
LatentSpace_v120,Subiculum,4,35,-31
LatentSpace_v120,Entorhinal area,9,22,-13
LatentSpace_v120,Field CA1,8,25,-17
LatentSpace_v120,Field CA2,14,14,0
LatentSpace_v120,Field CA3,7,8,-1
LatentSpace_v120,Dentate gyrus,7,3,4
LatentSpace_v120,Anterior cingulate area,38,39,-1
LatentSpace_v120,Infralimbic area,12,26,-14
LatentSpace_v120,Retrosplenial area,30,36,-6
LatentSpace_v120,Prelimbic area,31,35,-4
LatentSpace_v120,Primary auditory area,38,38,0
LatentSpace_v120,Dorsal auditory area,35,38,-3
LatentSpace_v120,Ventral auditory area,38,38,0
LatentSpace_v120,Agranular insular area,29,37,-8
LatentSpace_v120,Ectorhinal area,27,33,-6
LatentSpace_v120,Primary motor area,35,38,-3
LatentSpace_v120,Secondary motor area,37,38,-1
LatentSpace_v120,"Frontal pole, cerebral cortex",37,40,-3
LatentSpace_v120,Orbital area,30,35,-5
LatentSpace_v120,Posterior parietal association areas,35,38,-3
LatentSpace_v120,Perirhinal area,18,32,-14
LatentSpace_v120,Primary somatosensory area,34,35,-1
LatentSpace_v120,Supplemental somatosensory area,37,38,-1
LatentSpace_v120,Temporal association areas,34,33,1
LatentSpace_v120,Visual areas,35,38,-3
LatentSpace_v120,Pallidum,5,6,-1
LatentSpace_v120,Striatum ventral region,6,3,3
LatentSpace_v120,Lateral septal complex,11,4,7
LatentSpace_v120,Caudoputamen,3,3,0
LatentSpace_v120,Medial amygdalar nucleus,10,7,3
LatentSpace_v120,Hypothalamus,11,9,2
LatentSpace_v120,Thalamus,6,1,5
LatentSpace_v120,Inferior colliculus,4,9,-5
LatentSpace_v120,"Superior colliculus, sensory related",6,10,-4
LatentSpace_v120,Midbrain raphe nuclei,13,12,1
LatentSpace_v120,Midbrain-other,12,10,2
LatentSpace_v120,Periaqueductal gray,13,11,2
LatentSpace_v120,Pons,11,9,2
LatentSpace_v120,Medulla,14,9,5
LatentSpace_v120,Lingula (I),17,34,-17
LatentSpace_v120,Central lobule,28,34,-6
LatentSpace_v120,Culmen,25,34,-9
LatentSpace_v120,Declive (VI),22,28,-6
LatentSpace_v120,Folium-tuber vermis (VII),23,31,-8
LatentSpace_v120,Pyramus (VIII),23,32,-9
LatentSpace_v120,Uvula (IX),31,34,-3
LatentSpace_v120,Nodulus (X),19,35,-16
LatentSpace_v120,Simple lobule,22,29,-7
LatentSpace_v120,Crus 1,22,26,-4
LatentSpace_v120,Crus 2,22,27,-5
LatentSpace_v120,Paramedian lobule,23,33,-10
LatentSpace_v120,Copula pyramidis,24,34,-10
LatentSpace_v120,Flocculus,18,34,-16
LatentSpace_v120,Paraflocculus,20,36,-16
LatentSpace_v120,Cerebellar nuclei,30,11,19
LatentSpace_v121,Cortical subplate-other,7,15,-8
LatentSpace_v121,Claustrum,16,33,-17
LatentSpace_v121,Endopiriform nucleus,9,32,-23
LatentSpace_v121,Olfactory areas-other,18,33,-15
LatentSpace_v121,Postpiriform transition area,8,27,-19
LatentSpace_v121,Piriform area,15,34,-19
LatentSpace_v121,Taenia tecta,12,28,-16
LatentSpace_v121,Cortical amygdalar area,5,19,-14
LatentSpace_v121,Piriform-amygdalar area,4,28,-24
LatentSpace_v121,Main olfactory bulb,24,10,14
LatentSpace_v121,Accessory olfactory bulb,33,19,14
LatentSpace_v121,Anterior olfactory nucleus,15,32,-17
LatentSpace_v121,Subiculum,4,35,-31
LatentSpace_v121,Entorhinal area,10,22,-12
LatentSpace_v121,Field CA1,8,25,-17
LatentSpace_v121,Field CA2,9,14,-5
LatentSpace_v121,Field CA3,7,8,-1
LatentSpace_v121,Dentate gyrus,9,3,6
LatentSpace_v121,Anterior cingulate area,34,39,-5
LatentSpace_v121,Infralimbic area,12,26,-14
LatentSpace_v121,Retrosplenial area,24,36,-12
LatentSpace_v121,Prelimbic area,28,35,-7
LatentSpace_v121,Primary auditory area,36,38,-2
LatentSpace_v121,Dorsal auditory area,35,38,-3
LatentSpace_v121,Ventral auditory area,35,38,-3
LatentSpace_v121,Agranular insular area,21,37,-16
LatentSpace_v121,Ectorhinal area,17,33,-16
LatentSpace_v121,Primary motor area,35,38,-3
LatentSpace_v121,Secondary motor area,35,38,-3
LatentSpace_v121,"Frontal pole, cerebral cortex",33,40,-7
LatentSpace_v121,Orbital area,23,35,-12
LatentSpace_v121,Posterior parietal association areas,34,38,-4
LatentSpace_v121,Perirhinal area,13,32,-19
LatentSpace_v121,Primary somatosensory area,30,35,-5
LatentSpace_v121,Supplemental somatosensory area,37,38,-1
LatentSpace_v121,Temporal association areas,25,33,-8
LatentSpace_v121,Visual areas,34,38,-4
LatentSpace_v121,Pallidum,7,6,1
LatentSpace_v121,Striatum ventral region,7,3,4
LatentSpace_v121,Lateral septal complex,9,4,5
LatentSpace_v121,Caudoputamen,3,3,0
LatentSpace_v121,Medial amygdalar nucleus,11,7,4
LatentSpace_v121,Hypothalamus,7,9,-2
LatentSpace_v121,Thalamus,10,1,9
LatentSpace_v121,Inferior colliculus,11,9,2
LatentSpace_v121,"Superior colliculus, sensory related",11,10,1
LatentSpace_v121,Midbrain raphe nuclei,12,12,0
LatentSpace_v121,Midbrain-other,13,10,3
LatentSpace_v121,Periaqueductal gray,12,11,1
LatentSpace_v121,Pons,11,9,2
LatentSpace_v121,Medulla,10,9,1
LatentSpace_v121,Lingula (I),17,34,-17
LatentSpace_v121,Central lobule,20,34,-14
LatentSpace_v121,Culmen,25,34,-9
LatentSpace_v121,Declive (VI),23,28,-5
LatentSpace_v121,Folium-tuber vermis (VII),23,31,-8
LatentSpace_v121,Pyramus (VIII),23,32,-9
LatentSpace_v121,Uvula (IX),25,34,-9
LatentSpace_v121,Nodulus (X),21,35,-14
LatentSpace_v121,Simple lobule,23,29,-6
LatentSpace_v121,Crus 1,23,26,-3
LatentSpace_v121,Crus 2,22,27,-5
LatentSpace_v121,Paramedian lobule,23,33,-10
LatentSpace_v121,Copula pyramidis,24,34,-10
LatentSpace_v121,Flocculus,32,34,-2
LatentSpace_v121,Paraflocculus,23,36,-13
LatentSpace_v121,Cerebellar nuclei,28,11,17
LatentSpace_v122,Cortical subplate-other,9,15,-6
LatentSpace_v122,Claustrum,17,33,-16
LatentSpace_v122,Endopiriform nucleus,5,32,-27
LatentSpace_v122,Olfactory areas-other,12,33,-21
LatentSpace_v122,Postpiriform transition area,8,27,-19
LatentSpace_v122,Piriform area,5,34,-29
LatentSpace_v122,Taenia tecta,11,28,-17
LatentSpace_v122,Cortical amygdalar area,4,19,-15
LatentSpace_v122,Piriform-amygdalar area,8,28,-20
LatentSpace_v122,Main olfactory bulb,19,10,9
LatentSpace_v122,Accessory olfactory bulb,25,19,6
LatentSpace_v122,Anterior olfactory nucleus,12,32,-20
LatentSpace_v122,Subiculum,8,35,-27
LatentSpace_v122,Entorhinal area,7,22,-15
LatentSpace_v122,Field CA1,7,25,-18
LatentSpace_v122,Field CA2,9,14,-5
LatentSpace_v122,Field CA3,6,8,-2
LatentSpace_v122,Dentate gyrus,6,3,3
LatentSpace_v122,Anterior cingulate area,35,39,-4
LatentSpace_v122,Infralimbic area,9,26,-17
LatentSpace_v122,Retrosplenial area,24,36,-12
LatentSpace_v122,Prelimbic area,21,35,-14
LatentSpace_v122,Primary auditory area,36,38,-2
LatentSpace_v122,Dorsal auditory area,35,38,-3
LatentSpace_v122,Ventral auditory area,37,38,-1
LatentSpace_v122,Agranular insular area,17,37,-20
LatentSpace_v122,Ectorhinal area,20,33,-13
LatentSpace_v122,Primary motor area,35,38,-3
LatentSpace_v122,Secondary motor area,36,38,-2
LatentSpace_v122,"Frontal pole, cerebral cortex",27,40,-13
LatentSpace_v122,Orbital area,18,35,-17
LatentSpace_v122,Posterior parietal association areas,35,38,-3
LatentSpace_v122,Perirhinal area,17,32,-15
LatentSpace_v122,Primary somatosensory area,35,35,0
LatentSpace_v122,Supplemental somatosensory area,37,38,-1
LatentSpace_v122,Temporal association areas,29,33,-4
LatentSpace_v122,Visual areas,35,38,-3
LatentSpace_v122,Pallidum,7,6,1
LatentSpace_v122,Striatum ventral region,7,3,4
LatentSpace_v122,Lateral septal complex,14,4,10
LatentSpace_v122,Caudoputamen,3,3,0
LatentSpace_v122,Medial amygdalar nucleus,13,7,6
LatentSpace_v122,Hypothalamus,6,9,-3
LatentSpace_v122,Thalamus,8,1,7
LatentSpace_v122,Inferior colliculus,11,9,2
LatentSpace_v122,"Superior colliculus, sensory related",12,10,2
LatentSpace_v122,Midbrain raphe nuclei,16,12,4
LatentSpace_v122,Midbrain-other,14,10,4
LatentSpace_v122,Periaqueductal gray,11,11,0
LatentSpace_v122,Pons,11,9,2
LatentSpace_v122,Medulla,11,9,2
LatentSpace_v122,Lingula (I),14,34,-20
LatentSpace_v122,Central lobule,27,34,-7
LatentSpace_v122,Culmen,30,34,-4
LatentSpace_v122,Declive (VI),23,28,-5
LatentSpace_v122,Folium-tuber vermis (VII),23,31,-8
LatentSpace_v122,Pyramus (VIII),26,32,-6
LatentSpace_v122,Uvula (IX),34,34,0
LatentSpace_v122,Nodulus (X),18,35,-17
LatentSpace_v122,Simple lobule,23,29,-6
LatentSpace_v122,Crus 1,23,26,-3
LatentSpace_v122,Crus 2,23,27,-4
LatentSpace_v122,Paramedian lobule,23,33,-10
LatentSpace_v122,Copula pyramidis,26,34,-8
LatentSpace_v122,Flocculus,30,34,-4
LatentSpace_v122,Paraflocculus,25,36,-11
LatentSpace_v122,Cerebellar nuclei,32,11,21
LatentSpace_v123,Cortical subplate-other,11,15,-4
LatentSpace_v123,Claustrum,21,33,-12
LatentSpace_v123,Endopiriform nucleus,11,32,-21
LatentSpace_v123,Olfactory areas-other,19,33,-14
LatentSpace_v123,Postpiriform transition area,13,27,-14
LatentSpace_v123,Piriform area,15,34,-19
LatentSpace_v123,Taenia tecta,14,28,-14
LatentSpace_v123,Cortical amygdalar area,12,19,-7
LatentSpace_v123,Piriform-amygdalar area,14,28,-14
LatentSpace_v123,Main olfactory bulb,2,10,-8
LatentSpace_v123,Accessory olfactory bulb,22,19,3
LatentSpace_v123,Anterior olfactory nucleus,16,32,-16
LatentSpace_v123,Subiculum,4,35,-31
LatentSpace_v123,Entorhinal area,15,22,-7
LatentSpace_v123,Field CA1,8,25,-17
LatentSpace_v123,Field CA2,9,14,-5
LatentSpace_v123,Field CA3,11,8,3
LatentSpace_v123,Dentate gyrus,7,3,4
LatentSpace_v123,Anterior cingulate area,34,39,-5
LatentSpace_v123,Infralimbic area,12,26,-14
LatentSpace_v123,Retrosplenial area,23,36,-13
LatentSpace_v123,Prelimbic area,27,35,-8
LatentSpace_v123,Primary auditory area,35,38,-3
LatentSpace_v123,Dorsal auditory area,34,38,-4
LatentSpace_v123,Ventral auditory area,37,38,-1
LatentSpace_v123,Agranular insular area,23,37,-14
LatentSpace_v123,Ectorhinal area,23,33,-10
LatentSpace_v123,Primary motor area,35,38,-3
LatentSpace_v123,Secondary motor area,35,38,-3
LatentSpace_v123,"Frontal pole, cerebral cortex",30,40,-10
LatentSpace_v123,Orbital area,24,35,-11
LatentSpace_v123,Posterior parietal association areas,31,38,-7
LatentSpace_v123,Perirhinal area,17,32,-15
LatentSpace_v123,Primary somatosensory area,29,35,-6
LatentSpace_v123,Supplemental somatosensory area,35,38,-3
LatentSpace_v123,Temporal association areas,29,33,-4
LatentSpace_v123,Visual areas,29,38,-9
LatentSpace_v123,Pallidum,7,6,1
LatentSpace_v123,Striatum ventral region,7,3,4
LatentSpace_v123,Lateral septal complex,11,4,7
LatentSpace_v123,Caudoputamen,3,3,0
LatentSpace_v123,Medial amygdalar nucleus,12,7,5
LatentSpace_v123,Hypothalamus,11,9,2
LatentSpace_v123,Thalamus,14,1,13
LatentSpace_v123,Inferior colliculus,8,9,-1
LatentSpace_v123,"Superior colliculus, sensory related",6,10,-4
LatentSpace_v123,Midbrain raphe nuclei,15,12,3
LatentSpace_v123,Midbrain-other,13,10,3
LatentSpace_v123,Periaqueductal gray,13,11,2
LatentSpace_v123,Pons,10,9,1
LatentSpace_v123,Medulla,12,9,3
LatentSpace_v123,Lingula (I),11,34,-23
LatentSpace_v123,Central lobule,8,34,-26
LatentSpace_v123,Culmen,28,34,-6
LatentSpace_v123,Declive (VI),23,28,-5
LatentSpace_v123,Folium-tuber vermis (VII),23,31,-8
LatentSpace_v123,Pyramus (VIII),23,32,-9
LatentSpace_v123,Uvula (IX),23,34,-11
LatentSpace_v123,Nodulus (X),15,35,-20
LatentSpace_v123,Simple lobule,23,29,-6
LatentSpace_v123,Crus 1,22,26,-4
LatentSpace_v123,Crus 2,22,27,-5
LatentSpace_v123,Paramedian lobule,23,33,-10
LatentSpace_v123,Copula pyramidis,23,34,-11
LatentSpace_v123,Flocculus,32,34,-2
LatentSpace_v123,Paraflocculus,27,36,-9
LatentSpace_v123,Cerebellar nuclei,13,11,2
LatentSpace_v124,Cortical subplate-other,9,15,-6
LatentSpace_v124,Claustrum,25,33,-8
LatentSpace_v124,Endopiriform nucleus,11,32,-21
LatentSpace_v124,Olfactory areas-other,19,33,-14
LatentSpace_v124,Postpiriform transition area,8,27,-19
LatentSpace_v124,Piriform area,17,34,-17
LatentSpace_v124,Taenia tecta,12,28,-16
LatentSpace_v124,Cortical amygdalar area,4,19,-15
LatentSpace_v124,Piriform-amygdalar area,5,28,-23
LatentSpace_v124,Main olfactory bulb,38,10,28
LatentSpace_v124,Accessory olfactory bulb,32,19,13
LatentSpace_v124,Anterior olfactory nucleus,16,32,-16
LatentSpace_v124,Subiculum,3,35,-32
LatentSpace_v124,Entorhinal area,9,22,-13
LatentSpace_v124,Field CA1,7,25,-18
LatentSpace_v124,Field CA2,6,14,-8
LatentSpace_v124,Field CA3,5,8,-3
LatentSpace_v124,Dentate gyrus,6,3,3
LatentSpace_v124,Anterior cingulate area,35,39,-4
LatentSpace_v124,Infralimbic area,8,26,-18
LatentSpace_v124,Retrosplenial area,32,36,-4
LatentSpace_v124,Prelimbic area,25,35,-10
LatentSpace_v124,Primary auditory area,39,38,1
LatentSpace_v124,Dorsal auditory area,36,38,-2
LatentSpace_v124,Ventral auditory area,35,38,-3
LatentSpace_v124,Agranular insular area,23,37,-14
LatentSpace_v124,Ectorhinal area,21,33,-12
LatentSpace_v124,Primary motor area,35,38,-3
LatentSpace_v124,Secondary motor area,36,38,-2
LatentSpace_v124,"Frontal pole, cerebral cortex",32,40,-8
LatentSpace_v124,Orbital area,23,35,-12
LatentSpace_v124,Posterior parietal association areas,36,38,-2
LatentSpace_v124,Perirhinal area,12,32,-20
LatentSpace_v124,Primary somatosensory area,31,35,-4
LatentSpace_v124,Supplemental somatosensory area,39,38,1
LatentSpace_v124,Temporal association areas,26,33,-7
LatentSpace_v124,Visual areas,36,38,-2
LatentSpace_v124,Pallidum,14,6,8
LatentSpace_v124,Striatum ventral region,4,3,1
LatentSpace_v124,Lateral septal complex,11,4,7
LatentSpace_v124,Caudoputamen,3,3,0
LatentSpace_v124,Medial amygdalar nucleus,8,7,1
LatentSpace_v124,Hypothalamus,12,9,3
LatentSpace_v124,Thalamus,5,1,4
LatentSpace_v124,Inferior colliculus,8,9,-1
LatentSpace_v124,"Superior colliculus, sensory related",9,10,-1
LatentSpace_v124,Midbrain raphe nuclei,14,12,2
LatentSpace_v124,Midbrain-other,11,10,1
LatentSpace_v124,Periaqueductal gray,13,11,2
LatentSpace_v124,Pons,9,9,0
LatentSpace_v124,Medulla,10,9,1
LatentSpace_v124,Lingula (I),16,34,-18
LatentSpace_v124,Central lobule,11,34,-23
LatentSpace_v124,Culmen,25,34,-9
LatentSpace_v124,Declive (VI),23,28,-5
LatentSpace_v124,Folium-tuber vermis (VII),23,31,-8
LatentSpace_v124,Pyramus (VIII),25,32,-7
LatentSpace_v124,Uvula (IX),34,34,0
LatentSpace_v124,Nodulus (X),20,35,-15
LatentSpace_v124,Simple lobule,23,29,-6
LatentSpace_v124,Crus 1,23,26,-3
LatentSpace_v124,Crus 2,22,27,-5
LatentSpace_v124,Paramedian lobule,23,33,-10
LatentSpace_v124,Copula pyramidis,27,34,-7
LatentSpace_v124,Flocculus,33,34,-1
LatentSpace_v124,Paraflocculus,29,36,-7
LatentSpace_v124,Cerebellar nuclei,13,11,2
LatentSpace_v125,Cortical subplate-other,7,15,-8
LatentSpace_v125,Claustrum,22,33,-11
LatentSpace_v125,Endopiriform nucleus,10,32,-22
LatentSpace_v125,Olfactory areas-other,15,33,-18
LatentSpace_v125,Postpiriform transition area,11,27,-16
LatentSpace_v125,Piriform area,20,34,-14
LatentSpace_v125,Taenia tecta,6,28,-22
LatentSpace_v125,Cortical amygdalar area,8,19,-11
LatentSpace_v125,Piriform-amygdalar area,12,28,-16
LatentSpace_v125,Main olfactory bulb,23,10,13
LatentSpace_v125,Accessory olfactory bulb,36,19,17
LatentSpace_v125,Anterior olfactory nucleus,12,32,-20
LatentSpace_v125,Subiculum,7,35,-28
LatentSpace_v125,Entorhinal area,12,22,-10
LatentSpace_v125,Field CA1,10,25,-15
LatentSpace_v125,Field CA2,21,14,7
LatentSpace_v125,Field CA3,6,8,-2
LatentSpace_v125,Dentate gyrus,8,3,5
LatentSpace_v125,Anterior cingulate area,36,39,-3
LatentSpace_v125,Infralimbic area,13,26,-13
LatentSpace_v125,Retrosplenial area,25,36,-11
LatentSpace_v125,Prelimbic area,29,35,-6
LatentSpace_v125,Primary auditory area,36,38,-2
LatentSpace_v125,Dorsal auditory area,36,38,-2
LatentSpace_v125,Ventral auditory area,38,38,0
LatentSpace_v125,Agranular insular area,24,37,-13
LatentSpace_v125,Ectorhinal area,27,33,-6
LatentSpace_v125,Primary motor area,36,38,-2
LatentSpace_v125,Secondary motor area,38,38,0
LatentSpace_v125,"Frontal pole, cerebral cortex",35,40,-5
LatentSpace_v125,Orbital area,26,35,-9
LatentSpace_v125,Posterior parietal association areas,35,38,-3
LatentSpace_v125,Perirhinal area,22,32,-10
LatentSpace_v125,Primary somatosensory area,30,35,-5
LatentSpace_v125,Supplemental somatosensory area,37,38,-1
LatentSpace_v125,Temporal association areas,32,33,-1
LatentSpace_v125,Visual areas,34,38,-4
LatentSpace_v125,Pallidum,9,6,3
LatentSpace_v125,Striatum ventral region,6,3,3
LatentSpace_v125,Lateral septal complex,6,4,2
LatentSpace_v125,Caudoputamen,3,3,0
LatentSpace_v125,Medial amygdalar nucleus,10,7,3
LatentSpace_v125,Hypothalamus,12,9,3
LatentSpace_v125,Thalamus,10,1,9
LatentSpace_v125,Inferior colliculus,5,9,-4
LatentSpace_v125,"Superior colliculus, sensory related",6,10,-4
LatentSpace_v125,Midbrain raphe nuclei,14,12,2
LatentSpace_v125,Midbrain-other,13,10,3
LatentSpace_v125,Periaqueductal gray,10,11,-1
LatentSpace_v125,Pons,7,9,-2
LatentSpace_v125,Medulla,7,9,-2
LatentSpace_v125,Lingula (I),17,34,-17
LatentSpace_v125,Central lobule,25,34,-9
LatentSpace_v125,Culmen,26,34,-8
LatentSpace_v125,Declive (VI),23,28,-5
LatentSpace_v125,Folium-tuber vermis (VII),23,31,-8
LatentSpace_v125,Pyramus (VIII),25,32,-7
LatentSpace_v125,Uvula (IX),28,34,-6
LatentSpace_v125,Nodulus (X),25,35,-10
LatentSpace_v125,Simple lobule,23,29,-6
LatentSpace_v125,Crus 1,21,26,-5
LatentSpace_v125,Crus 2,21,27,-6
LatentSpace_v125,Paramedian lobule,23,33,-10
LatentSpace_v125,Copula pyramidis,23,34,-11
LatentSpace_v125,Flocculus,26,34,-8
LatentSpace_v125,Paraflocculus,23,36,-13
LatentSpace_v125,Cerebellar nuclei,29,11,18
LatentSpace_v126,Cortical subplate-other,7,15,-8
LatentSpace_v126,Claustrum,24,33,-9
LatentSpace_v126,Endopiriform nucleus,18,32,-14
LatentSpace_v126,Olfactory areas-other,19,33,-14
LatentSpace_v126,Postpiriform transition area,6,27,-21
LatentSpace_v126,Piriform area,18,34,-16
LatentSpace_v126,Taenia tecta,13,28,-15
LatentSpace_v126,Cortical amygdalar area,3,19,-16
LatentSpace_v126,Piriform-amygdalar area,8,28,-20
LatentSpace_v126,Main olfactory bulb,14,10,4
LatentSpace_v126,Accessory olfactory bulb,35,19,16
LatentSpace_v126,Anterior olfactory nucleus,15,32,-17
LatentSpace_v126,Subiculum,4,35,-31
LatentSpace_v126,Entorhinal area,19,22,-3
LatentSpace_v126,Field CA1,8,25,-17
LatentSpace_v126,Field CA2,9,14,-5
LatentSpace_v126,Field CA3,6,8,-2
LatentSpace_v126,Dentate gyrus,8,3,5
LatentSpace_v126,Anterior cingulate area,39,39,0
LatentSpace_v126,Infralimbic area,15,26,-11
LatentSpace_v126,Retrosplenial area,25,36,-11
LatentSpace_v126,Prelimbic area,30,35,-5
LatentSpace_v126,Primary auditory area,38,38,0
LatentSpace_v126,Dorsal auditory area,36,38,-2
LatentSpace_v126,Ventral auditory area,40,38,2
LatentSpace_v126,Agranular insular area,24,37,-13
LatentSpace_v126,Ectorhinal area,25,33,-8
LatentSpace_v126,Primary motor area,36,38,-2
LatentSpace_v126,Secondary motor area,38,38,0
LatentSpace_v126,"Frontal pole, cerebral cortex",35,40,-5
LatentSpace_v126,Orbital area,27,35,-8
LatentSpace_v126,Posterior parietal association areas,35,38,-3
LatentSpace_v126,Perirhinal area,25,32,-7
LatentSpace_v126,Primary somatosensory area,28,35,-7
LatentSpace_v126,Supplemental somatosensory area,37,38,-1
LatentSpace_v126,Temporal association areas,35,33,2
LatentSpace_v126,Visual areas,35,38,-3
LatentSpace_v126,Pallidum,9,6,3
LatentSpace_v126,Striatum ventral region,6,3,3
LatentSpace_v126,Lateral septal complex,10,4,6
LatentSpace_v126,Caudoputamen,3,3,0
LatentSpace_v126,Medial amygdalar nucleus,6,7,-1
LatentSpace_v126,Hypothalamus,7,9,-2
LatentSpace_v126,Thalamus,11,1,10
LatentSpace_v126,Inferior colliculus,10,9,1
LatentSpace_v126,"Superior colliculus, sensory related",10,10,0
LatentSpace_v126,Midbrain raphe nuclei,14,12,2
LatentSpace_v126,Midbrain-other,12,10,2
LatentSpace_v126,Periaqueductal gray,13,11,2
LatentSpace_v126,Pons,11,9,2
LatentSpace_v126,Medulla,11,9,2
LatentSpace_v126,Lingula (I),14,34,-20
LatentSpace_v126,Central lobule,14,34,-20
LatentSpace_v126,Culmen,29,34,-5
LatentSpace_v126,Declive (VI),23,28,-5
LatentSpace_v126,Folium-tuber vermis (VII),23,31,-8
LatentSpace_v126,Pyramus (VIII),23,32,-9
LatentSpace_v126,Uvula (IX),30,34,-4
LatentSpace_v126,Nodulus (X),26,35,-9
LatentSpace_v126,Simple lobule,24,29,-5
LatentSpace_v126,Crus 1,22,26,-4
LatentSpace_v126,Crus 2,21,27,-6
LatentSpace_v126,Paramedian lobule,23,33,-10
LatentSpace_v126,Copula pyramidis,23,34,-11
LatentSpace_v126,Flocculus,27,34,-7
LatentSpace_v126,Paraflocculus,23,36,-13
LatentSpace_v126,Cerebellar nuclei,13,11,2
LatentSpace_v127,Cortical subplate-other,5,15,-10
LatentSpace_v127,Claustrum,33,33,0
LatentSpace_v127,Endopiriform nucleus,13,32,-19
LatentSpace_v127,Olfactory areas-other,6,33,-27
LatentSpace_v127,Postpiriform transition area,11,27,-16
LatentSpace_v127,Piriform area,9,34,-25
LatentSpace_v127,Taenia tecta,8,28,-20
LatentSpace_v127,Cortical amygdalar area,5,19,-14
LatentSpace_v127,Piriform-amygdalar area,5,28,-23
LatentSpace_v127,Main olfactory bulb,13,10,3
LatentSpace_v127,Accessory olfactory bulb,24,19,5
LatentSpace_v127,Anterior olfactory nucleus,5,32,-27
LatentSpace_v127,Subiculum,5,35,-30
LatentSpace_v127,Entorhinal area,11,22,-11
LatentSpace_v127,Field CA1,8,25,-17
LatentSpace_v127,Field CA2,15,14,1
LatentSpace_v127,Field CA3,7,8,-1
LatentSpace_v127,Dentate gyrus,8,3,5
LatentSpace_v127,Anterior cingulate area,36,39,-3
LatentSpace_v127,Infralimbic area,5,26,-21
LatentSpace_v127,Retrosplenial area,27,36,-9
LatentSpace_v127,Prelimbic area,27,35,-8
LatentSpace_v127,Primary auditory area,35,38,-3
LatentSpace_v127,Dorsal auditory area,35,38,-3
LatentSpace_v127,Ventral auditory area,36,38,-2
LatentSpace_v127,Agranular insular area,23,37,-14
LatentSpace_v127,Ectorhinal area,24,33,-9
LatentSpace_v127,Primary motor area,35,38,-3
LatentSpace_v127,Secondary motor area,37,38,-1
LatentSpace_v127,"Frontal pole, cerebral cortex",35,40,-5
LatentSpace_v127,Orbital area,25,35,-10
LatentSpace_v127,Posterior parietal association areas,35,38,-3
LatentSpace_v127,Perirhinal area,21,32,-11
LatentSpace_v127,Primary somatosensory area,31,35,-4
LatentSpace_v127,Supplemental somatosensory area,35,38,-3
LatentSpace_v127,Temporal association areas,34,33,1
LatentSpace_v127,Visual areas,35,38,-3
LatentSpace_v127,Pallidum,7,6,1
LatentSpace_v127,Striatum ventral region,4,3,1
LatentSpace_v127,Lateral septal complex,7,4,3
LatentSpace_v127,Caudoputamen,3,3,0
LatentSpace_v127,Medial amygdalar nucleus,6,7,-1
LatentSpace_v127,Hypothalamus,5,9,-4
LatentSpace_v127,Thalamus,4,1,3
LatentSpace_v127,Inferior colliculus,8,9,-1
LatentSpace_v127,"Superior colliculus, sensory related",7,10,-3
LatentSpace_v127,Midbrain raphe nuclei,14,12,2
LatentSpace_v127,Midbrain-other,13,10,3
LatentSpace_v127,Periaqueductal gray,12,11,1
LatentSpace_v127,Pons,11,9,2
LatentSpace_v127,Medulla,10,9,1
LatentSpace_v127,Lingula (I),15,34,-19
LatentSpace_v127,Central lobule,15,34,-19
LatentSpace_v127,Culmen,29,34,-5
LatentSpace_v127,Declive (VI),23,28,-5
LatentSpace_v127,Folium-tuber vermis (VII),23,31,-8
LatentSpace_v127,Pyramus (VIII),23,32,-9
LatentSpace_v127,Uvula (IX),29,34,-5
LatentSpace_v127,Nodulus (X),17,35,-18
LatentSpace_v127,Simple lobule,23,29,-6
LatentSpace_v127,Crus 1,23,26,-3
LatentSpace_v127,Crus 2,22,27,-5
LatentSpace_v127,Paramedian lobule,23,33,-10
LatentSpace_v127,Copula pyramidis,23,34,-11
LatentSpace_v127,Flocculus,11,34,-23
LatentSpace_v127,Paraflocculus,11,36,-25
LatentSpace_v127,Cerebellar nuclei,33,11,22
LatentSpace_v128,Cortical subplate-other,6,15,-9
LatentSpace_v128,Claustrum,21,33,-12
LatentSpace_v128,Endopiriform nucleus,8,32,-24
LatentSpace_v128,Olfactory areas-other,19,33,-14
LatentSpace_v128,Postpiriform transition area,11,27,-16
LatentSpace_v128,Piriform area,12,34,-22
LatentSpace_v128,Taenia tecta,13,28,-15
LatentSpace_v128,Cortical amygdalar area,5,19,-14
LatentSpace_v128,Piriform-amygdalar area,8,28,-20
LatentSpace_v128,Main olfactory bulb,15,10,5
LatentSpace_v128,Accessory olfactory bulb,27,19,8
LatentSpace_v128,Anterior olfactory nucleus,16,32,-16
LatentSpace_v128,Subiculum,4,35,-31
LatentSpace_v128,Entorhinal area,13,22,-9
LatentSpace_v128,Field CA1,8,25,-17
LatentSpace_v128,Field CA2,18,14,4
LatentSpace_v128,Field CA3,6,8,-2
LatentSpace_v128,Dentate gyrus,7,3,4
LatentSpace_v128,Anterior cingulate area,33,39,-6
LatentSpace_v128,Infralimbic area,12,26,-14
LatentSpace_v128,Retrosplenial area,25,36,-11
LatentSpace_v128,Prelimbic area,26,35,-9
LatentSpace_v128,Primary auditory area,35,38,-3
LatentSpace_v128,Dorsal auditory area,35,38,-3
LatentSpace_v128,Ventral auditory area,37,38,-1
LatentSpace_v128,Agranular insular area,21,37,-16
LatentSpace_v128,Ectorhinal area,23,33,-10
LatentSpace_v128,Primary motor area,35,38,-3
LatentSpace_v128,Secondary motor area,35,38,-3
LatentSpace_v128,"Frontal pole, cerebral cortex",31,40,-9
LatentSpace_v128,Orbital area,24,35,-11
LatentSpace_v128,Posterior parietal association areas,35,38,-3
LatentSpace_v128,Perirhinal area,21,32,-11
LatentSpace_v128,Primary somatosensory area,29,35,-6
LatentSpace_v128,Supplemental somatosensory area,37,38,-1
LatentSpace_v128,Temporal association areas,34,33,1
LatentSpace_v128,Visual areas,35,38,-3
LatentSpace_v128,Pallidum,7,6,1
LatentSpace_v128,Striatum ventral region,7,3,4
LatentSpace_v128,Lateral septal complex,7,4,3
LatentSpace_v128,Caudoputamen,3,3,0
LatentSpace_v128,Medial amygdalar nucleus,8,7,1
LatentSpace_v128,Hypothalamus,7,9,-2
LatentSpace_v128,Thalamus,2,1,1
LatentSpace_v128,Inferior colliculus,7,9,-2
LatentSpace_v128,"Superior colliculus, sensory related",9,10,-1
LatentSpace_v128,Midbrain raphe nuclei,14,12,2
LatentSpace_v128,Midbrain-other,13,10,3
LatentSpace_v128,Periaqueductal gray,13,11,2
LatentSpace_v128,Pons,9,9,0
LatentSpace_v128,Medulla,10,9,1
LatentSpace_v128,Lingula (I),13,34,-21
LatentSpace_v128,Central lobule,18,34,-16
LatentSpace_v128,Culmen,24,34,-10
LatentSpace_v128,Declive (VI),23,28,-5
LatentSpace_v128,Folium-tuber vermis (VII),23,31,-8
LatentSpace_v128,Pyramus (VIII),23,32,-9
LatentSpace_v128,Uvula (IX),16,34,-18
LatentSpace_v128,Nodulus (X),13,35,-22
LatentSpace_v128,Simple lobule,23,29,-6
LatentSpace_v128,Crus 1,23,26,-3
LatentSpace_v128,Crus 2,23,27,-4
LatentSpace_v128,Paramedian lobule,23,33,-10
LatentSpace_v128,Copula pyramidis,23,34,-11
LatentSpace_v128,Flocculus,32,34,-2
LatentSpace_v128,Paraflocculus,23,36,-13
LatentSpace_v128,Cerebellar nuclei,15,11,4
LatentSpace_v129,Cortical subplate-other,9,15,-6
LatentSpace_v129,Claustrum,29,33,-4
LatentSpace_v129,Endopiriform nucleus,18,32,-14
LatentSpace_v129,Olfactory areas-other,15,33,-18
LatentSpace_v129,Postpiriform transition area,9,27,-18
LatentSpace_v129,Piriform area,16,34,-18
LatentSpace_v129,Taenia tecta,12,28,-16
LatentSpace_v129,Cortical amygdalar area,8,19,-11
LatentSpace_v129,Piriform-amygdalar area,10,28,-18
LatentSpace_v129,Main olfactory bulb,27,10,17
LatentSpace_v129,Accessory olfactory bulb,29,19,10
LatentSpace_v129,Anterior olfactory nucleus,13,32,-19
LatentSpace_v129,Subiculum,4,35,-31
LatentSpace_v129,Entorhinal area,11,22,-11
LatentSpace_v129,Field CA1,10,25,-15
LatentSpace_v129,Field CA2,16,14,2
LatentSpace_v129,Field CA3,6,8,-2
LatentSpace_v129,Dentate gyrus,9,3,6
LatentSpace_v129,Anterior cingulate area,38,39,-1
LatentSpace_v129,Infralimbic area,12,26,-14
LatentSpace_v129,Retrosplenial area,35,36,-1
LatentSpace_v129,Prelimbic area,34,35,-1
LatentSpace_v129,Primary auditory area,38,38,0
LatentSpace_v129,Dorsal auditory area,36,38,-2
LatentSpace_v129,Ventral auditory area,39,38,1
LatentSpace_v129,Agranular insular area,30,37,-7
LatentSpace_v129,Ectorhinal area,24,33,-9
LatentSpace_v129,Primary motor area,35,38,-3
LatentSpace_v129,Secondary motor area,36,38,-2
LatentSpace_v129,"Frontal pole, cerebral cortex",37,40,-3
LatentSpace_v129,Orbital area,31,35,-4
LatentSpace_v129,Posterior parietal association areas,39,38,1
LatentSpace_v129,Perirhinal area,20,32,-12
LatentSpace_v129,Primary somatosensory area,31,35,-4
LatentSpace_v129,Supplemental somatosensory area,37,38,-1
LatentSpace_v129,Temporal association areas,34,33,1
LatentSpace_v129,Visual areas,35,38,-3
LatentSpace_v129,Pallidum,8,6,2
LatentSpace_v129,Striatum ventral region,7,3,4
LatentSpace_v129,Lateral septal complex,8,4,4
LatentSpace_v129,Caudoputamen,3,3,0
LatentSpace_v129,Medial amygdalar nucleus,11,7,4
LatentSpace_v129,Hypothalamus,6,9,-3
LatentSpace_v129,Thalamus,7,1,6
LatentSpace_v129,Inferior colliculus,5,9,-4
LatentSpace_v129,"Superior colliculus, sensory related",5,10,-5
LatentSpace_v129,Midbrain raphe nuclei,14,12,2
LatentSpace_v129,Midbrain-other,8,10,-2
LatentSpace_v129,Periaqueductal gray,8,11,-3
LatentSpace_v129,Pons,9,9,0
LatentSpace_v129,Medulla,12,9,3
LatentSpace_v129,Lingula (I),13,34,-21
LatentSpace_v129,Central lobule,15,34,-19
LatentSpace_v129,Culmen,25,34,-9
LatentSpace_v129,Declive (VI),23,28,-5
LatentSpace_v129,Folium-tuber vermis (VII),23,31,-8
LatentSpace_v129,Pyramus (VIII),24,32,-8
LatentSpace_v129,Uvula (IX),22,34,-12
LatentSpace_v129,Nodulus (X),15,35,-20
LatentSpace_v129,Simple lobule,22,29,-7
LatentSpace_v129,Crus 1,22,26,-4
LatentSpace_v129,Crus 2,22,27,-5
LatentSpace_v129,Paramedian lobule,23,33,-10
LatentSpace_v129,Copula pyramidis,27,34,-7
LatentSpace_v129,Flocculus,11,34,-23
LatentSpace_v129,Paraflocculus,27,36,-9
LatentSpace_v129,Cerebellar nuclei,13,11,2
LatentSpace_v130,Cortical subplate-other,12,15,-3
LatentSpace_v130,Claustrum,24,33,-9
LatentSpace_v130,Endopiriform nucleus,12,32,-20
LatentSpace_v130,Olfactory areas-other,10,33,-23
LatentSpace_v130,Postpiriform transition area,12,27,-15
LatentSpace_v130,Piriform area,13,34,-21
LatentSpace_v130,Taenia tecta,12,28,-16
LatentSpace_v130,Cortical amygdalar area,12,19,-7
LatentSpace_v130,Piriform-amygdalar area,15,28,-13
LatentSpace_v130,Main olfactory bulb,39,10,29
LatentSpace_v130,Accessory olfactory bulb,34,19,15
LatentSpace_v130,Anterior olfactory nucleus,9,32,-23
LatentSpace_v130,Subiculum,5,35,-30
LatentSpace_v130,Entorhinal area,12,22,-10
LatentSpace_v130,Field CA1,9,25,-16
LatentSpace_v130,Field CA2,12,14,-2
LatentSpace_v130,Field CA3,6,8,-2
LatentSpace_v130,Dentate gyrus,8,3,5
LatentSpace_v130,Anterior cingulate area,35,39,-4
LatentSpace_v130,Infralimbic area,10,26,-16
LatentSpace_v130,Retrosplenial area,25,36,-11
LatentSpace_v130,Prelimbic area,25,35,-10
LatentSpace_v130,Primary auditory area,35,38,-3
LatentSpace_v130,Dorsal auditory area,35,38,-3
LatentSpace_v130,Ventral auditory area,37,38,-1
LatentSpace_v130,Agranular insular area,16,37,-21
LatentSpace_v130,Ectorhinal area,21,33,-12
LatentSpace_v130,Primary motor area,35,38,-3
LatentSpace_v130,Secondary motor area,32,38,-6
LatentSpace_v130,"Frontal pole, cerebral cortex",24,40,-16
LatentSpace_v130,Orbital area,24,35,-11
LatentSpace_v130,Posterior parietal association areas,31,38,-7
LatentSpace_v130,Perirhinal area,19,32,-13
LatentSpace_v130,Primary somatosensory area,31,35,-4
LatentSpace_v130,Supplemental somatosensory area,36,38,-2
LatentSpace_v130,Temporal association areas,31,33,-2
LatentSpace_v130,Visual areas,31,38,-7
LatentSpace_v130,Pallidum,9,6,3
LatentSpace_v130,Striatum ventral region,6,3,3
LatentSpace_v130,Lateral septal complex,7,4,3
LatentSpace_v130,Caudoputamen,3,3,0
LatentSpace_v130,Medial amygdalar nucleus,13,7,6
LatentSpace_v130,Hypothalamus,9,9,0
LatentSpace_v130,Thalamus,8,1,7
LatentSpace_v130,Inferior colliculus,7,9,-2
LatentSpace_v130,"Superior colliculus, sensory related",5,10,-5
LatentSpace_v130,Midbrain raphe nuclei,14,12,2
LatentSpace_v130,Midbrain-other,10,10,0
LatentSpace_v130,Periaqueductal gray,8,11,-3
LatentSpace_v130,Pons,9,9,0
LatentSpace_v130,Medulla,7,9,-2
LatentSpace_v130,Lingula (I),6,34,-28
LatentSpace_v130,Central lobule,11,34,-23
LatentSpace_v130,Culmen,28,34,-6
LatentSpace_v130,Declive (VI),23,28,-5
LatentSpace_v130,Folium-tuber vermis (VII),24,31,-7
LatentSpace_v130,Pyramus (VIII),29,32,-3
LatentSpace_v130,Uvula (IX),19,34,-15
LatentSpace_v130,Nodulus (X),12,35,-23
LatentSpace_v130,Simple lobule,22,29,-7
LatentSpace_v130,Crus 1,22,26,-4
LatentSpace_v130,Crus 2,23,27,-4
LatentSpace_v130,Paramedian lobule,24,33,-9
LatentSpace_v130,Copula pyramidis,26,34,-8
LatentSpace_v130,Flocculus,27,34,-7
LatentSpace_v130,Paraflocculus,28,36,-8
LatentSpace_v130,Cerebellar nuclei,15,11,4
LatentSpace_v131,Cortical subplate-other,11,15,-4
LatentSpace_v131,Claustrum,27,33,-6
LatentSpace_v131,Endopiriform nucleus,15,32,-17
LatentSpace_v131,Olfactory areas-other,15,33,-18
LatentSpace_v131,Postpiriform transition area,10,27,-17
LatentSpace_v131,Piriform area,20,34,-14
LatentSpace_v131,Taenia tecta,13,28,-15
LatentSpace_v131,Cortical amygdalar area,8,19,-11
LatentSpace_v131,Piriform-amygdalar area,8,28,-20
LatentSpace_v131,Main olfactory bulb,34,10,24
LatentSpace_v131,Accessory olfactory bulb,42,19,23
LatentSpace_v131,Anterior olfactory nucleus,15,32,-17
LatentSpace_v131,Subiculum,4,35,-31
LatentSpace_v131,Entorhinal area,16,22,-6
LatentSpace_v131,Field CA1,7,25,-18
LatentSpace_v131,Field CA2,6,14,-8
LatentSpace_v131,Field CA3,5,8,-3
LatentSpace_v131,Dentate gyrus,6,3,3
LatentSpace_v131,Anterior cingulate area,34,39,-5
LatentSpace_v131,Infralimbic area,12,26,-14
LatentSpace_v131,Retrosplenial area,28,36,-8
LatentSpace_v131,Prelimbic area,24,35,-11
LatentSpace_v131,Primary auditory area,36,38,-2
LatentSpace_v131,Dorsal auditory area,35,38,-3
LatentSpace_v131,Ventral auditory area,38,38,0
LatentSpace_v131,Agranular insular area,27,37,-10
LatentSpace_v131,Ectorhinal area,24,33,-9
LatentSpace_v131,Primary motor area,35,38,-3
LatentSpace_v131,Secondary motor area,35,38,-3
LatentSpace_v131,"Frontal pole, cerebral cortex",33,40,-7
LatentSpace_v131,Orbital area,23,35,-12
LatentSpace_v131,Posterior parietal association areas,35,38,-3
LatentSpace_v131,Perirhinal area,20,32,-12
LatentSpace_v131,Primary somatosensory area,29,35,-6
LatentSpace_v131,Supplemental somatosensory area,36,38,-2
LatentSpace_v131,Temporal association areas,28,33,-5
LatentSpace_v131,Visual areas,35,38,-3
LatentSpace_v131,Pallidum,7,6,1
LatentSpace_v131,Striatum ventral region,7,3,4
LatentSpace_v131,Lateral septal complex,9,4,5
LatentSpace_v131,Caudoputamen,3,3,0
LatentSpace_v131,Medial amygdalar nucleus,12,7,5
LatentSpace_v131,Hypothalamus,8,9,-1
LatentSpace_v131,Thalamus,5,1,4
LatentSpace_v131,Inferior colliculus,13,9,4
LatentSpace_v131,"Superior colliculus, sensory related",12,10,2
LatentSpace_v131,Midbrain raphe nuclei,15,12,3
LatentSpace_v131,Midbrain-other,11,10,1
LatentSpace_v131,Periaqueductal gray,13,11,2
LatentSpace_v131,Pons,8,9,-1
LatentSpace_v131,Medulla,10,9,1
LatentSpace_v131,Lingula (I),25,34,-9
LatentSpace_v131,Central lobule,34,34,0
LatentSpace_v131,Culmen,24,34,-10
LatentSpace_v131,Declive (VI),23,28,-5
LatentSpace_v131,Folium-tuber vermis (VII),23,31,-8
LatentSpace_v131,Pyramus (VIII),25,32,-7
LatentSpace_v131,Uvula (IX),33,34,-1
LatentSpace_v131,Nodulus (X),18,35,-17
LatentSpace_v131,Simple lobule,22,29,-7
LatentSpace_v131,Crus 1,22,26,-4
LatentSpace_v131,Crus 2,22,27,-5
LatentSpace_v131,Paramedian lobule,23,33,-10
LatentSpace_v131,Copula pyramidis,26,34,-8
LatentSpace_v131,Flocculus,32,34,-2
LatentSpace_v131,Paraflocculus,23,36,-13
LatentSpace_v131,Cerebellar nuclei,19,11,8
LatentSpace_v132,Cortical subplate-other,10,15,-5
LatentSpace_v132,Claustrum,28,33,-5
LatentSpace_v132,Endopiriform nucleus,7,32,-25
LatentSpace_v132,Olfactory areas-other,8,33,-25
LatentSpace_v132,Postpiriform transition area,11,27,-16
LatentSpace_v132,Piriform area,7,34,-27
LatentSpace_v132,Taenia tecta,14,28,-14
LatentSpace_v132,Cortical amygdalar area,8,19,-11
LatentSpace_v132,Piriform-amygdalar area,10,28,-18
LatentSpace_v132,Main olfactory bulb,22,10,12
LatentSpace_v132,Accessory olfactory bulb,21,19,2
LatentSpace_v132,Anterior olfactory nucleus,6,32,-26
LatentSpace_v132,Subiculum,6,35,-29
LatentSpace_v132,Entorhinal area,15,22,-7
LatentSpace_v132,Field CA1,8,25,-17
LatentSpace_v132,Field CA2,7,14,-7
LatentSpace_v132,Field CA3,7,8,-1
LatentSpace_v132,Dentate gyrus,7,3,4
LatentSpace_v132,Anterior cingulate area,35,39,-4
LatentSpace_v132,Infralimbic area,13,26,-13
LatentSpace_v132,Retrosplenial area,25,36,-11
LatentSpace_v132,Prelimbic area,26,35,-9
LatentSpace_v132,Primary auditory area,35,38,-3
LatentSpace_v132,Dorsal auditory area,35,38,-3
LatentSpace_v132,Ventral auditory area,38,38,0
LatentSpace_v132,Agranular insular area,23,37,-14
LatentSpace_v132,Ectorhinal area,22,33,-11
LatentSpace_v132,Primary motor area,35,38,-3
LatentSpace_v132,Secondary motor area,34,38,-4
LatentSpace_v132,"Frontal pole, cerebral cortex",26,40,-14
LatentSpace_v132,Orbital area,23,35,-12
LatentSpace_v132,Posterior parietal association areas,35,38,-3
LatentSpace_v132,Perirhinal area,18,32,-14
LatentSpace_v132,Primary somatosensory area,29,35,-6
LatentSpace_v132,Supplemental somatosensory area,36,38,-2
LatentSpace_v132,Temporal association areas,30,33,-3
LatentSpace_v132,Visual areas,35,38,-3
LatentSpace_v132,Pallidum,11,6,5
LatentSpace_v132,Striatum ventral region,7,3,4
LatentSpace_v132,Lateral septal complex,14,4,10
LatentSpace_v132,Caudoputamen,3,3,0
LatentSpace_v132,Medial amygdalar nucleus,11,7,4
LatentSpace_v132,Hypothalamus,10,9,1
LatentSpace_v132,Thalamus,13,1,12
LatentSpace_v132,Inferior colliculus,14,9,5
LatentSpace_v132,"Superior colliculus, sensory related",5,10,-5
LatentSpace_v132,Midbrain raphe nuclei,14,12,2
LatentSpace_v132,Midbrain-other,11,10,1
LatentSpace_v132,Periaqueductal gray,12,11,1
LatentSpace_v132,Pons,9,9,0
LatentSpace_v132,Medulla,12,9,3
LatentSpace_v132,Lingula (I),12,34,-22
LatentSpace_v132,Central lobule,18,34,-16
LatentSpace_v132,Culmen,26,34,-8
LatentSpace_v132,Declive (VI),23,28,-5
LatentSpace_v132,Folium-tuber vermis (VII),23,31,-8
LatentSpace_v132,Pyramus (VIII),23,32,-9
LatentSpace_v132,Uvula (IX),29,34,-5
LatentSpace_v132,Nodulus (X),16,35,-19
LatentSpace_v132,Simple lobule,22,29,-7
LatentSpace_v132,Crus 1,22,26,-4
LatentSpace_v132,Crus 2,23,27,-4
LatentSpace_v132,Paramedian lobule,23,33,-10
LatentSpace_v132,Copula pyramidis,23,34,-11
LatentSpace_v132,Flocculus,27,34,-7
LatentSpace_v132,Paraflocculus,24,36,-12
LatentSpace_v132,Cerebellar nuclei,11,11,0
LatentSpace_v133,Cortical subplate-other,6,15,-9
LatentSpace_v133,Claustrum,20,33,-13
LatentSpace_v133,Endopiriform nucleus,5,32,-27
LatentSpace_v133,Olfactory areas-other,9,33,-24
LatentSpace_v133,Postpiriform transition area,8,27,-19
LatentSpace_v133,Piriform area,5,34,-29
LatentSpace_v133,Taenia tecta,10,28,-18
LatentSpace_v133,Cortical amygdalar area,4,19,-15
LatentSpace_v133,Piriform-amygdalar area,2,28,-26
LatentSpace_v133,Main olfactory bulb,29,10,19
LatentSpace_v133,Accessory olfactory bulb,6,19,-13
LatentSpace_v133,Anterior olfactory nucleus,12,32,-20
LatentSpace_v133,Subiculum,7,35,-28
LatentSpace_v133,Entorhinal area,6,22,-16
LatentSpace_v133,Field CA1,8,25,-17
LatentSpace_v133,Field CA2,9,14,-5
LatentSpace_v133,Field CA3,7,8,-1
LatentSpace_v133,Dentate gyrus,7,3,4
LatentSpace_v133,Anterior cingulate area,36,39,-3
LatentSpace_v133,Infralimbic area,8,26,-18
LatentSpace_v133,Retrosplenial area,27,36,-9
LatentSpace_v133,Prelimbic area,27,35,-8
LatentSpace_v133,Primary auditory area,37,38,-1
LatentSpace_v133,Dorsal auditory area,35,38,-3
LatentSpace_v133,Ventral auditory area,39,38,1
LatentSpace_v133,Agranular insular area,16,37,-21
LatentSpace_v133,Ectorhinal area,20,33,-13
LatentSpace_v133,Primary motor area,35,38,-3
LatentSpace_v133,Secondary motor area,35,38,-3
LatentSpace_v133,"Frontal pole, cerebral cortex",26,40,-14
LatentSpace_v133,Orbital area,21,35,-14
LatentSpace_v133,Posterior parietal association areas,35,38,-3
LatentSpace_v133,Perirhinal area,13,32,-19
LatentSpace_v133,Primary somatosensory area,35,35,0
LatentSpace_v133,Supplemental somatosensory area,37,38,-1
LatentSpace_v133,Temporal association areas,29,33,-4
LatentSpace_v133,Visual areas,35,38,-3
LatentSpace_v133,Pallidum,11,6,5
LatentSpace_v133,Striatum ventral region,7,3,4
LatentSpace_v133,Lateral septal complex,9,4,5
LatentSpace_v133,Caudoputamen,3,3,0
LatentSpace_v133,Medial amygdalar nucleus,8,7,1
LatentSpace_v133,Hypothalamus,9,9,0
LatentSpace_v133,Thalamus,6,1,5
LatentSpace_v133,Inferior colliculus,3,9,-6
LatentSpace_v133,"Superior colliculus, sensory related",5,10,-5
LatentSpace_v133,Midbrain raphe nuclei,14,12,2
LatentSpace_v133,Midbrain-other,11,10,1
LatentSpace_v133,Periaqueductal gray,11,11,0
LatentSpace_v133,Pons,8,9,-1
LatentSpace_v133,Medulla,9,9,0
LatentSpace_v133,Lingula (I),7,34,-27
LatentSpace_v133,Central lobule,17,34,-17
LatentSpace_v133,Culmen,24,34,-10
LatentSpace_v133,Declive (VI),23,28,-5
LatentSpace_v133,Folium-tuber vermis (VII),25,31,-6
LatentSpace_v133,Pyramus (VIII),31,32,-1
LatentSpace_v133,Uvula (IX),12,34,-22
LatentSpace_v133,Nodulus (X),10,35,-25
LatentSpace_v133,Simple lobule,22,29,-7
LatentSpace_v133,Crus 1,22,26,-4
LatentSpace_v133,Crus 2,22,27,-5
LatentSpace_v133,Paramedian lobule,27,33,-6
LatentSpace_v133,Copula pyramidis,31,34,-3
LatentSpace_v133,Flocculus,34,34,0
LatentSpace_v133,Paraflocculus,29,36,-7
LatentSpace_v133,Cerebellar nuclei,9,11,-2
LatentSpace_v134,Cortical subplate-other,6,15,-9
LatentSpace_v134,Claustrum,25,33,-8
LatentSpace_v134,Endopiriform nucleus,14,32,-18
LatentSpace_v134,Olfactory areas-other,16,33,-17
LatentSpace_v134,Postpiriform transition area,10,27,-17
LatentSpace_v134,Piriform area,10,34,-24
LatentSpace_v134,Taenia tecta,10,28,-18
LatentSpace_v134,Cortical amygdalar area,2,19,-17
LatentSpace_v134,Piriform-amygdalar area,2,28,-26
LatentSpace_v134,Main olfactory bulb,6,10,-4
LatentSpace_v134,Accessory olfactory bulb,31,19,12
LatentSpace_v134,Anterior olfactory nucleus,10,32,-22
LatentSpace_v134,Subiculum,4,35,-31
LatentSpace_v134,Entorhinal area,14,22,-8
LatentSpace_v134,Field CA1,7,25,-18
LatentSpace_v134,Field CA2,11,14,-3
LatentSpace_v134,Field CA3,6,8,-2
LatentSpace_v134,Dentate gyrus,7,3,4
LatentSpace_v134,Anterior cingulate area,34,39,-5
LatentSpace_v134,Infralimbic area,8,26,-18
LatentSpace_v134,Retrosplenial area,24,36,-12
LatentSpace_v134,Prelimbic area,28,35,-7
LatentSpace_v134,Primary auditory area,37,38,-1
LatentSpace_v134,Dorsal auditory area,35,38,-3
LatentSpace_v134,Ventral auditory area,38,38,0
LatentSpace_v134,Agranular insular area,21,37,-16
LatentSpace_v134,Ectorhinal area,23,33,-10
LatentSpace_v134,Primary motor area,34,38,-4
LatentSpace_v134,Secondary motor area,33,38,-5
LatentSpace_v134,"Frontal pole, cerebral cortex",25,40,-15
LatentSpace_v134,Orbital area,28,35,-7
LatentSpace_v134,Posterior parietal association areas,31,38,-7
LatentSpace_v134,Perirhinal area,18,32,-14
LatentSpace_v134,Primary somatosensory area,29,35,-6
LatentSpace_v134,Supplemental somatosensory area,36,38,-2
LatentSpace_v134,Temporal association areas,28,33,-5
LatentSpace_v134,Visual areas,31,38,-7
LatentSpace_v134,Pallidum,7,6,1
LatentSpace_v134,Striatum ventral region,6,3,3
LatentSpace_v134,Lateral septal complex,8,4,4
LatentSpace_v134,Caudoputamen,3,3,0
LatentSpace_v134,Medial amygdalar nucleus,9,7,2
LatentSpace_v134,Hypothalamus,8,9,-1
LatentSpace_v134,Thalamus,3,1,2
LatentSpace_v134,Inferior colliculus,7,9,-2
LatentSpace_v134,"Superior colliculus, sensory related",4,10,-6
LatentSpace_v134,Midbrain raphe nuclei,14,12,2
LatentSpace_v134,Midbrain-other,10,10,0
LatentSpace_v134,Periaqueductal gray,10,11,-1
LatentSpace_v134,Pons,10,9,1
LatentSpace_v134,Medulla,8,9,-1
LatentSpace_v134,Lingula (I),13,34,-21
LatentSpace_v134,Central lobule,18,34,-16
LatentSpace_v134,Culmen,25,34,-9
LatentSpace_v134,Declive (VI),23,28,-5
LatentSpace_v134,Folium-tuber vermis (VII),23,31,-8
LatentSpace_v134,Pyramus (VIII),24,32,-8
LatentSpace_v134,Uvula (IX),33,34,-1
LatentSpace_v134,Nodulus (X),29,35,-6
LatentSpace_v134,Simple lobule,23,29,-6
LatentSpace_v134,Crus 1,23,26,-3
LatentSpace_v134,Crus 2,23,27,-4
LatentSpace_v134,Paramedian lobule,23,33,-10
LatentSpace_v134,Copula pyramidis,23,34,-11
LatentSpace_v134,Flocculus,33,34,-1
LatentSpace_v134,Paraflocculus,23,36,-13
LatentSpace_v134,Cerebellar nuclei,31,11,20
LatentSpace_v135,Cortical subplate-other,9,15,-6
LatentSpace_v135,Claustrum,26,33,-7
LatentSpace_v135,Endopiriform nucleus,11,32,-21
LatentSpace_v135,Olfactory areas-other,15,33,-18
LatentSpace_v135,Postpiriform transition area,12,27,-15
LatentSpace_v135,Piriform area,13,34,-21
LatentSpace_v135,Taenia tecta,12,28,-16
LatentSpace_v135,Cortical amygdalar area,10,19,-9
LatentSpace_v135,Piriform-amygdalar area,9,28,-19
LatentSpace_v135,Main olfactory bulb,26,10,16
LatentSpace_v135,Accessory olfactory bulb,23,19,4
LatentSpace_v135,Anterior olfactory nucleus,11,32,-21
LatentSpace_v135,Subiculum,3,35,-32
LatentSpace_v135,Entorhinal area,6,22,-16
LatentSpace_v135,Field CA1,6,25,-19
LatentSpace_v135,Field CA2,7,14,-7
LatentSpace_v135,Field CA3,8,8,0
LatentSpace_v135,Dentate gyrus,8,3,5
LatentSpace_v135,Anterior cingulate area,37,39,-2
LatentSpace_v135,Infralimbic area,12,26,-14
LatentSpace_v135,Retrosplenial area,24,36,-12
LatentSpace_v135,Prelimbic area,24,35,-11
LatentSpace_v135,Primary auditory area,35,38,-3
LatentSpace_v135,Dorsal auditory area,35,38,-3
LatentSpace_v135,Ventral auditory area,38,38,0
LatentSpace_v135,Agranular insular area,24,37,-13
LatentSpace_v135,Ectorhinal area,26,33,-7
LatentSpace_v135,Primary motor area,36,38,-2
LatentSpace_v135,Secondary motor area,36,38,-2
LatentSpace_v135,"Frontal pole, cerebral cortex",33,40,-7
LatentSpace_v135,Orbital area,23,35,-12
LatentSpace_v135,Posterior parietal association areas,33,38,-5
LatentSpace_v135,Perirhinal area,14,32,-18
LatentSpace_v135,Primary somatosensory area,30,35,-5
LatentSpace_v135,Supplemental somatosensory area,36,38,-2
LatentSpace_v135,Temporal association areas,34,33,1
LatentSpace_v135,Visual areas,29,38,-9
LatentSpace_v135,Pallidum,8,6,2
LatentSpace_v135,Striatum ventral region,8,3,5
LatentSpace_v135,Lateral septal complex,14,4,10
LatentSpace_v135,Caudoputamen,3,3,0
LatentSpace_v135,Medial amygdalar nucleus,8,7,1
LatentSpace_v135,Hypothalamus,6,9,-3
LatentSpace_v135,Thalamus,3,1,2
LatentSpace_v135,Inferior colliculus,3,9,-6
LatentSpace_v135,"Superior colliculus, sensory related",4,10,-6
LatentSpace_v135,Midbrain raphe nuclei,14,12,2
LatentSpace_v135,Midbrain-other,10,10,0
LatentSpace_v135,Periaqueductal gray,9,11,-2
LatentSpace_v135,Pons,11,9,2
LatentSpace_v135,Medulla,9,9,0
LatentSpace_v135,Lingula (I),8,34,-26
LatentSpace_v135,Central lobule,8,34,-26
LatentSpace_v135,Culmen,26,34,-8
LatentSpace_v135,Declive (VI),23,28,-5
LatentSpace_v135,Folium-tuber vermis (VII),23,31,-8
LatentSpace_v135,Pyramus (VIII),25,32,-7
LatentSpace_v135,Uvula (IX),12,34,-22
LatentSpace_v135,Nodulus (X),10,35,-25
LatentSpace_v135,Simple lobule,23,29,-6
LatentSpace_v135,Crus 1,23,26,-3
LatentSpace_v135,Crus 2,23,27,-4
LatentSpace_v135,Paramedian lobule,23,33,-10
LatentSpace_v135,Copula pyramidis,23,34,-11
LatentSpace_v135,Flocculus,13,34,-21
LatentSpace_v135,Paraflocculus,21,36,-15
LatentSpace_v135,Cerebellar nuclei,10,11,-1
LatentSpace_v136,Cortical subplate-other,16,15,1
LatentSpace_v136,Claustrum,18,33,-15
LatentSpace_v136,Endopiriform nucleus,14,32,-18
LatentSpace_v136,Olfactory areas-other,16,33,-17
LatentSpace_v136,Postpiriform transition area,13,27,-14
LatentSpace_v136,Piriform area,13,34,-21
LatentSpace_v136,Taenia tecta,15,28,-13
LatentSpace_v136,Cortical amygdalar area,11,19,-8
LatentSpace_v136,Piriform-amygdalar area,8,28,-20
LatentSpace_v136,Main olfactory bulb,25,10,15
LatentSpace_v136,Accessory olfactory bulb,23,19,4
LatentSpace_v136,Anterior olfactory nucleus,13,32,-19
LatentSpace_v136,Subiculum,6,35,-29
LatentSpace_v136,Entorhinal area,13,22,-9
LatentSpace_v136,Field CA1,6,25,-19
LatentSpace_v136,Field CA2,8,14,-6
LatentSpace_v136,Field CA3,7,8,-1
LatentSpace_v136,Dentate gyrus,8,3,5
LatentSpace_v136,Anterior cingulate area,31,39,-8
LatentSpace_v136,Infralimbic area,13,26,-13
LatentSpace_v136,Retrosplenial area,23,36,-13
LatentSpace_v136,Prelimbic area,23,35,-12
LatentSpace_v136,Primary auditory area,35,38,-3
LatentSpace_v136,Dorsal auditory area,35,38,-3
LatentSpace_v136,Ventral auditory area,35,38,-3
LatentSpace_v136,Agranular insular area,16,37,-21
LatentSpace_v136,Ectorhinal area,17,33,-16
LatentSpace_v136,Primary motor area,33,38,-5
LatentSpace_v136,Secondary motor area,33,38,-5
LatentSpace_v136,"Frontal pole, cerebral cortex",24,40,-16
LatentSpace_v136,Orbital area,21,35,-14
LatentSpace_v136,Posterior parietal association areas,31,38,-7
LatentSpace_v136,Perirhinal area,16,32,-16
LatentSpace_v136,Primary somatosensory area,28,35,-7
LatentSpace_v136,Supplemental somatosensory area,36,38,-2
LatentSpace_v136,Temporal association areas,26,33,-7
LatentSpace_v136,Visual areas,29,38,-9
LatentSpace_v136,Pallidum,8,6,2
LatentSpace_v136,Striatum ventral region,9,3,6
LatentSpace_v136,Lateral septal complex,12,4,8
LatentSpace_v136,Caudoputamen,3,3,0
LatentSpace_v136,Medial amygdalar nucleus,15,7,8
LatentSpace_v136,Hypothalamus,8,9,-1
LatentSpace_v136,Thalamus,10,1,9
LatentSpace_v136,Inferior colliculus,9,9,0
LatentSpace_v136,"Superior colliculus, sensory related",13,10,3
LatentSpace_v136,Midbrain raphe nuclei,14,12,2
LatentSpace_v136,Midbrain-other,14,10,4
LatentSpace_v136,Periaqueductal gray,12,11,1
LatentSpace_v136,Pons,11,9,2
LatentSpace_v136,Medulla,11,9,2
LatentSpace_v136,Lingula (I),14,34,-20
LatentSpace_v136,Central lobule,30,34,-4
LatentSpace_v136,Culmen,25,34,-9
LatentSpace_v136,Declive (VI),23,28,-5
LatentSpace_v136,Folium-tuber vermis (VII),23,31,-8
LatentSpace_v136,Pyramus (VIII),25,32,-7
LatentSpace_v136,Uvula (IX),29,34,-5
LatentSpace_v136,Nodulus (X),19,35,-16
LatentSpace_v136,Simple lobule,22,29,-7
LatentSpace_v136,Crus 1,22,26,-4
LatentSpace_v136,Crus 2,22,27,-5
LatentSpace_v136,Paramedian lobule,23,33,-10
LatentSpace_v136,Copula pyramidis,23,34,-11
LatentSpace_v136,Flocculus,20,34,-14
LatentSpace_v136,Paraflocculus,28,36,-8
LatentSpace_v136,Cerebellar nuclei,21,11,10
LatentSpace_v137,Cortical subplate-other,12,15,-3
LatentSpace_v137,Claustrum,27,33,-6
LatentSpace_v137,Endopiriform nucleus,16,32,-16
LatentSpace_v137,Olfactory areas-other,17,33,-16
LatentSpace_v137,Postpiriform transition area,12,27,-15
LatentSpace_v137,Piriform area,18,34,-16
LatentSpace_v137,Taenia tecta,14,28,-14
LatentSpace_v137,Cortical amygdalar area,11,19,-8
LatentSpace_v137,Piriform-amygdalar area,8,28,-20
LatentSpace_v137,Main olfactory bulb,3,10,-7
LatentSpace_v137,Accessory olfactory bulb,32,19,13
LatentSpace_v137,Anterior olfactory nucleus,13,32,-19
LatentSpace_v137,Subiculum,4,35,-31
LatentSpace_v137,Entorhinal area,21,22,-1
LatentSpace_v137,Field CA1,8,25,-17
LatentSpace_v137,Field CA2,7,14,-7
LatentSpace_v137,Field CA3,6,8,-2
LatentSpace_v137,Dentate gyrus,8,3,5
LatentSpace_v137,Anterior cingulate area,36,39,-3
LatentSpace_v137,Infralimbic area,11,26,-15
LatentSpace_v137,Retrosplenial area,25,36,-11
LatentSpace_v137,Prelimbic area,27,35,-8
LatentSpace_v137,Primary auditory area,36,38,-2
LatentSpace_v137,Dorsal auditory area,35,38,-3
LatentSpace_v137,Ventral auditory area,37,38,-1
LatentSpace_v137,Agranular insular area,21,37,-16
LatentSpace_v137,Ectorhinal area,24,33,-9
LatentSpace_v137,Primary motor area,35,38,-3
LatentSpace_v137,Secondary motor area,37,38,-1
LatentSpace_v137,"Frontal pole, cerebral cortex",27,40,-13
LatentSpace_v137,Orbital area,26,35,-9
LatentSpace_v137,Posterior parietal association areas,35,38,-3
LatentSpace_v137,Perirhinal area,23,32,-9
LatentSpace_v137,Primary somatosensory area,31,35,-4
LatentSpace_v137,Supplemental somatosensory area,37,38,-1
LatentSpace_v137,Temporal association areas,36,33,3
LatentSpace_v137,Visual areas,35,38,-3
LatentSpace_v137,Pallidum,7,6,1
LatentSpace_v137,Striatum ventral region,8,3,5
LatentSpace_v137,Lateral septal complex,12,4,8
LatentSpace_v137,Caudoputamen,3,3,0
LatentSpace_v137,Medial amygdalar nucleus,11,7,4
LatentSpace_v137,Hypothalamus,5,9,-4
LatentSpace_v137,Thalamus,8,1,7
LatentSpace_v137,Inferior colliculus,11,9,2
LatentSpace_v137,"Superior colliculus, sensory related",12,10,2
LatentSpace_v137,Midbrain raphe nuclei,14,12,2
LatentSpace_v137,Midbrain-other,12,10,2
LatentSpace_v137,Periaqueductal gray,13,11,2
LatentSpace_v137,Pons,11,9,2
LatentSpace_v137,Medulla,10,9,1
LatentSpace_v137,Lingula (I),17,34,-17
LatentSpace_v137,Central lobule,18,34,-16
LatentSpace_v137,Culmen,25,34,-9
LatentSpace_v137,Declive (VI),23,28,-5
LatentSpace_v137,Folium-tuber vermis (VII),24,31,-7
LatentSpace_v137,Pyramus (VIII),25,32,-7
LatentSpace_v137,Uvula (IX),12,34,-22
LatentSpace_v137,Nodulus (X),13,35,-22
LatentSpace_v137,Simple lobule,22,29,-7
LatentSpace_v137,Crus 1,21,26,-5
LatentSpace_v137,Crus 2,21,27,-6
LatentSpace_v137,Paramedian lobule,22,33,-11
LatentSpace_v137,Copula pyramidis,25,34,-9
LatentSpace_v137,Flocculus,30,34,-4
LatentSpace_v137,Paraflocculus,23,36,-13
LatentSpace_v137,Cerebellar nuclei,15,11,4
LatentSpace_v138,Cortical subplate-other,10,15,-5
LatentSpace_v138,Claustrum,27,33,-6
LatentSpace_v138,Endopiriform nucleus,19,32,-13
LatentSpace_v138,Olfactory areas-other,10,33,-23
LatentSpace_v138,Postpiriform transition area,9,27,-18
LatentSpace_v138,Piriform area,20,34,-14
LatentSpace_v138,Taenia tecta,14,28,-14
LatentSpace_v138,Cortical amygdalar area,4,19,-15
LatentSpace_v138,Piriform-amygdalar area,7,28,-21
LatentSpace_v138,Main olfactory bulb,7,10,-3
LatentSpace_v138,Accessory olfactory bulb,32,19,13
LatentSpace_v138,Anterior olfactory nucleus,10,32,-22
LatentSpace_v138,Subiculum,6,35,-29
LatentSpace_v138,Entorhinal area,20,22,-2
LatentSpace_v138,Field CA1,9,25,-16
LatentSpace_v138,Field CA2,9,14,-5
LatentSpace_v138,Field CA3,6,8,-2
LatentSpace_v138,Dentate gyrus,11,3,8
LatentSpace_v138,Anterior cingulate area,37,39,-2
LatentSpace_v138,Infralimbic area,9,26,-17
LatentSpace_v138,Retrosplenial area,24,36,-12
LatentSpace_v138,Prelimbic area,26,35,-9
LatentSpace_v138,Primary auditory area,37,38,-1
LatentSpace_v138,Dorsal auditory area,36,38,-2
LatentSpace_v138,Ventral auditory area,38,38,0
LatentSpace_v138,Agranular insular area,28,37,-9
LatentSpace_v138,Ectorhinal area,23,33,-10
LatentSpace_v138,Primary motor area,36,38,-2
LatentSpace_v138,Secondary motor area,37,38,-1
LatentSpace_v138,"Frontal pole, cerebral cortex",36,40,-4
LatentSpace_v138,Orbital area,24,35,-11
LatentSpace_v138,Posterior parietal association areas,35,38,-3
LatentSpace_v138,Perirhinal area,20,32,-12
LatentSpace_v138,Primary somatosensory area,35,35,0
LatentSpace_v138,Supplemental somatosensory area,38,38,0
LatentSpace_v138,Temporal association areas,31,33,-2
LatentSpace_v138,Visual areas,35,38,-3
LatentSpace_v138,Pallidum,7,6,1
LatentSpace_v138,Striatum ventral region,7,3,4
LatentSpace_v138,Lateral septal complex,10,4,6
LatentSpace_v138,Caudoputamen,3,3,0
LatentSpace_v138,Medial amygdalar nucleus,10,7,3
LatentSpace_v138,Hypothalamus,6,9,-3
LatentSpace_v138,Thalamus,10,1,9
LatentSpace_v138,Inferior colliculus,7,9,-2
LatentSpace_v138,"Superior colliculus, sensory related",9,10,-1
LatentSpace_v138,Midbrain raphe nuclei,15,12,3
LatentSpace_v138,Midbrain-other,13,10,3
LatentSpace_v138,Periaqueductal gray,12,11,1
LatentSpace_v138,Pons,11,9,2
LatentSpace_v138,Medulla,11,9,2
LatentSpace_v138,Lingula (I),15,34,-19
LatentSpace_v138,Central lobule,22,34,-12
LatentSpace_v138,Culmen,29,34,-5
LatentSpace_v138,Declive (VI),23,28,-5
LatentSpace_v138,Folium-tuber vermis (VII),23,31,-8
LatentSpace_v138,Pyramus (VIII),24,32,-8
LatentSpace_v138,Uvula (IX),20,34,-14
LatentSpace_v138,Nodulus (X),16,35,-19
LatentSpace_v138,Simple lobule,23,29,-6
LatentSpace_v138,Crus 1,23,26,-3
LatentSpace_v138,Crus 2,22,27,-5
LatentSpace_v138,Paramedian lobule,22,33,-11
LatentSpace_v138,Copula pyramidis,27,34,-7
LatentSpace_v138,Flocculus,18,34,-16
LatentSpace_v138,Paraflocculus,25,36,-11
LatentSpace_v138,Cerebellar nuclei,16,11,5
LatentSpace_v139,Cortical subplate-other,11,15,-4
LatentSpace_v139,Claustrum,32,33,-1
LatentSpace_v139,Endopiriform nucleus,15,32,-17
LatentSpace_v139,Olfactory areas-other,23,33,-10
LatentSpace_v139,Postpiriform transition area,13,27,-14
LatentSpace_v139,Piriform area,20,34,-14
LatentSpace_v139,Taenia tecta,13,28,-15
LatentSpace_v139,Cortical amygdalar area,10,19,-9
LatentSpace_v139,Piriform-amygdalar area,11,28,-17
LatentSpace_v139,Main olfactory bulb,20,10,10
LatentSpace_v139,Accessory olfactory bulb,29,19,10
LatentSpace_v139,Anterior olfactory nucleus,17,32,-15
LatentSpace_v139,Subiculum,8,35,-27
LatentSpace_v139,Entorhinal area,21,22,-1
LatentSpace_v139,Field CA1,8,25,-17
LatentSpace_v139,Field CA2,6,14,-8
LatentSpace_v139,Field CA3,5,8,-3
LatentSpace_v139,Dentate gyrus,9,3,6
LatentSpace_v139,Anterior cingulate area,37,39,-2
LatentSpace_v139,Infralimbic area,18,26,-8
LatentSpace_v139,Retrosplenial area,22,36,-14
LatentSpace_v139,Prelimbic area,31,35,-4
LatentSpace_v139,Primary auditory area,35,38,-3
LatentSpace_v139,Dorsal auditory area,30,38,-8
LatentSpace_v139,Ventral auditory area,37,38,-1
LatentSpace_v139,Agranular insular area,23,37,-14
LatentSpace_v139,Ectorhinal area,27,33,-6
LatentSpace_v139,Primary motor area,35,38,-3
LatentSpace_v139,Secondary motor area,35,38,-3
LatentSpace_v139,"Frontal pole, cerebral cortex",34,40,-6
LatentSpace_v139,Orbital area,25,35,-10
LatentSpace_v139,Posterior parietal association areas,30,38,-8
LatentSpace_v139,Perirhinal area,24,32,-8
LatentSpace_v139,Primary somatosensory area,23,35,-12
LatentSpace_v139,Supplemental somatosensory area,36,38,-2
LatentSpace_v139,Temporal association areas,34,33,1
LatentSpace_v139,Visual areas,25,38,-13
LatentSpace_v139,Pallidum,8,6,2
LatentSpace_v139,Striatum ventral region,10,3,7
LatentSpace_v139,Lateral septal complex,8,4,4
LatentSpace_v139,Caudoputamen,3,3,0
LatentSpace_v139,Medial amygdalar nucleus,11,7,4
LatentSpace_v139,Hypothalamus,8,9,-1
LatentSpace_v139,Thalamus,10,1,9
LatentSpace_v139,Inferior colliculus,6,9,-3
LatentSpace_v139,"Superior colliculus, sensory related",5,10,-5
LatentSpace_v139,Midbrain raphe nuclei,14,12,2
LatentSpace_v139,Midbrain-other,13,10,3
LatentSpace_v139,Periaqueductal gray,9,11,-2
LatentSpace_v139,Pons,10,9,1
LatentSpace_v139,Medulla,32,9,23
LatentSpace_v139,Lingula (I),13,34,-21
LatentSpace_v139,Central lobule,13,34,-21
LatentSpace_v139,Culmen,29,34,-5
LatentSpace_v139,Declive (VI),22,28,-6
LatentSpace_v139,Folium-tuber vermis (VII),23,31,-8
LatentSpace_v139,Pyramus (VIII),24,32,-8
LatentSpace_v139,Uvula (IX),25,34,-9
LatentSpace_v139,Nodulus (X),16,35,-19
LatentSpace_v139,Simple lobule,23,29,-6
LatentSpace_v139,Crus 1,22,26,-4
LatentSpace_v139,Crus 2,22,27,-5
LatentSpace_v139,Paramedian lobule,23,33,-10
LatentSpace_v139,Copula pyramidis,23,34,-11
LatentSpace_v139,Flocculus,29,34,-5
LatentSpace_v139,Paraflocculus,24,36,-12
LatentSpace_v139,Cerebellar nuclei,34,11,23
LatentSpace_v140,Cortical subplate-other,10,15,-5
LatentSpace_v140,Claustrum,27,33,-6
LatentSpace_v140,Endopiriform nucleus,20,32,-12
LatentSpace_v140,Olfactory areas-other,21,33,-12
LatentSpace_v140,Postpiriform transition area,12,27,-15
LatentSpace_v140,Piriform area,19,34,-15
LatentSpace_v140,Taenia tecta,12,28,-16
LatentSpace_v140,Cortical amygdalar area,10,19,-9
LatentSpace_v140,Piriform-amygdalar area,11,28,-17
LatentSpace_v140,Main olfactory bulb,11,10,1
LatentSpace_v140,Accessory olfactory bulb,35,19,16
LatentSpace_v140,Anterior olfactory nucleus,22,32,-10
LatentSpace_v140,Subiculum,4,35,-31
LatentSpace_v140,Entorhinal area,17,22,-5
LatentSpace_v140,Field CA1,8,25,-17
LatentSpace_v140,Field CA2,26,14,12
LatentSpace_v140,Field CA3,6,8,-2
LatentSpace_v140,Dentate gyrus,8,3,5
LatentSpace_v140,Anterior cingulate area,40,39,1
LatentSpace_v140,Infralimbic area,20,26,-6
LatentSpace_v140,Retrosplenial area,26,36,-10
LatentSpace_v140,Prelimbic area,35,35,0
LatentSpace_v140,Primary auditory area,37,38,-1
LatentSpace_v140,Dorsal auditory area,35,38,-3
LatentSpace_v140,Ventral auditory area,40,38,2
LatentSpace_v140,Agranular insular area,24,37,-13
LatentSpace_v140,Ectorhinal area,25,33,-8
LatentSpace_v140,Primary motor area,35,38,-3
LatentSpace_v140,Secondary motor area,38,38,0
LatentSpace_v140,"Frontal pole, cerebral cortex",39,40,-1
LatentSpace_v140,Orbital area,28,35,-7
LatentSpace_v140,Posterior parietal association areas,35,38,-3
LatentSpace_v140,Perirhinal area,25,32,-7
LatentSpace_v140,Primary somatosensory area,28,35,-7
LatentSpace_v140,Supplemental somatosensory area,37,38,-1
LatentSpace_v140,Temporal association areas,32,33,-1
LatentSpace_v140,Visual areas,35,38,-3
LatentSpace_v140,Pallidum,6,6,0
LatentSpace_v140,Striatum ventral region,7,3,4
LatentSpace_v140,Lateral septal complex,10,4,6
LatentSpace_v140,Caudoputamen,3,3,0
LatentSpace_v140,Medial amygdalar nucleus,6,7,-1
LatentSpace_v140,Hypothalamus,5,9,-4
LatentSpace_v140,Thalamus,10,1,9
LatentSpace_v140,Inferior colliculus,8,9,-1
LatentSpace_v140,"Superior colliculus, sensory related",4,10,-6
LatentSpace_v140,Midbrain raphe nuclei,14,12,2
LatentSpace_v140,Midbrain-other,10,10,0
LatentSpace_v140,Periaqueductal gray,10,11,-1
LatentSpace_v140,Pons,8,9,-1
LatentSpace_v140,Medulla,9,9,0
LatentSpace_v140,Lingula (I),17,34,-17
LatentSpace_v140,Central lobule,32,34,-2
LatentSpace_v140,Culmen,30,34,-4
LatentSpace_v140,Declive (VI),23,28,-5
LatentSpace_v140,Folium-tuber vermis (VII),25,31,-6
LatentSpace_v140,Pyramus (VIII),31,32,-1
LatentSpace_v140,Uvula (IX),32,34,-2
LatentSpace_v140,Nodulus (X),21,35,-14
LatentSpace_v140,Simple lobule,23,29,-6
LatentSpace_v140,Crus 1,23,26,-3
LatentSpace_v140,Crus 2,23,27,-4
LatentSpace_v140,Paramedian lobule,24,33,-9
LatentSpace_v140,Copula pyramidis,32,34,-2
LatentSpace_v140,Flocculus,31,34,-3
LatentSpace_v140,Paraflocculus,30,36,-6
LatentSpace_v140,Cerebellar nuclei,19,11,8
LatentSpace_v141,Cortical subplate-other,13,15,-2
LatentSpace_v141,Claustrum,23,33,-10
LatentSpace_v141,Endopiriform nucleus,18,32,-14
LatentSpace_v141,Olfactory areas-other,23,33,-10
LatentSpace_v141,Postpiriform transition area,13,27,-14
LatentSpace_v141,Piriform area,21,34,-13
LatentSpace_v141,Taenia tecta,13,28,-15
LatentSpace_v141,Cortical amygdalar area,11,19,-8
LatentSpace_v141,Piriform-amygdalar area,13,28,-15
LatentSpace_v141,Main olfactory bulb,42,10,32
LatentSpace_v141,Accessory olfactory bulb,28,19,9
LatentSpace_v141,Anterior olfactory nucleus,22,32,-10
LatentSpace_v141,Subiculum,3,35,-32
LatentSpace_v141,Entorhinal area,18,22,-4
LatentSpace_v141,Field CA1,5,25,-20
LatentSpace_v141,Field CA2,7,14,-7
LatentSpace_v141,Field CA3,6,8,-2
LatentSpace_v141,Dentate gyrus,7,3,4
LatentSpace_v141,Anterior cingulate area,33,39,-6
LatentSpace_v141,Infralimbic area,11,26,-15
LatentSpace_v141,Retrosplenial area,24,36,-12
LatentSpace_v141,Prelimbic area,25,35,-10
LatentSpace_v141,Primary auditory area,35,38,-3
LatentSpace_v141,Dorsal auditory area,35,38,-3
LatentSpace_v141,Ventral auditory area,33,38,-5
LatentSpace_v141,Agranular insular area,23,37,-14
LatentSpace_v141,Ectorhinal area,23,33,-10
LatentSpace_v141,Primary motor area,35,38,-3
LatentSpace_v141,Secondary motor area,35,38,-3
LatentSpace_v141,"Frontal pole, cerebral cortex",28,40,-12
LatentSpace_v141,Orbital area,25,35,-10
LatentSpace_v141,Posterior parietal association areas,35,38,-3
LatentSpace_v141,Perirhinal area,22,32,-10
LatentSpace_v141,Primary somatosensory area,29,35,-6
LatentSpace_v141,Supplemental somatosensory area,36,38,-2
LatentSpace_v141,Temporal association areas,23,33,-10
LatentSpace_v141,Visual areas,35,38,-3
LatentSpace_v141,Pallidum,14,6,8
LatentSpace_v141,Striatum ventral region,9,3,6
LatentSpace_v141,Lateral septal complex,12,4,8
LatentSpace_v141,Caudoputamen,3,3,0
LatentSpace_v141,Medial amygdalar nucleus,12,7,5
LatentSpace_v141,Hypothalamus,14,9,5
LatentSpace_v141,Thalamus,10,1,9
LatentSpace_v141,Inferior colliculus,9,9,0
LatentSpace_v141,"Superior colliculus, sensory related",6,10,-4
LatentSpace_v141,Midbrain raphe nuclei,16,12,4
LatentSpace_v141,Midbrain-other,12,10,2
LatentSpace_v141,Periaqueductal gray,11,11,0
LatentSpace_v141,Pons,7,9,-2
LatentSpace_v141,Medulla,6,9,-3
LatentSpace_v141,Lingula (I),24,34,-10
LatentSpace_v141,Central lobule,27,34,-7
LatentSpace_v141,Culmen,25,34,-9
LatentSpace_v141,Declive (VI),23,28,-5
LatentSpace_v141,Folium-tuber vermis (VII),23,31,-8
LatentSpace_v141,Pyramus (VIII),25,32,-7
LatentSpace_v141,Uvula (IX),34,34,0
LatentSpace_v141,Nodulus (X),30,35,-5
LatentSpace_v141,Simple lobule,22,29,-7
LatentSpace_v141,Crus 1,22,26,-4
LatentSpace_v141,Crus 2,21,27,-6
LatentSpace_v141,Paramedian lobule,23,33,-10
LatentSpace_v141,Copula pyramidis,30,34,-4
LatentSpace_v141,Flocculus,23,34,-11
LatentSpace_v141,Paraflocculus,32,36,-4
LatentSpace_v141,Cerebellar nuclei,13,11,2
LatentSpace_v142,Cortical subplate-other,11,15,-4
LatentSpace_v142,Claustrum,14,33,-19
LatentSpace_v142,Endopiriform nucleus,11,32,-21
LatentSpace_v142,Olfactory areas-other,16,33,-17
LatentSpace_v142,Postpiriform transition area,7,27,-20
LatentSpace_v142,Piriform area,11,34,-23
LatentSpace_v142,Taenia tecta,14,28,-14
LatentSpace_v142,Cortical amygdalar area,7,19,-12
LatentSpace_v142,Piriform-amygdalar area,5,28,-23
LatentSpace_v142,Main olfactory bulb,17,10,7
LatentSpace_v142,Accessory olfactory bulb,25,19,6
LatentSpace_v142,Anterior olfactory nucleus,15,32,-17
LatentSpace_v142,Subiculum,19,35,-16
LatentSpace_v142,Entorhinal area,12,22,-10
LatentSpace_v142,Field CA1,14,25,-11
LatentSpace_v142,Field CA2,18,14,4
LatentSpace_v142,Field CA3,6,8,-2
LatentSpace_v142,Dentate gyrus,6,3,3
LatentSpace_v142,Anterior cingulate area,32,39,-7
LatentSpace_v142,Infralimbic area,13,26,-13
LatentSpace_v142,Retrosplenial area,25,36,-11
LatentSpace_v142,Prelimbic area,28,35,-7
LatentSpace_v142,Primary auditory area,35,38,-3
LatentSpace_v142,Dorsal auditory area,35,38,-3
LatentSpace_v142,Ventral auditory area,36,38,-2
LatentSpace_v142,Agranular insular area,16,37,-21
LatentSpace_v142,Ectorhinal area,22,33,-11
LatentSpace_v142,Primary motor area,35,38,-3
LatentSpace_v142,Secondary motor area,32,38,-6
LatentSpace_v142,"Frontal pole, cerebral cortex",23,40,-17
LatentSpace_v142,Orbital area,23,35,-12
LatentSpace_v142,Posterior parietal association areas,35,38,-3
LatentSpace_v142,Perirhinal area,17,32,-15
LatentSpace_v142,Primary somatosensory area,28,35,-7
LatentSpace_v142,Supplemental somatosensory area,35,38,-3
LatentSpace_v142,Temporal association areas,29,33,-4
LatentSpace_v142,Visual areas,35,38,-3
LatentSpace_v142,Pallidum,7,6,1
LatentSpace_v142,Striatum ventral region,8,3,5
LatentSpace_v142,Lateral septal complex,12,4,8
LatentSpace_v142,Caudoputamen,3,3,0
LatentSpace_v142,Medial amygdalar nucleus,11,7,4
LatentSpace_v142,Hypothalamus,4,9,-5
LatentSpace_v142,Thalamus,5,1,4
LatentSpace_v142,Inferior colliculus,11,9,2
LatentSpace_v142,"Superior colliculus, sensory related",11,10,1
LatentSpace_v142,Midbrain raphe nuclei,14,12,2
LatentSpace_v142,Midbrain-other,12,10,2
LatentSpace_v142,Periaqueductal gray,13,11,2
LatentSpace_v142,Pons,10,9,1
LatentSpace_v142,Medulla,12,9,3
LatentSpace_v142,Lingula (I),14,34,-20
LatentSpace_v142,Central lobule,15,34,-19
LatentSpace_v142,Culmen,25,34,-9
LatentSpace_v142,Declive (VI),23,28,-5
LatentSpace_v142,Folium-tuber vermis (VII),23,31,-8
LatentSpace_v142,Pyramus (VIII),24,32,-8
LatentSpace_v142,Uvula (IX),21,34,-13
LatentSpace_v142,Nodulus (X),17,35,-18
LatentSpace_v142,Simple lobule,22,29,-7
LatentSpace_v142,Crus 1,21,26,-5
LatentSpace_v142,Crus 2,21,27,-6
LatentSpace_v142,Paramedian lobule,23,33,-10
LatentSpace_v142,Copula pyramidis,28,34,-6
LatentSpace_v142,Flocculus,30,34,-4
LatentSpace_v142,Paraflocculus,23,36,-13
LatentSpace_v142,Cerebellar nuclei,13,11,2
LatentSpace_v143,Cortical subplate-other,8,15,-7
LatentSpace_v143,Claustrum,23,33,-10
LatentSpace_v143,Endopiriform nucleus,13,32,-19
LatentSpace_v143,Olfactory areas-other,8,33,-25
LatentSpace_v143,Postpiriform transition area,8,27,-19
LatentSpace_v143,Piriform area,11,34,-23
LatentSpace_v143,Taenia tecta,14,28,-14
LatentSpace_v143,Cortical amygdalar area,9,19,-10
LatentSpace_v143,Piriform-amygdalar area,6,28,-22
LatentSpace_v143,Main olfactory bulb,33,10,23
LatentSpace_v143,Accessory olfactory bulb,9,19,-10
LatentSpace_v143,Anterior olfactory nucleus,7,32,-25
LatentSpace_v143,Subiculum,3,35,-32
LatentSpace_v143,Entorhinal area,12,22,-10
LatentSpace_v143,Field CA1,5,25,-20
LatentSpace_v143,Field CA2,6,14,-8
LatentSpace_v143,Field CA3,6,8,-2
LatentSpace_v143,Dentate gyrus,10,3,7
LatentSpace_v143,Anterior cingulate area,37,39,-2
LatentSpace_v143,Infralimbic area,11,26,-15
LatentSpace_v143,Retrosplenial area,20,36,-16
LatentSpace_v143,Prelimbic area,26,35,-9
LatentSpace_v143,Primary auditory area,35,38,-3
LatentSpace_v143,Dorsal auditory area,35,38,-3
LatentSpace_v143,Ventral auditory area,37,38,-1
LatentSpace_v143,Agranular insular area,23,37,-14
LatentSpace_v143,Ectorhinal area,22,33,-11
LatentSpace_v143,Primary motor area,35,38,-3
LatentSpace_v143,Secondary motor area,35,38,-3
LatentSpace_v143,"Frontal pole, cerebral cortex",31,40,-9
LatentSpace_v143,Orbital area,25,35,-10
LatentSpace_v143,Posterior parietal association areas,31,38,-7
LatentSpace_v143,Perirhinal area,17,32,-15
LatentSpace_v143,Primary somatosensory area,32,35,-3
LatentSpace_v143,Supplemental somatosensory area,37,38,-1
LatentSpace_v143,Temporal association areas,30,33,-3
LatentSpace_v143,Visual areas,33,38,-5
LatentSpace_v143,Pallidum,11,6,5
LatentSpace_v143,Striatum ventral region,7,3,4
LatentSpace_v143,Lateral septal complex,11,4,7
LatentSpace_v143,Caudoputamen,3,3,0
LatentSpace_v143,Medial amygdalar nucleus,8,7,1
LatentSpace_v143,Hypothalamus,11,9,2
LatentSpace_v143,Thalamus,10,1,9
LatentSpace_v143,Inferior colliculus,6,9,-3
LatentSpace_v143,"Superior colliculus, sensory related",9,10,-1
LatentSpace_v143,Midbrain raphe nuclei,15,12,3
LatentSpace_v143,Midbrain-other,14,10,4
LatentSpace_v143,Periaqueductal gray,13,11,2
LatentSpace_v143,Pons,12,9,3
LatentSpace_v143,Medulla,11,9,2
LatentSpace_v143,Lingula (I),11,34,-23
LatentSpace_v143,Central lobule,13,34,-21
LatentSpace_v143,Culmen,23,34,-11
LatentSpace_v143,Declive (VI),23,28,-5
LatentSpace_v143,Folium-tuber vermis (VII),23,31,-8
LatentSpace_v143,Pyramus (VIII),25,32,-7
LatentSpace_v143,Uvula (IX),16,34,-18
LatentSpace_v143,Nodulus (X),14,35,-21
LatentSpace_v143,Simple lobule,22,29,-7
LatentSpace_v143,Crus 1,22,26,-4
LatentSpace_v143,Crus 2,22,27,-5
LatentSpace_v143,Paramedian lobule,23,33,-10
LatentSpace_v143,Copula pyramidis,32,34,-2
LatentSpace_v143,Flocculus,15,34,-19
LatentSpace_v143,Paraflocculus,30,36,-6
LatentSpace_v143,Cerebellar nuclei,13,11,2
LatentSpace_v144,Cortical subplate-other,8,15,-7
LatentSpace_v144,Claustrum,18,33,-15
LatentSpace_v144,Endopiriform nucleus,12,32,-20
LatentSpace_v144,Olfactory areas-other,14,33,-19
LatentSpace_v144,Postpiriform transition area,10,27,-17
LatentSpace_v144,Piriform area,9,34,-25
LatentSpace_v144,Taenia tecta,13,28,-15
LatentSpace_v144,Cortical amygdalar area,7,19,-12
LatentSpace_v144,Piriform-amygdalar area,7,28,-21
LatentSpace_v144,Main olfactory bulb,5,10,-5
LatentSpace_v144,Accessory olfactory bulb,22,19,3
LatentSpace_v144,Anterior olfactory nucleus,13,32,-19
LatentSpace_v144,Subiculum,3,35,-32
LatentSpace_v144,Entorhinal area,10,22,-12
LatentSpace_v144,Field CA1,5,25,-20
LatentSpace_v144,Field CA2,8,14,-6
LatentSpace_v144,Field CA3,5,8,-3
LatentSpace_v144,Dentate gyrus,6,3,3
LatentSpace_v144,Anterior cingulate area,35,39,-4
LatentSpace_v144,Infralimbic area,12,26,-14
LatentSpace_v144,Retrosplenial area,25,36,-11
LatentSpace_v144,Prelimbic area,25,35,-10
LatentSpace_v144,Primary auditory area,35,38,-3
LatentSpace_v144,Dorsal auditory area,35,38,-3
LatentSpace_v144,Ventral auditory area,34,38,-4
LatentSpace_v144,Agranular insular area,19,37,-18
LatentSpace_v144,Ectorhinal area,23,33,-10
LatentSpace_v144,Primary motor area,35,38,-3
LatentSpace_v144,Secondary motor area,36,38,-2
LatentSpace_v144,"Frontal pole, cerebral cortex",32,40,-8
LatentSpace_v144,Orbital area,24,35,-11
LatentSpace_v144,Posterior parietal association areas,35,38,-3
LatentSpace_v144,Perirhinal area,18,32,-14
LatentSpace_v144,Primary somatosensory area,31,35,-4
LatentSpace_v144,Supplemental somatosensory area,36,38,-2
LatentSpace_v144,Temporal association areas,29,33,-4
LatentSpace_v144,Visual areas,35,38,-3
LatentSpace_v144,Pallidum,10,6,4
LatentSpace_v144,Striatum ventral region,9,3,6
LatentSpace_v144,Lateral septal complex,15,4,11
LatentSpace_v144,Caudoputamen,4,3,1
LatentSpace_v144,Medial amygdalar nucleus,9,7,2
LatentSpace_v144,Hypothalamus,8,9,-1
LatentSpace_v144,Thalamus,7,1,6
LatentSpace_v144,Inferior colliculus,10,9,1
LatentSpace_v144,"Superior colliculus, sensory related",5,10,-5
LatentSpace_v144,Midbrain raphe nuclei,15,12,3
LatentSpace_v144,Midbrain-other,13,10,3
LatentSpace_v144,Periaqueductal gray,12,11,1
LatentSpace_v144,Pons,11,9,2
LatentSpace_v144,Medulla,9,9,0
LatentSpace_v144,Lingula (I),17,34,-17
LatentSpace_v144,Central lobule,29,34,-5
LatentSpace_v144,Culmen,29,34,-5
LatentSpace_v144,Declive (VI),23,28,-5
LatentSpace_v144,Folium-tuber vermis (VII),23,31,-8
LatentSpace_v144,Pyramus (VIII),26,32,-6
LatentSpace_v144,Uvula (IX),33,34,-1
LatentSpace_v144,Nodulus (X),14,35,-21
LatentSpace_v144,Simple lobule,22,29,-7
LatentSpace_v144,Crus 1,22,26,-4
LatentSpace_v144,Crus 2,22,27,-5
LatentSpace_v144,Paramedian lobule,23,33,-10
LatentSpace_v144,Copula pyramidis,25,34,-9
LatentSpace_v144,Flocculus,34,34,0
LatentSpace_v144,Paraflocculus,24,36,-12
LatentSpace_v144,Cerebellar nuclei,10,11,-1
LatentSpace_v145,Cortical subplate-other,11,15,-4
LatentSpace_v145,Claustrum,20,33,-13
LatentSpace_v145,Endopiriform nucleus,18,32,-14
LatentSpace_v145,Olfactory areas-other,16,33,-17
LatentSpace_v145,Postpiriform transition area,13,27,-14
LatentSpace_v145,Piriform area,19,34,-15
LatentSpace_v145,Taenia tecta,12,28,-16
LatentSpace_v145,Cortical amygdalar area,10,19,-9
LatentSpace_v145,Piriform-amygdalar area,11,28,-17
LatentSpace_v145,Main olfactory bulb,7,10,-3
LatentSpace_v145,Accessory olfactory bulb,21,19,2
LatentSpace_v145,Anterior olfactory nucleus,13,32,-19
LatentSpace_v145,Subiculum,7,35,-28
LatentSpace_v145,Entorhinal area,15,22,-7
LatentSpace_v145,Field CA1,7,25,-18
LatentSpace_v145,Field CA2,12,14,-2
LatentSpace_v145,Field CA3,6,8,-2
LatentSpace_v145,Dentate gyrus,10,3,7
LatentSpace_v145,Anterior cingulate area,35,39,-4
LatentSpace_v145,Infralimbic area,11,26,-15
LatentSpace_v145,Retrosplenial area,25,36,-11
LatentSpace_v145,Prelimbic area,29,35,-6
LatentSpace_v145,Primary auditory area,35,38,-3
LatentSpace_v145,Dorsal auditory area,35,38,-3
LatentSpace_v145,Ventral auditory area,38,38,0
LatentSpace_v145,Agranular insular area,28,37,-9
LatentSpace_v145,Ectorhinal area,24,33,-9
LatentSpace_v145,Primary motor area,35,38,-3
LatentSpace_v145,Secondary motor area,36,38,-2
LatentSpace_v145,"Frontal pole, cerebral cortex",36,40,-4
LatentSpace_v145,Orbital area,25,35,-10
LatentSpace_v145,Posterior parietal association areas,32,38,-6
LatentSpace_v145,Perirhinal area,23,32,-9
LatentSpace_v145,Primary somatosensory area,29,35,-6
LatentSpace_v145,Supplemental somatosensory area,37,38,-1
LatentSpace_v145,Temporal association areas,32,33,-1
LatentSpace_v145,Visual areas,30,38,-8
LatentSpace_v145,Pallidum,7,6,1
LatentSpace_v145,Striatum ventral region,5,3,2
LatentSpace_v145,Lateral septal complex,9,4,5
LatentSpace_v145,Caudoputamen,3,3,0
LatentSpace_v145,Medial amygdalar nucleus,6,7,-1
LatentSpace_v145,Hypothalamus,7,9,-2
LatentSpace_v145,Thalamus,6,1,5
LatentSpace_v145,Inferior colliculus,22,9,13
LatentSpace_v145,"Superior colliculus, sensory related",6,10,-4
LatentSpace_v145,Midbrain raphe nuclei,14,12,2
LatentSpace_v145,Midbrain-other,10,10,0
LatentSpace_v145,Periaqueductal gray,12,11,1
LatentSpace_v145,Pons,7,9,-2
LatentSpace_v145,Medulla,11,9,2
LatentSpace_v145,Lingula (I),13,34,-21
LatentSpace_v145,Central lobule,6,34,-28
LatentSpace_v145,Culmen,24,34,-10
LatentSpace_v145,Declive (VI),23,28,-5
LatentSpace_v145,Folium-tuber vermis (VII),23,31,-8
LatentSpace_v145,Pyramus (VIII),27,32,-5
LatentSpace_v145,Uvula (IX),19,34,-15
LatentSpace_v145,Nodulus (X),16,35,-19
LatentSpace_v145,Simple lobule,22,29,-7
LatentSpace_v145,Crus 1,22,26,-4
LatentSpace_v145,Crus 2,22,27,-5
LatentSpace_v145,Paramedian lobule,25,33,-8
LatentSpace_v145,Copula pyramidis,28,34,-6
LatentSpace_v145,Flocculus,13,34,-21
LatentSpace_v145,Paraflocculus,30,36,-6
LatentSpace_v145,Cerebellar nuclei,32,11,21
LatentSpace_v146,Cortical subplate-other,8,15,-7
LatentSpace_v146,Claustrum,22,33,-11
LatentSpace_v146,Endopiriform nucleus,6,32,-26
LatentSpace_v146,Olfactory areas-other,9,33,-24
LatentSpace_v146,Postpiriform transition area,9,27,-18
LatentSpace_v146,Piriform area,15,34,-19
LatentSpace_v146,Taenia tecta,11,28,-17
LatentSpace_v146,Cortical amygdalar area,7,19,-12
LatentSpace_v146,Piriform-amygdalar area,6,28,-22
LatentSpace_v146,Main olfactory bulb,8,10,-2
LatentSpace_v146,Accessory olfactory bulb,23,19,4
LatentSpace_v146,Anterior olfactory nucleus,8,32,-24
LatentSpace_v146,Subiculum,7,35,-28
LatentSpace_v146,Entorhinal area,10,22,-12
LatentSpace_v146,Field CA1,8,25,-17
LatentSpace_v146,Field CA2,8,14,-6
LatentSpace_v146,Field CA3,8,8,0
LatentSpace_v146,Dentate gyrus,7,3,4
LatentSpace_v146,Anterior cingulate area,34,39,-5
LatentSpace_v146,Infralimbic area,11,26,-15
LatentSpace_v146,Retrosplenial area,24,36,-12
LatentSpace_v146,Prelimbic area,25,35,-10
LatentSpace_v146,Primary auditory area,36,38,-2
LatentSpace_v146,Dorsal auditory area,35,38,-3
LatentSpace_v146,Ventral auditory area,37,38,-1
LatentSpace_v146,Agranular insular area,23,37,-14
LatentSpace_v146,Ectorhinal area,22,33,-11
LatentSpace_v146,Primary motor area,35,38,-3
LatentSpace_v146,Secondary motor area,35,38,-3
LatentSpace_v146,"Frontal pole, cerebral cortex",33,40,-7
LatentSpace_v146,Orbital area,22,35,-13
LatentSpace_v146,Posterior parietal association areas,35,38,-3
LatentSpace_v146,Perirhinal area,14,32,-18
LatentSpace_v146,Primary somatosensory area,31,35,-4
LatentSpace_v146,Supplemental somatosensory area,35,38,-3
LatentSpace_v146,Temporal association areas,27,33,-6
LatentSpace_v146,Visual areas,35,38,-3
LatentSpace_v146,Pallidum,6,6,0
LatentSpace_v146,Striatum ventral region,5,3,2
LatentSpace_v146,Lateral septal complex,8,4,4
LatentSpace_v146,Caudoputamen,3,3,0
LatentSpace_v146,Medial amygdalar nucleus,9,7,2
LatentSpace_v146,Hypothalamus,6,9,-3
LatentSpace_v146,Thalamus,4,1,3
LatentSpace_v146,Inferior colliculus,10,9,1
LatentSpace_v146,"Superior colliculus, sensory related",10,10,0
LatentSpace_v146,Midbrain raphe nuclei,14,12,2
LatentSpace_v146,Midbrain-other,12,10,2
LatentSpace_v146,Periaqueductal gray,12,11,1
LatentSpace_v146,Pons,10,9,1
LatentSpace_v146,Medulla,11,9,2
LatentSpace_v146,Lingula (I),13,34,-21
LatentSpace_v146,Central lobule,10,34,-24
LatentSpace_v146,Culmen,24,34,-10
LatentSpace_v146,Declive (VI),23,28,-5
LatentSpace_v146,Folium-tuber vermis (VII),23,31,-8
LatentSpace_v146,Pyramus (VIII),23,32,-9
LatentSpace_v146,Uvula (IX),16,34,-18
LatentSpace_v146,Nodulus (X),13,35,-22
LatentSpace_v146,Simple lobule,22,29,-7
LatentSpace_v146,Crus 1,22,26,-4
LatentSpace_v146,Crus 2,23,27,-4
LatentSpace_v146,Paramedian lobule,23,33,-10
LatentSpace_v146,Copula pyramidis,24,34,-10
LatentSpace_v146,Flocculus,13,34,-21
LatentSpace_v146,Paraflocculus,24,36,-12
LatentSpace_v146,Cerebellar nuclei,13,11,2
LatentSpace_v147,Cortical subplate-other,10,15,-5
LatentSpace_v147,Claustrum,22,33,-11
LatentSpace_v147,Endopiriform nucleus,15,32,-17
LatentSpace_v147,Olfactory areas-other,8,33,-25
LatentSpace_v147,Postpiriform transition area,12,27,-15
LatentSpace_v147,Piriform area,11,34,-23
LatentSpace_v147,Taenia tecta,12,28,-16
LatentSpace_v147,Cortical amygdalar area,8,19,-11
LatentSpace_v147,Piriform-amygdalar area,12,28,-16
LatentSpace_v147,Main olfactory bulb,19,10,9
LatentSpace_v147,Accessory olfactory bulb,14,19,-5
LatentSpace_v147,Anterior olfactory nucleus,7,32,-25
LatentSpace_v147,Subiculum,4,35,-31
LatentSpace_v147,Entorhinal area,11,22,-11
LatentSpace_v147,Field CA1,8,25,-17
LatentSpace_v147,Field CA2,23,14,9
LatentSpace_v147,Field CA3,5,8,-3
LatentSpace_v147,Dentate gyrus,7,3,4
LatentSpace_v147,Anterior cingulate area,38,39,-1
LatentSpace_v147,Infralimbic area,10,26,-16
LatentSpace_v147,Retrosplenial area,25,36,-11
LatentSpace_v147,Prelimbic area,25,35,-10
LatentSpace_v147,Primary auditory area,37,38,-1
LatentSpace_v147,Dorsal auditory area,36,38,-2
LatentSpace_v147,Ventral auditory area,41,38,3
LatentSpace_v147,Agranular insular area,23,37,-14
LatentSpace_v147,Ectorhinal area,22,33,-11
LatentSpace_v147,Primary motor area,35,38,-3
LatentSpace_v147,Secondary motor area,36,38,-2
LatentSpace_v147,"Frontal pole, cerebral cortex",33,40,-7
LatentSpace_v147,Orbital area,24,35,-11
LatentSpace_v147,Posterior parietal association areas,35,38,-3
LatentSpace_v147,Perirhinal area,20,32,-12
LatentSpace_v147,Primary somatosensory area,33,35,-2
LatentSpace_v147,Supplemental somatosensory area,39,38,1
LatentSpace_v147,Temporal association areas,34,33,1
LatentSpace_v147,Visual areas,35,38,-3
LatentSpace_v147,Pallidum,9,6,3
LatentSpace_v147,Striatum ventral region,8,3,5
LatentSpace_v147,Lateral septal complex,11,4,7
LatentSpace_v147,Caudoputamen,3,3,0
LatentSpace_v147,Medial amygdalar nucleus,12,7,5
LatentSpace_v147,Hypothalamus,10,9,1
LatentSpace_v147,Thalamus,12,1,11
LatentSpace_v147,Inferior colliculus,10,9,1
LatentSpace_v147,"Superior colliculus, sensory related",14,10,4
LatentSpace_v147,Midbrain raphe nuclei,14,12,2
LatentSpace_v147,Midbrain-other,14,10,4
LatentSpace_v147,Periaqueductal gray,14,11,3
LatentSpace_v147,Pons,11,9,2
LatentSpace_v147,Medulla,10,9,1
LatentSpace_v147,Lingula (I),13,34,-21
LatentSpace_v147,Central lobule,23,34,-11
LatentSpace_v147,Culmen,26,34,-8
LatentSpace_v147,Declive (VI),23,28,-5
LatentSpace_v147,Folium-tuber vermis (VII),23,31,-8
LatentSpace_v147,Pyramus (VIII),23,32,-9
LatentSpace_v147,Uvula (IX),20,34,-14
LatentSpace_v147,Nodulus (X),13,35,-22
LatentSpace_v147,Simple lobule,23,29,-6
LatentSpace_v147,Crus 1,22,26,-4
LatentSpace_v147,Crus 2,22,27,-5
LatentSpace_v147,Paramedian lobule,23,33,-10
LatentSpace_v147,Copula pyramidis,25,34,-9
LatentSpace_v147,Flocculus,20,34,-14
LatentSpace_v147,Paraflocculus,24,36,-12
LatentSpace_v147,Cerebellar nuclei,15,11,4
LatentSpace_v148,Cortical subplate-other,12,15,-3
LatentSpace_v148,Claustrum,24,33,-9
LatentSpace_v148,Endopiriform nucleus,16,32,-16
LatentSpace_v148,Olfactory areas-other,14,33,-19
LatentSpace_v148,Postpiriform transition area,11,27,-16
LatentSpace_v148,Piriform area,20,34,-14
LatentSpace_v148,Taenia tecta,13,28,-15
LatentSpace_v148,Cortical amygdalar area,8,19,-11
LatentSpace_v148,Piriform-amygdalar area,9,28,-19
LatentSpace_v148,Main olfactory bulb,16,10,6
LatentSpace_v148,Accessory olfactory bulb,38,19,19
LatentSpace_v148,Anterior olfactory nucleus,12,32,-20
LatentSpace_v148,Subiculum,4,35,-31
LatentSpace_v148,Entorhinal area,13,22,-9
LatentSpace_v148,Field CA1,7,25,-18
LatentSpace_v148,Field CA2,7,14,-7
LatentSpace_v148,Field CA3,6,8,-2
LatentSpace_v148,Dentate gyrus,8,3,5
LatentSpace_v148,Anterior cingulate area,32,39,-7
LatentSpace_v148,Infralimbic area,12,26,-14
LatentSpace_v148,Retrosplenial area,25,36,-11
LatentSpace_v148,Prelimbic area,26,35,-9
LatentSpace_v148,Primary auditory area,36,38,-2
LatentSpace_v148,Dorsal auditory area,36,38,-2
LatentSpace_v148,Ventral auditory area,32,38,-6
LatentSpace_v148,Agranular insular area,24,37,-13
LatentSpace_v148,Ectorhinal area,23,33,-10
LatentSpace_v148,Primary motor area,35,38,-3
LatentSpace_v148,Secondary motor area,35,38,-3
LatentSpace_v148,"Frontal pole, cerebral cortex",30,40,-10
LatentSpace_v148,Orbital area,25,35,-10
LatentSpace_v148,Posterior parietal association areas,35,38,-3
LatentSpace_v148,Perirhinal area,18,32,-14
LatentSpace_v148,Primary somatosensory area,28,35,-7
LatentSpace_v148,Supplemental somatosensory area,36,38,-2
LatentSpace_v148,Temporal association areas,27,33,-6
LatentSpace_v148,Visual areas,35,38,-3
LatentSpace_v148,Pallidum,7,6,1
LatentSpace_v148,Striatum ventral region,6,3,3
LatentSpace_v148,Lateral septal complex,15,4,11
LatentSpace_v148,Caudoputamen,3,3,0
LatentSpace_v148,Medial amygdalar nucleus,10,7,3
LatentSpace_v148,Hypothalamus,8,9,-1
LatentSpace_v148,Thalamus,5,1,4
LatentSpace_v148,Inferior colliculus,5,9,-4
LatentSpace_v148,"Superior colliculus, sensory related",6,10,-4
LatentSpace_v148,Midbrain raphe nuclei,13,12,1
LatentSpace_v148,Midbrain-other,13,10,3
LatentSpace_v148,Periaqueductal gray,11,11,0
LatentSpace_v148,Pons,12,9,3
LatentSpace_v148,Medulla,13,9,4
LatentSpace_v148,Lingula (I),14,34,-20
LatentSpace_v148,Central lobule,12,34,-22
LatentSpace_v148,Culmen,24,34,-10
LatentSpace_v148,Declive (VI),22,28,-6
LatentSpace_v148,Folium-tuber vermis (VII),23,31,-8
LatentSpace_v148,Pyramus (VIII),29,32,-3
LatentSpace_v148,Uvula (IX),30,34,-4
LatentSpace_v148,Nodulus (X),16,35,-19
LatentSpace_v148,Simple lobule,22,29,-7
LatentSpace_v148,Crus 1,22,26,-4
LatentSpace_v148,Crus 2,22,27,-5
LatentSpace_v148,Paramedian lobule,25,33,-8
LatentSpace_v148,Copula pyramidis,25,34,-9
LatentSpace_v148,Flocculus,26,34,-8
LatentSpace_v148,Paraflocculus,23,36,-13
LatentSpace_v148,Cerebellar nuclei,15,11,4
LatentSpace_v149,Cortical subplate-other,12,15,-3
LatentSpace_v149,Claustrum,18,33,-15
LatentSpace_v149,Endopiriform nucleus,8,32,-24
LatentSpace_v149,Olfactory areas-other,14,33,-19
LatentSpace_v149,Postpiriform transition area,12,27,-15
LatentSpace_v149,Piriform area,10,34,-24
LatentSpace_v149,Taenia tecta,12,28,-16
LatentSpace_v149,Cortical amygdalar area,12,19,-7
LatentSpace_v149,Piriform-amygdalar area,11,28,-17
LatentSpace_v149,Main olfactory bulb,31,10,21
LatentSpace_v149,Accessory olfactory bulb,21,19,2
LatentSpace_v149,Anterior olfactory nucleus,14,32,-18
LatentSpace_v149,Subiculum,5,35,-30
LatentSpace_v149,Entorhinal area,14,22,-8
LatentSpace_v149,Field CA1,9,25,-16
LatentSpace_v149,Field CA2,9,14,-5
LatentSpace_v149,Field CA3,6,8,-2
LatentSpace_v149,Dentate gyrus,7,3,4
LatentSpace_v149,Anterior cingulate area,36,39,-3
LatentSpace_v149,Infralimbic area,12,26,-14
LatentSpace_v149,Retrosplenial area,27,36,-9
LatentSpace_v149,Prelimbic area,27,35,-8
LatentSpace_v149,Primary auditory area,35,38,-3
LatentSpace_v149,Dorsal auditory area,35,38,-3
LatentSpace_v149,Ventral auditory area,36,38,-2
LatentSpace_v149,Agranular insular area,21,37,-16
LatentSpace_v149,Ectorhinal area,23,33,-10
LatentSpace_v149,Primary motor area,35,38,-3
LatentSpace_v149,Secondary motor area,35,38,-3
LatentSpace_v149,"Frontal pole, cerebral cortex",31,40,-9
LatentSpace_v149,Orbital area,25,35,-10
LatentSpace_v149,Posterior parietal association areas,35,38,-3
LatentSpace_v149,Perirhinal area,17,32,-15
LatentSpace_v149,Primary somatosensory area,26,35,-9
LatentSpace_v149,Supplemental somatosensory area,36,38,-2
LatentSpace_v149,Temporal association areas,32,33,-1
LatentSpace_v149,Visual areas,33,38,-5
LatentSpace_v149,Pallidum,11,6,5
LatentSpace_v149,Striatum ventral region,7,3,4
LatentSpace_v149,Lateral septal complex,9,4,5
LatentSpace_v149,Caudoputamen,3,3,0
LatentSpace_v149,Medial amygdalar nucleus,12,7,5
LatentSpace_v149,Hypothalamus,7,9,-2
LatentSpace_v149,Thalamus,11,1,10
LatentSpace_v149,Inferior colliculus,6,9,-3
LatentSpace_v149,"Superior colliculus, sensory related",4,10,-6
LatentSpace_v149,Midbrain raphe nuclei,14,12,2
LatentSpace_v149,Midbrain-other,11,10,1
LatentSpace_v149,Periaqueductal gray,8,11,-3
LatentSpace_v149,Pons,10,9,1
LatentSpace_v149,Medulla,9,9,0
LatentSpace_v149,Lingula (I),14,34,-20
LatentSpace_v149,Central lobule,25,34,-9
LatentSpace_v149,Culmen,33,34,-1
LatentSpace_v149,Declive (VI),26,28,-2
LatentSpace_v149,Folium-tuber vermis (VII),25,31,-6
LatentSpace_v149,Pyramus (VIII),26,32,-6
LatentSpace_v149,Uvula (IX),15,34,-19
LatentSpace_v149,Nodulus (X),13,35,-22
LatentSpace_v149,Simple lobule,24,29,-5
LatentSpace_v149,Crus 1,23,26,-3
LatentSpace_v149,Crus 2,23,27,-4
LatentSpace_v149,Paramedian lobule,28,33,-5
LatentSpace_v149,Copula pyramidis,32,34,-2
LatentSpace_v149,Flocculus,18,34,-16
LatentSpace_v149,Paraflocculus,32,36,-4
LatentSpace_v149,Cerebellar nuclei,13,11,2
LatentSpace_v150,Cortical subplate-other,8,15,-7
LatentSpace_v150,Claustrum,26,33,-7
LatentSpace_v150,Endopiriform nucleus,12,32,-20
LatentSpace_v150,Olfactory areas-other,13,33,-20
LatentSpace_v150,Postpiriform transition area,12,27,-15
LatentSpace_v150,Piriform area,16,34,-18
LatentSpace_v150,Taenia tecta,13,28,-15
LatentSpace_v150,Cortical amygdalar area,10,19,-9
LatentSpace_v150,Piriform-amygdalar area,8,28,-20
LatentSpace_v150,Main olfactory bulb,26,10,16
LatentSpace_v150,Accessory olfactory bulb,55,19,36
LatentSpace_v150,Anterior olfactory nucleus,12,32,-20
LatentSpace_v150,Subiculum,4,35,-31
LatentSpace_v150,Entorhinal area,14,22,-8
LatentSpace_v150,Field CA1,5,25,-20
LatentSpace_v150,Field CA2,6,14,-8
LatentSpace_v150,Field CA3,5,8,-3
LatentSpace_v150,Dentate gyrus,7,3,4
LatentSpace_v150,Anterior cingulate area,35,39,-4
LatentSpace_v150,Infralimbic area,12,26,-14
LatentSpace_v150,Retrosplenial area,24,36,-12
LatentSpace_v150,Prelimbic area,30,35,-5
LatentSpace_v150,Primary auditory area,36,38,-2
LatentSpace_v150,Dorsal auditory area,35,38,-3
LatentSpace_v150,Ventral auditory area,40,38,2
LatentSpace_v150,Agranular insular area,24,37,-13
LatentSpace_v150,Ectorhinal area,26,33,-7
LatentSpace_v150,Primary motor area,34,38,-4
LatentSpace_v150,Secondary motor area,35,38,-3
LatentSpace_v150,"Frontal pole, cerebral cortex",36,40,-4
LatentSpace_v150,Orbital area,24,35,-11
LatentSpace_v150,Posterior parietal association areas,35,38,-3
LatentSpace_v150,Perirhinal area,23,32,-9
LatentSpace_v150,Primary somatosensory area,29,35,-6
LatentSpace_v150,Supplemental somatosensory area,37,38,-1
LatentSpace_v150,Temporal association areas,32,33,-1
LatentSpace_v150,Visual areas,35,38,-3
LatentSpace_v150,Pallidum,7,6,1
LatentSpace_v150,Striatum ventral region,6,3,3
LatentSpace_v150,Lateral septal complex,11,4,7
LatentSpace_v150,Caudoputamen,3,3,0
LatentSpace_v150,Medial amygdalar nucleus,10,7,3
LatentSpace_v150,Hypothalamus,12,9,3
LatentSpace_v150,Thalamus,13,1,12
LatentSpace_v150,Inferior colliculus,6,9,-3
LatentSpace_v150,"Superior colliculus, sensory related",4,10,-6
LatentSpace_v150,Midbrain raphe nuclei,16,12,4
LatentSpace_v150,Midbrain-other,14,10,4
LatentSpace_v150,Periaqueductal gray,14,11,3
LatentSpace_v150,Pons,11,9,2
LatentSpace_v150,Medulla,13,9,4
LatentSpace_v150,Lingula (I),13,34,-21
LatentSpace_v150,Central lobule,10,34,-24
LatentSpace_v150,Culmen,30,34,-4
LatentSpace_v150,Declive (VI),23,28,-5
LatentSpace_v150,Folium-tuber vermis (VII),23,31,-8
LatentSpace_v150,Pyramus (VIII),23,32,-9
LatentSpace_v150,Uvula (IX),31,34,-3
LatentSpace_v150,Nodulus (X),17,35,-18
LatentSpace_v150,Simple lobule,22,29,-7
LatentSpace_v150,Crus 1,22,26,-4
LatentSpace_v150,Crus 2,22,27,-5
LatentSpace_v150,Paramedian lobule,22,33,-11
LatentSpace_v150,Copula pyramidis,23,34,-11
LatentSpace_v150,Flocculus,26,34,-8
LatentSpace_v150,Paraflocculus,23,36,-13
LatentSpace_v150,Cerebellar nuclei,32,11,21
LatentSpace_v151,Cortical subplate-other,9,15,-6
LatentSpace_v151,Claustrum,25,33,-8
LatentSpace_v151,Endopiriform nucleus,8,32,-24
LatentSpace_v151,Olfactory areas-other,11,33,-22
LatentSpace_v151,Postpiriform transition area,5,27,-22
LatentSpace_v151,Piriform area,13,34,-21
LatentSpace_v151,Taenia tecta,11,28,-17
LatentSpace_v151,Cortical amygdalar area,6,19,-13
LatentSpace_v151,Piriform-amygdalar area,3,28,-25
LatentSpace_v151,Main olfactory bulb,22,10,12
LatentSpace_v151,Accessory olfactory bulb,60,19,41
LatentSpace_v151,Anterior olfactory nucleus,9,32,-23
LatentSpace_v151,Subiculum,7,35,-28
LatentSpace_v151,Entorhinal area,8,22,-14
LatentSpace_v151,Field CA1,7,25,-18
LatentSpace_v151,Field CA2,7,14,-7
LatentSpace_v151,Field CA3,6,8,-2
LatentSpace_v151,Dentate gyrus,6,3,3
LatentSpace_v151,Anterior cingulate area,37,39,-2
LatentSpace_v151,Infralimbic area,12,26,-14
LatentSpace_v151,Retrosplenial area,27,36,-9
LatentSpace_v151,Prelimbic area,26,35,-9
LatentSpace_v151,Primary auditory area,35,38,-3
LatentSpace_v151,Dorsal auditory area,33,38,-5
LatentSpace_v151,Ventral auditory area,36,38,-2
LatentSpace_v151,Agranular insular area,28,37,-9
LatentSpace_v151,Ectorhinal area,25,33,-8
LatentSpace_v151,Primary motor area,36,38,-2
LatentSpace_v151,Secondary motor area,38,38,0
LatentSpace_v151,"Frontal pole, cerebral cortex",31,40,-9
LatentSpace_v151,Orbital area,27,35,-8
LatentSpace_v151,Posterior parietal association areas,34,38,-4
LatentSpace_v151,Perirhinal area,17,32,-15
LatentSpace_v151,Primary somatosensory area,28,35,-7
LatentSpace_v151,Supplemental somatosensory area,36,38,-2
LatentSpace_v151,Temporal association areas,32,33,-1
LatentSpace_v151,Visual areas,31,38,-7
LatentSpace_v151,Pallidum,8,6,2
LatentSpace_v151,Striatum ventral region,7,3,4
LatentSpace_v151,Lateral septal complex,5,4,1
LatentSpace_v151,Caudoputamen,3,3,0
LatentSpace_v151,Medial amygdalar nucleus,10,7,3
LatentSpace_v151,Hypothalamus,7,9,-2
LatentSpace_v151,Thalamus,1,1,0
LatentSpace_v151,Inferior colliculus,17,9,8
LatentSpace_v151,"Superior colliculus, sensory related",6,10,-4
LatentSpace_v151,Midbrain raphe nuclei,12,12,0
LatentSpace_v151,Midbrain-other,11,10,1
LatentSpace_v151,Periaqueductal gray,11,11,0
LatentSpace_v151,Pons,8,9,-1
LatentSpace_v151,Medulla,9,9,0
LatentSpace_v151,Lingula (I),17,34,-17
LatentSpace_v151,Central lobule,23,34,-11
LatentSpace_v151,Culmen,24,34,-10
LatentSpace_v151,Declive (VI),23,28,-5
LatentSpace_v151,Folium-tuber vermis (VII),23,31,-8
LatentSpace_v151,Pyramus (VIII),24,32,-8
LatentSpace_v151,Uvula (IX),25,34,-9
LatentSpace_v151,Nodulus (X),16,35,-19
LatentSpace_v151,Simple lobule,22,29,-7
LatentSpace_v151,Crus 1,22,26,-4
LatentSpace_v151,Crus 2,21,27,-6
LatentSpace_v151,Paramedian lobule,22,33,-11
LatentSpace_v151,Copula pyramidis,25,34,-9
LatentSpace_v151,Flocculus,34,34,0
LatentSpace_v151,Paraflocculus,23,36,-13
LatentSpace_v151,Cerebellar nuclei,10,11,-1
LatentSpace_v152,Cortical subplate-other,13,15,-2
LatentSpace_v152,Claustrum,24,33,-9
LatentSpace_v152,Endopiriform nucleus,20,32,-12
LatentSpace_v152,Olfactory areas-other,19,33,-14
LatentSpace_v152,Postpiriform transition area,13,27,-14
LatentSpace_v152,Piriform area,18,34,-16
LatentSpace_v152,Taenia tecta,14,28,-14
LatentSpace_v152,Cortical amygdalar area,12,19,-7
LatentSpace_v152,Piriform-amygdalar area,17,28,-11
LatentSpace_v152,Main olfactory bulb,35,10,25
LatentSpace_v152,Accessory olfactory bulb,26,19,7
LatentSpace_v152,Anterior olfactory nucleus,15,32,-17
LatentSpace_v152,Subiculum,3,35,-32
LatentSpace_v152,Entorhinal area,15,22,-7
LatentSpace_v152,Field CA1,7,25,-18
LatentSpace_v152,Field CA2,8,14,-6
LatentSpace_v152,Field CA3,7,8,-1
LatentSpace_v152,Dentate gyrus,8,3,5
LatentSpace_v152,Anterior cingulate area,36,39,-3
LatentSpace_v152,Infralimbic area,12,26,-14
LatentSpace_v152,Retrosplenial area,23,36,-13
LatentSpace_v152,Prelimbic area,27,35,-8
LatentSpace_v152,Primary auditory area,36,38,-2
LatentSpace_v152,Dorsal auditory area,35,38,-3
LatentSpace_v152,Ventral auditory area,38,38,0
LatentSpace_v152,Agranular insular area,21,37,-16
LatentSpace_v152,Ectorhinal area,22,33,-11
LatentSpace_v152,Primary motor area,35,38,-3
LatentSpace_v152,Secondary motor area,35,38,-3
LatentSpace_v152,"Frontal pole, cerebral cortex",29,40,-11
LatentSpace_v152,Orbital area,24,35,-11
LatentSpace_v152,Posterior parietal association areas,31,38,-7
LatentSpace_v152,Perirhinal area,19,32,-13
LatentSpace_v152,Primary somatosensory area,30,35,-5
LatentSpace_v152,Supplemental somatosensory area,37,38,-1
LatentSpace_v152,Temporal association areas,27,33,-6
LatentSpace_v152,Visual areas,31,38,-7
LatentSpace_v152,Pallidum,7,6,1
LatentSpace_v152,Striatum ventral region,5,3,2
LatentSpace_v152,Lateral septal complex,12,4,8
LatentSpace_v152,Caudoputamen,3,3,0
LatentSpace_v152,Medial amygdalar nucleus,12,7,5
LatentSpace_v152,Hypothalamus,6,9,-3
LatentSpace_v152,Thalamus,5,1,4
LatentSpace_v152,Inferior colliculus,10,9,1
LatentSpace_v152,"Superior colliculus, sensory related",13,10,3
LatentSpace_v152,Midbrain raphe nuclei,11,12,-1
LatentSpace_v152,Midbrain-other,12,10,2
LatentSpace_v152,Periaqueductal gray,8,11,-3
LatentSpace_v152,Pons,11,9,2
LatentSpace_v152,Medulla,10,9,1
LatentSpace_v152,Lingula (I),14,34,-20
LatentSpace_v152,Central lobule,18,34,-16
LatentSpace_v152,Culmen,26,34,-8
LatentSpace_v152,Declive (VI),23,28,-5
LatentSpace_v152,Folium-tuber vermis (VII),24,31,-7
LatentSpace_v152,Pyramus (VIII),30,32,-2
LatentSpace_v152,Uvula (IX),14,34,-20
LatentSpace_v152,Nodulus (X),13,35,-22
LatentSpace_v152,Simple lobule,23,29,-6
LatentSpace_v152,Crus 1,23,26,-3
LatentSpace_v152,Crus 2,23,27,-4
LatentSpace_v152,Paramedian lobule,24,33,-9
LatentSpace_v152,Copula pyramidis,29,34,-5
LatentSpace_v152,Flocculus,19,34,-15
LatentSpace_v152,Paraflocculus,25,36,-11
LatentSpace_v152,Cerebellar nuclei,12,11,1
LatentSpace_v153,Cortical subplate-other,11,15,-4
LatentSpace_v153,Claustrum,25,33,-8
LatentSpace_v153,Endopiriform nucleus,12,32,-20
LatentSpace_v153,Olfactory areas-other,3,33,-30
LatentSpace_v153,Postpiriform transition area,10,27,-17
LatentSpace_v153,Piriform area,9,34,-25
LatentSpace_v153,Taenia tecta,10,28,-18
LatentSpace_v153,Cortical amygdalar area,6,19,-13
LatentSpace_v153,Piriform-amygdalar area,5,28,-23
LatentSpace_v153,Main olfactory bulb,28,10,18
LatentSpace_v153,Accessory olfactory bulb,33,19,14
LatentSpace_v153,Anterior olfactory nucleus,3,32,-29
LatentSpace_v153,Subiculum,6,35,-29
LatentSpace_v153,Entorhinal area,9,22,-13
LatentSpace_v153,Field CA1,8,25,-17
LatentSpace_v153,Field CA2,10,14,-4
LatentSpace_v153,Field CA3,8,8,0
LatentSpace_v153,Dentate gyrus,8,3,5
LatentSpace_v153,Anterior cingulate area,35,39,-4
LatentSpace_v153,Infralimbic area,11,26,-15
LatentSpace_v153,Retrosplenial area,22,36,-14
LatentSpace_v153,Prelimbic area,27,35,-8
LatentSpace_v153,Primary auditory area,35,38,-3
LatentSpace_v153,Dorsal auditory area,35,38,-3
LatentSpace_v153,Ventral auditory area,38,38,0
LatentSpace_v153,Agranular insular area,15,37,-22
LatentSpace_v153,Ectorhinal area,23,33,-10
LatentSpace_v153,Primary motor area,35,38,-3
LatentSpace_v153,Secondary motor area,35,38,-3
LatentSpace_v153,"Frontal pole, cerebral cortex",31,40,-9
LatentSpace_v153,Orbital area,18,35,-17
LatentSpace_v153,Posterior parietal association areas,34,38,-4
LatentSpace_v153,Perirhinal area,13,32,-19
LatentSpace_v153,Primary somatosensory area,32,35,-3
LatentSpace_v153,Supplemental somatosensory area,36,38,-2
LatentSpace_v153,Temporal association areas,30,33,-3
LatentSpace_v153,Visual areas,34,38,-4
LatentSpace_v153,Pallidum,10,6,4
LatentSpace_v153,Striatum ventral region,7,3,4
LatentSpace_v153,Lateral septal complex,11,4,7
LatentSpace_v153,Caudoputamen,3,3,0
LatentSpace_v153,Medial amygdalar nucleus,10,7,3
LatentSpace_v153,Hypothalamus,7,9,-2
LatentSpace_v153,Thalamus,2,1,1
LatentSpace_v153,Inferior colliculus,5,9,-4
LatentSpace_v153,"Superior colliculus, sensory related",5,10,-5
LatentSpace_v153,Midbrain raphe nuclei,15,12,3
LatentSpace_v153,Midbrain-other,8,10,-2
LatentSpace_v153,Periaqueductal gray,8,11,-3
LatentSpace_v153,Pons,9,9,0
LatentSpace_v153,Medulla,8,9,-1
LatentSpace_v153,Lingula (I),16,34,-18
LatentSpace_v153,Central lobule,26,34,-8
LatentSpace_v153,Culmen,24,34,-10
LatentSpace_v153,Declive (VI),23,28,-5
LatentSpace_v153,Folium-tuber vermis (VII),23,31,-8
LatentSpace_v153,Pyramus (VIII),28,32,-4
LatentSpace_v153,Uvula (IX),12,34,-22
LatentSpace_v153,Nodulus (X),12,35,-23
LatentSpace_v153,Simple lobule,23,29,-6
LatentSpace_v153,Crus 1,23,26,-3
LatentSpace_v153,Crus 2,22,27,-5
LatentSpace_v153,Paramedian lobule,23,33,-10
LatentSpace_v153,Copula pyramidis,26,34,-8
LatentSpace_v153,Flocculus,30,34,-4
LatentSpace_v153,Paraflocculus,26,36,-10
LatentSpace_v153,Cerebellar nuclei,12,11,1
LatentSpace_v154,Cortical subplate-other,13,15,-2
LatentSpace_v154,Claustrum,20,33,-13
LatentSpace_v154,Endopiriform nucleus,7,32,-25
LatentSpace_v154,Olfactory areas-other,18,33,-15
LatentSpace_v154,Postpiriform transition area,16,27,-11
LatentSpace_v154,Piriform area,11,34,-23
LatentSpace_v154,Taenia tecta,12,28,-16
LatentSpace_v154,Cortical amygdalar area,12,19,-7
LatentSpace_v154,Piriform-amygdalar area,15,28,-13
LatentSpace_v154,Main olfactory bulb,22,10,12
LatentSpace_v154,Accessory olfactory bulb,30,19,11
LatentSpace_v154,Anterior olfactory nucleus,18,32,-14
LatentSpace_v154,Subiculum,7,35,-28
LatentSpace_v154,Entorhinal area,14,22,-8
LatentSpace_v154,Field CA1,8,25,-17
LatentSpace_v154,Field CA2,26,14,12
LatentSpace_v154,Field CA3,4,8,-4
LatentSpace_v154,Dentate gyrus,5,3,2
LatentSpace_v154,Anterior cingulate area,37,39,-2
LatentSpace_v154,Infralimbic area,12,26,-14
LatentSpace_v154,Retrosplenial area,31,36,-5
LatentSpace_v154,Prelimbic area,29,35,-6
LatentSpace_v154,Primary auditory area,35,38,-3
LatentSpace_v154,Dorsal auditory area,35,38,-3
LatentSpace_v154,Ventral auditory area,38,38,0
LatentSpace_v154,Agranular insular area,27,37,-10
LatentSpace_v154,Ectorhinal area,22,33,-11
LatentSpace_v154,Primary motor area,35,38,-3
LatentSpace_v154,Secondary motor area,35,38,-3
LatentSpace_v154,"Frontal pole, cerebral cortex",35,40,-5
LatentSpace_v154,Orbital area,27,35,-8
LatentSpace_v154,Posterior parietal association areas,35,38,-3
LatentSpace_v154,Perirhinal area,20,32,-12
LatentSpace_v154,Primary somatosensory area,29,35,-6
LatentSpace_v154,Supplemental somatosensory area,35,38,-3
LatentSpace_v154,Temporal association areas,30,33,-3
LatentSpace_v154,Visual areas,35,38,-3
LatentSpace_v154,Pallidum,11,6,5
LatentSpace_v154,Striatum ventral region,8,3,5
LatentSpace_v154,Lateral septal complex,9,4,5
LatentSpace_v154,Caudoputamen,3,3,0
LatentSpace_v154,Medial amygdalar nucleus,10,7,3
LatentSpace_v154,Hypothalamus,7,9,-2
LatentSpace_v154,Thalamus,1,1,0
LatentSpace_v154,Inferior colliculus,5,9,-4
LatentSpace_v154,"Superior colliculus, sensory related",4,10,-6
LatentSpace_v154,Midbrain raphe nuclei,14,12,2
LatentSpace_v154,Midbrain-other,9,10,-1
LatentSpace_v154,Periaqueductal gray,9,11,-2
LatentSpace_v154,Pons,8,9,-1
LatentSpace_v154,Medulla,8,9,-1
LatentSpace_v154,Lingula (I),26,34,-8
LatentSpace_v154,Central lobule,31,34,-3
LatentSpace_v154,Culmen,24,34,-10
LatentSpace_v154,Declive (VI),22,28,-6
LatentSpace_v154,Folium-tuber vermis (VII),23,31,-8
LatentSpace_v154,Pyramus (VIII),23,32,-9
LatentSpace_v154,Uvula (IX),20,34,-14
LatentSpace_v154,Nodulus (X),15,35,-20
LatentSpace_v154,Simple lobule,22,29,-7
LatentSpace_v154,Crus 1,22,26,-4
LatentSpace_v154,Crus 2,22,27,-5
LatentSpace_v154,Paramedian lobule,23,33,-10
LatentSpace_v154,Copula pyramidis,24,34,-10
LatentSpace_v154,Flocculus,13,34,-21
LatentSpace_v154,Paraflocculus,17,36,-19
LatentSpace_v154,Cerebellar nuclei,23,11,12
LatentSpace_v155,Cortical subplate-other,4,15,-11
LatentSpace_v155,Claustrum,30,33,-3
LatentSpace_v155,Endopiriform nucleus,7,32,-25
LatentSpace_v155,Olfactory areas-other,12,33,-21
LatentSpace_v155,Postpiriform transition area,7,27,-20
LatentSpace_v155,Piriform area,10,34,-24
LatentSpace_v155,Taenia tecta,10,28,-18
LatentSpace_v155,Cortical amygdalar area,5,19,-14
LatentSpace_v155,Piriform-amygdalar area,6,28,-22
LatentSpace_v155,Main olfactory bulb,44,10,34
LatentSpace_v155,Accessory olfactory bulb,35,19,16
LatentSpace_v155,Anterior olfactory nucleus,9,32,-23
LatentSpace_v155,Subiculum,4,35,-31
LatentSpace_v155,Entorhinal area,7,22,-15
LatentSpace_v155,Field CA1,7,25,-18
LatentSpace_v155,Field CA2,8,14,-6
LatentSpace_v155,Field CA3,6,8,-2
LatentSpace_v155,Dentate gyrus,7,3,4
LatentSpace_v155,Anterior cingulate area,36,39,-3
LatentSpace_v155,Infralimbic area,8,26,-18
LatentSpace_v155,Retrosplenial area,25,36,-11
LatentSpace_v155,Prelimbic area,30,35,-5
LatentSpace_v155,Primary auditory area,37,38,-1
LatentSpace_v155,Dorsal auditory area,35,38,-3
LatentSpace_v155,Ventral auditory area,37,38,-1
LatentSpace_v155,Agranular insular area,26,37,-11
LatentSpace_v155,Ectorhinal area,22,33,-11
LatentSpace_v155,Primary motor area,35,38,-3
LatentSpace_v155,Secondary motor area,35,38,-3
LatentSpace_v155,"Frontal pole, cerebral cortex",32,40,-8
LatentSpace_v155,Orbital area,24,35,-11
LatentSpace_v155,Posterior parietal association areas,35,38,-3
LatentSpace_v155,Perirhinal area,18,32,-14
LatentSpace_v155,Primary somatosensory area,31,35,-4
LatentSpace_v155,Supplemental somatosensory area,37,38,-1
LatentSpace_v155,Temporal association areas,30,33,-3
LatentSpace_v155,Visual areas,35,38,-3
LatentSpace_v155,Pallidum,7,6,1
LatentSpace_v155,Striatum ventral region,5,3,2
LatentSpace_v155,Lateral septal complex,9,4,5
LatentSpace_v155,Caudoputamen,3,3,0
LatentSpace_v155,Medial amygdalar nucleus,6,7,-1
LatentSpace_v155,Hypothalamus,10,9,1
LatentSpace_v155,Thalamus,7,1,6
LatentSpace_v155,Inferior colliculus,10,9,1
LatentSpace_v155,"Superior colliculus, sensory related",9,10,-1
LatentSpace_v155,Midbrain raphe nuclei,14,12,2
LatentSpace_v155,Midbrain-other,14,10,4
LatentSpace_v155,Periaqueductal gray,13,11,2
LatentSpace_v155,Pons,11,9,2
LatentSpace_v155,Medulla,32,9,23
LatentSpace_v155,Lingula (I),16,34,-18
LatentSpace_v155,Central lobule,19,34,-15
LatentSpace_v155,Culmen,32,34,-2
LatentSpace_v155,Declive (VI),25,28,-3
LatentSpace_v155,Folium-tuber vermis (VII),23,31,-8
LatentSpace_v155,Pyramus (VIII),26,32,-6
LatentSpace_v155,Uvula (IX),34,34,0
LatentSpace_v155,Nodulus (X),31,35,-4
LatentSpace_v155,Simple lobule,24,29,-5
LatentSpace_v155,Crus 1,22,26,-4
LatentSpace_v155,Crus 2,22,27,-5
LatentSpace_v155,Paramedian lobule,23,33,-10
LatentSpace_v155,Copula pyramidis,25,34,-9
LatentSpace_v155,Flocculus,34,34,0
LatentSpace_v155,Paraflocculus,26,36,-10
LatentSpace_v155,Cerebellar nuclei,34,11,23
LatentSpace_v156,Cortical subplate-other,9,15,-6
LatentSpace_v156,Claustrum,27,33,-6
LatentSpace_v156,Endopiriform nucleus,22,32,-10
LatentSpace_v156,Olfactory areas-other,19,33,-14
LatentSpace_v156,Postpiriform transition area,12,27,-15
LatentSpace_v156,Piriform area,24,34,-10
LatentSpace_v156,Taenia tecta,12,28,-16
LatentSpace_v156,Cortical amygdalar area,11,19,-8
LatentSpace_v156,Piriform-amygdalar area,12,28,-16
LatentSpace_v156,Main olfactory bulb,26,10,16
LatentSpace_v156,Accessory olfactory bulb,63,19,44
LatentSpace_v156,Anterior olfactory nucleus,17,32,-15
LatentSpace_v156,Subiculum,5,35,-30
LatentSpace_v156,Entorhinal area,20,22,-2
LatentSpace_v156,Field CA1,7,25,-18
LatentSpace_v156,Field CA2,31,14,17
LatentSpace_v156,Field CA3,6,8,-2
LatentSpace_v156,Dentate gyrus,6,3,3
LatentSpace_v156,Anterior cingulate area,41,39,2
LatentSpace_v156,Infralimbic area,12,26,-14
LatentSpace_v156,Retrosplenial area,27,36,-9
LatentSpace_v156,Prelimbic area,33,35,-2
LatentSpace_v156,Primary auditory area,36,38,-2
LatentSpace_v156,Dorsal auditory area,35,38,-3
LatentSpace_v156,Ventral auditory area,38,38,0
LatentSpace_v156,Agranular insular area,25,37,-12
LatentSpace_v156,Ectorhinal area,30,33,-3
LatentSpace_v156,Primary motor area,36,38,-2
LatentSpace_v156,Secondary motor area,37,38,-1
LatentSpace_v156,"Frontal pole, cerebral cortex",35,40,-5
LatentSpace_v156,Orbital area,29,35,-6
LatentSpace_v156,Posterior parietal association areas,35,38,-3
LatentSpace_v156,Perirhinal area,27,32,-5
LatentSpace_v156,Primary somatosensory area,31,35,-4
LatentSpace_v156,Supplemental somatosensory area,37,38,-1
LatentSpace_v156,Temporal association areas,39,33,6
LatentSpace_v156,Visual areas,35,38,-3
LatentSpace_v156,Pallidum,8,6,2
LatentSpace_v156,Striatum ventral region,7,3,4
LatentSpace_v156,Lateral septal complex,12,4,8
LatentSpace_v156,Caudoputamen,3,3,0
LatentSpace_v156,Medial amygdalar nucleus,8,7,1
LatentSpace_v156,Hypothalamus,10,9,1
LatentSpace_v156,Thalamus,2,1,1
LatentSpace_v156,Inferior colliculus,3,9,-6
LatentSpace_v156,"Superior colliculus, sensory related",3,10,-7
LatentSpace_v156,Midbrain raphe nuclei,14,12,2
LatentSpace_v156,Midbrain-other,8,10,-2
LatentSpace_v156,Periaqueductal gray,9,11,-2
LatentSpace_v156,Pons,12,9,3
LatentSpace_v156,Medulla,11,9,2
LatentSpace_v156,Lingula (I),13,34,-21
LatentSpace_v156,Central lobule,11,34,-23
LatentSpace_v156,Culmen,30,34,-4
LatentSpace_v156,Declive (VI),23,28,-5
LatentSpace_v156,Folium-tuber vermis (VII),23,31,-8
LatentSpace_v156,Pyramus (VIII),28,32,-4
LatentSpace_v156,Uvula (IX),32,34,-2
LatentSpace_v156,Nodulus (X),15,35,-20
LatentSpace_v156,Simple lobule,24,29,-5
LatentSpace_v156,Crus 1,23,26,-3
LatentSpace_v156,Crus 2,23,27,-4
LatentSpace_v156,Paramedian lobule,25,33,-8
LatentSpace_v156,Copula pyramidis,29,34,-5
LatentSpace_v156,Flocculus,12,34,-22
LatentSpace_v156,Paraflocculus,21,36,-15
LatentSpace_v156,Cerebellar nuclei,31,11,20
LatentSpace_v157,Cortical subplate-other,6,15,-9
LatentSpace_v157,Claustrum,18,33,-15
LatentSpace_v157,Endopiriform nucleus,7,32,-25
LatentSpace_v157,Olfactory areas-other,8,33,-25
LatentSpace_v157,Postpiriform transition area,9,27,-18
LatentSpace_v157,Piriform area,9,34,-25
LatentSpace_v157,Taenia tecta,5,28,-23
LatentSpace_v157,Cortical amygdalar area,4,19,-15
LatentSpace_v157,Piriform-amygdalar area,7,28,-21
LatentSpace_v157,Main olfactory bulb,29,10,19
LatentSpace_v157,Accessory olfactory bulb,32,19,13
LatentSpace_v157,Anterior olfactory nucleus,8,32,-24
LatentSpace_v157,Subiculum,3,35,-32
LatentSpace_v157,Entorhinal area,12,22,-10
LatentSpace_v157,Field CA1,2,25,-23
LatentSpace_v157,Field CA2,6,14,-8
LatentSpace_v157,Field CA3,6,8,-2
LatentSpace_v157,Dentate gyrus,6,3,3
LatentSpace_v157,Anterior cingulate area,35,39,-4
LatentSpace_v157,Infralimbic area,3,26,-23
LatentSpace_v157,Retrosplenial area,25,36,-11
LatentSpace_v157,Prelimbic area,30,35,-5
LatentSpace_v157,Primary auditory area,36,38,-2
LatentSpace_v157,Dorsal auditory area,35,38,-3
LatentSpace_v157,Ventral auditory area,36,38,-2
LatentSpace_v157,Agranular insular area,24,37,-13
LatentSpace_v157,Ectorhinal area,22,33,-11
LatentSpace_v157,Primary motor area,35,38,-3
LatentSpace_v157,Secondary motor area,35,38,-3
LatentSpace_v157,"Frontal pole, cerebral cortex",35,40,-5
LatentSpace_v157,Orbital area,28,35,-7
LatentSpace_v157,Posterior parietal association areas,35,38,-3
LatentSpace_v157,Perirhinal area,18,32,-14
LatentSpace_v157,Primary somatosensory area,22,35,-13
LatentSpace_v157,Supplemental somatosensory area,37,38,-1
LatentSpace_v157,Temporal association areas,26,33,-7
LatentSpace_v157,Visual areas,35,38,-3
LatentSpace_v157,Pallidum,7,6,1
LatentSpace_v157,Striatum ventral region,6,3,3
LatentSpace_v157,Lateral septal complex,6,4,2
LatentSpace_v157,Caudoputamen,3,3,0
LatentSpace_v157,Medial amygdalar nucleus,8,7,1
LatentSpace_v157,Hypothalamus,7,9,-2
LatentSpace_v157,Thalamus,8,1,7
LatentSpace_v157,Inferior colliculus,6,9,-3
LatentSpace_v157,"Superior colliculus, sensory related",4,10,-6
LatentSpace_v157,Midbrain raphe nuclei,15,12,3
LatentSpace_v157,Midbrain-other,11,10,1
LatentSpace_v157,Periaqueductal gray,11,11,0
LatentSpace_v157,Pons,10,9,1
LatentSpace_v157,Medulla,11,9,2
LatentSpace_v157,Lingula (I),14,34,-20
LatentSpace_v157,Central lobule,20,34,-14
LatentSpace_v157,Culmen,31,34,-3
LatentSpace_v157,Declive (VI),23,28,-5
LatentSpace_v157,Folium-tuber vermis (VII),25,31,-6
LatentSpace_v157,Pyramus (VIII),30,32,-2
LatentSpace_v157,Uvula (IX),34,34,0
LatentSpace_v157,Nodulus (X),30,35,-5
LatentSpace_v157,Simple lobule,24,29,-5
LatentSpace_v157,Crus 1,23,26,-3
LatentSpace_v157,Crus 2,22,27,-5
LatentSpace_v157,Paramedian lobule,23,33,-10
LatentSpace_v157,Copula pyramidis,27,34,-7
LatentSpace_v157,Flocculus,31,34,-3
LatentSpace_v157,Paraflocculus,24,36,-12
LatentSpace_v157,Cerebellar nuclei,32,11,21
LatentSpace_v158,Cortical subplate-other,7,15,-8
LatentSpace_v158,Claustrum,23,33,-10
LatentSpace_v158,Endopiriform nucleus,13,32,-19
LatentSpace_v158,Olfactory areas-other,13,33,-20
LatentSpace_v158,Postpiriform transition area,10,27,-17
LatentSpace_v158,Piriform area,6,34,-28
LatentSpace_v158,Taenia tecta,12,28,-16
LatentSpace_v158,Cortical amygdalar area,7,19,-12
LatentSpace_v158,Piriform-amygdalar area,10,28,-18
LatentSpace_v158,Main olfactory bulb,43,10,33
LatentSpace_v158,Accessory olfactory bulb,35,19,16
LatentSpace_v158,Anterior olfactory nucleus,13,32,-19
LatentSpace_v158,Subiculum,4,35,-31
LatentSpace_v158,Entorhinal area,8,22,-14
LatentSpace_v158,Field CA1,6,25,-19
LatentSpace_v158,Field CA2,7,14,-7
LatentSpace_v158,Field CA3,6,8,-2
LatentSpace_v158,Dentate gyrus,7,3,4
LatentSpace_v158,Anterior cingulate area,36,39,-3
LatentSpace_v158,Infralimbic area,11,26,-15
LatentSpace_v158,Retrosplenial area,28,36,-8
LatentSpace_v158,Prelimbic area,23,35,-12
LatentSpace_v158,Primary auditory area,35,38,-3
LatentSpace_v158,Dorsal auditory area,35,38,-3
LatentSpace_v158,Ventral auditory area,35,38,-3
LatentSpace_v158,Agranular insular area,15,37,-22
LatentSpace_v158,Ectorhinal area,21,33,-12
LatentSpace_v158,Primary motor area,35,38,-3
LatentSpace_v158,Secondary motor area,37,38,-1
LatentSpace_v158,"Frontal pole, cerebral cortex",25,40,-15
LatentSpace_v158,Orbital area,21,35,-14
LatentSpace_v158,Posterior parietal association areas,35,38,-3
LatentSpace_v158,Perirhinal area,14,32,-18
LatentSpace_v158,Primary somatosensory area,29,35,-6
LatentSpace_v158,Supplemental somatosensory area,35,38,-3
LatentSpace_v158,Temporal association areas,29,33,-4
LatentSpace_v158,Visual areas,35,38,-3
LatentSpace_v158,Pallidum,8,6,2
LatentSpace_v158,Striatum ventral region,10,3,7
LatentSpace_v158,Lateral septal complex,9,4,5
LatentSpace_v158,Caudoputamen,3,3,0
LatentSpace_v158,Medial amygdalar nucleus,7,7,0
LatentSpace_v158,Hypothalamus,10,9,1
LatentSpace_v158,Thalamus,4,1,3
LatentSpace_v158,Inferior colliculus,7,9,-2
LatentSpace_v158,"Superior colliculus, sensory related",8,10,-2
LatentSpace_v158,Midbrain raphe nuclei,13,12,1
LatentSpace_v158,Midbrain-other,11,10,1
LatentSpace_v158,Periaqueductal gray,11,11,0
LatentSpace_v158,Pons,12,9,3
LatentSpace_v158,Medulla,14,9,5
LatentSpace_v158,Lingula (I),12,34,-22
LatentSpace_v158,Central lobule,8,34,-26
LatentSpace_v158,Culmen,28,34,-6
LatentSpace_v158,Declive (VI),23,28,-5
LatentSpace_v158,Folium-tuber vermis (VII),23,31,-8
LatentSpace_v158,Pyramus (VIII),24,32,-8
LatentSpace_v158,Uvula (IX),24,34,-10
LatentSpace_v158,Nodulus (X),15,35,-20
LatentSpace_v158,Simple lobule,22,29,-7
LatentSpace_v158,Crus 1,22,26,-4
LatentSpace_v158,Crus 2,22,27,-5
LatentSpace_v158,Paramedian lobule,23,33,-10
LatentSpace_v158,Copula pyramidis,23,34,-11
LatentSpace_v158,Flocculus,19,34,-15
LatentSpace_v158,Paraflocculus,25,36,-11
LatentSpace_v158,Cerebellar nuclei,19,11,8
LatentSpace_v159,Cortical subplate-other,11,15,-4
LatentSpace_v159,Claustrum,18,33,-15
LatentSpace_v159,Endopiriform nucleus,10,32,-22
LatentSpace_v159,Olfactory areas-other,13,33,-20
LatentSpace_v159,Postpiriform transition area,12,27,-15
LatentSpace_v159,Piriform area,14,34,-20
LatentSpace_v159,Taenia tecta,11,28,-17
LatentSpace_v159,Cortical amygdalar area,10,19,-9
LatentSpace_v159,Piriform-amygdalar area,7,28,-21
LatentSpace_v159,Main olfactory bulb,22,10,12
LatentSpace_v159,Accessory olfactory bulb,37,19,18
LatentSpace_v159,Anterior olfactory nucleus,12,32,-20
LatentSpace_v159,Subiculum,4,35,-31
LatentSpace_v159,Entorhinal area,6,22,-16
LatentSpace_v159,Field CA1,4,25,-21
LatentSpace_v159,Field CA2,5,14,-9
LatentSpace_v159,Field CA3,8,8,0
LatentSpace_v159,Dentate gyrus,8,3,5
LatentSpace_v159,Anterior cingulate area,34,39,-5
LatentSpace_v159,Infralimbic area,11,26,-15
LatentSpace_v159,Retrosplenial area,22,36,-14
LatentSpace_v159,Prelimbic area,23,35,-12
LatentSpace_v159,Primary auditory area,35,38,-3
LatentSpace_v159,Dorsal auditory area,31,38,-7
LatentSpace_v159,Ventral auditory area,35,38,-3
LatentSpace_v159,Agranular insular area,17,37,-20
LatentSpace_v159,Ectorhinal area,21,33,-12
LatentSpace_v159,Primary motor area,35,38,-3
LatentSpace_v159,Secondary motor area,36,38,-2
LatentSpace_v159,"Frontal pole, cerebral cortex",27,40,-13
LatentSpace_v159,Orbital area,21,35,-14
LatentSpace_v159,Posterior parietal association areas,31,38,-7
LatentSpace_v159,Perirhinal area,12,32,-20
LatentSpace_v159,Primary somatosensory area,31,35,-4
LatentSpace_v159,Supplemental somatosensory area,35,38,-3
LatentSpace_v159,Temporal association areas,28,33,-5
LatentSpace_v159,Visual areas,30,38,-8
LatentSpace_v159,Pallidum,10,6,4
LatentSpace_v159,Striatum ventral region,7,3,4
LatentSpace_v159,Lateral septal complex,12,4,8
LatentSpace_v159,Caudoputamen,3,3,0
LatentSpace_v159,Medial amygdalar nucleus,12,7,5
LatentSpace_v159,Hypothalamus,9,9,0
LatentSpace_v159,Thalamus,8,1,7
LatentSpace_v159,Inferior colliculus,5,9,-4
LatentSpace_v159,"Superior colliculus, sensory related",4,10,-6
LatentSpace_v159,Midbrain raphe nuclei,14,12,2
LatentSpace_v159,Midbrain-other,9,10,-1
LatentSpace_v159,Periaqueductal gray,9,11,-2
LatentSpace_v159,Pons,9,9,0
LatentSpace_v159,Medulla,12,9,3
LatentSpace_v159,Lingula (I),13,34,-21
LatentSpace_v159,Central lobule,17,34,-17
LatentSpace_v159,Culmen,30,34,-4
LatentSpace_v159,Declive (VI),23,28,-5
LatentSpace_v159,Folium-tuber vermis (VII),23,31,-8
LatentSpace_v159,Pyramus (VIII),25,32,-7
LatentSpace_v159,Uvula (IX),26,34,-8
LatentSpace_v159,Nodulus (X),14,35,-21
LatentSpace_v159,Simple lobule,23,29,-6
LatentSpace_v159,Crus 1,23,26,-3
LatentSpace_v159,Crus 2,23,27,-4
LatentSpace_v159,Paramedian lobule,23,33,-10
LatentSpace_v159,Copula pyramidis,23,34,-11
LatentSpace_v159,Flocculus,23,34,-11
LatentSpace_v159,Paraflocculus,24,36,-12
LatentSpace_v159,Cerebellar nuclei,29,11,18
LatentSpace_v160,Cortical subplate-other,11,15,-4
LatentSpace_v160,Claustrum,16,33,-17
LatentSpace_v160,Endopiriform nucleus,15,32,-17
LatentSpace_v160,Olfactory areas-other,8,33,-25
LatentSpace_v160,Postpiriform transition area,7,27,-20
LatentSpace_v160,Piriform area,21,34,-13
LatentSpace_v160,Taenia tecta,15,28,-13
LatentSpace_v160,Cortical amygdalar area,9,19,-10
LatentSpace_v160,Piriform-amygdalar area,5,28,-23
LatentSpace_v160,Main olfactory bulb,26,10,16
LatentSpace_v160,Accessory olfactory bulb,38,19,19
LatentSpace_v160,Anterior olfactory nucleus,6,32,-26
LatentSpace_v160,Subiculum,7,35,-28
LatentSpace_v160,Entorhinal area,12,22,-10
LatentSpace_v160,Field CA1,11,25,-14
LatentSpace_v160,Field CA2,9,14,-5
LatentSpace_v160,Field CA3,8,8,0
LatentSpace_v160,Dentate gyrus,10,3,7
LatentSpace_v160,Anterior cingulate area,30,39,-9
LatentSpace_v160,Infralimbic area,15,26,-11
LatentSpace_v160,Retrosplenial area,33,36,-3
LatentSpace_v160,Prelimbic area,22,35,-13
LatentSpace_v160,Primary auditory area,35,38,-3
LatentSpace_v160,Dorsal auditory area,35,38,-3
LatentSpace_v160,Ventral auditory area,36,38,-2
LatentSpace_v160,Agranular insular area,10,37,-27
LatentSpace_v160,Ectorhinal area,20,33,-13
LatentSpace_v160,Primary motor area,34,38,-4
LatentSpace_v160,Secondary motor area,33,38,-5
LatentSpace_v160,"Frontal pole, cerebral cortex",22,40,-18
LatentSpace_v160,Orbital area,17,35,-18
LatentSpace_v160,Posterior parietal association areas,35,38,-3
LatentSpace_v160,Perirhinal area,19,32,-13
LatentSpace_v160,Primary somatosensory area,25,35,-10
LatentSpace_v160,Supplemental somatosensory area,36,38,-2
LatentSpace_v160,Temporal association areas,26,33,-7
LatentSpace_v160,Visual areas,35,38,-3
LatentSpace_v160,Pallidum,7,6,1
LatentSpace_v160,Striatum ventral region,5,3,2
LatentSpace_v160,Lateral septal complex,15,4,11
LatentSpace_v160,Caudoputamen,3,3,0
LatentSpace_v160,Medial amygdalar nucleus,12,7,5
LatentSpace_v160,Hypothalamus,10,9,1
LatentSpace_v160,Thalamus,10,1,9
LatentSpace_v160,Inferior colliculus,7,9,-2
LatentSpace_v160,"Superior colliculus, sensory related",6,10,-4
LatentSpace_v160,Midbrain raphe nuclei,14,12,2
LatentSpace_v160,Midbrain-other,9,10,-1
LatentSpace_v160,Periaqueductal gray,11,11,0
LatentSpace_v160,Pons,9,9,0
LatentSpace_v160,Medulla,19,9,10
LatentSpace_v160,Lingula (I),22,34,-12
LatentSpace_v160,Central lobule,33,34,-1
LatentSpace_v160,Culmen,29,34,-5
LatentSpace_v160,Declive (VI),23,28,-5
LatentSpace_v160,Folium-tuber vermis (VII),23,31,-8
LatentSpace_v160,Pyramus (VIII),26,32,-6
LatentSpace_v160,Uvula (IX),34,34,0
LatentSpace_v160,Nodulus (X),23,35,-12
LatentSpace_v160,Simple lobule,22,29,-7
LatentSpace_v160,Crus 1,22,26,-4
LatentSpace_v160,Crus 2,22,27,-5
LatentSpace_v160,Paramedian lobule,23,33,-10
LatentSpace_v160,Copula pyramidis,28,34,-6
LatentSpace_v160,Flocculus,34,34,0
LatentSpace_v160,Paraflocculus,31,36,-5
LatentSpace_v160,Cerebellar nuclei,31,11,20
LatentSpace_v161,Cortical subplate-other,8,15,-7
LatentSpace_v161,Claustrum,28,33,-5
LatentSpace_v161,Endopiriform nucleus,15,32,-17
LatentSpace_v161,Olfactory areas-other,20,33,-13
LatentSpace_v161,Postpiriform transition area,6,27,-21
LatentSpace_v161,Piriform area,16,34,-18
LatentSpace_v161,Taenia tecta,12,28,-16
LatentSpace_v161,Cortical amygdalar area,3,19,-16
LatentSpace_v161,Piriform-amygdalar area,5,28,-23
LatentSpace_v161,Main olfactory bulb,43,10,33
LatentSpace_v161,Accessory olfactory bulb,32,19,13
LatentSpace_v161,Anterior olfactory nucleus,22,32,-10
LatentSpace_v161,Subiculum,4,35,-31
LatentSpace_v161,Entorhinal area,17,22,-5
LatentSpace_v161,Field CA1,10,25,-15
LatentSpace_v161,Field CA2,18,14,4
LatentSpace_v161,Field CA3,6,8,-2
LatentSpace_v161,Dentate gyrus,8,3,5
LatentSpace_v161,Anterior cingulate area,33,39,-6
LatentSpace_v161,Infralimbic area,13,26,-13
LatentSpace_v161,Retrosplenial area,25,36,-11
LatentSpace_v161,Prelimbic area,27,35,-8
LatentSpace_v161,Primary auditory area,36,38,-2
LatentSpace_v161,Dorsal auditory area,36,38,-2
LatentSpace_v161,Ventral auditory area,38,38,0
LatentSpace_v161,Agranular insular area,30,37,-7
LatentSpace_v161,Ectorhinal area,23,33,-10
LatentSpace_v161,Primary motor area,35,38,-3
LatentSpace_v161,Secondary motor area,35,38,-3
LatentSpace_v161,"Frontal pole, cerebral cortex",35,40,-5
LatentSpace_v161,Orbital area,29,35,-6
LatentSpace_v161,Posterior parietal association areas,33,38,-5
LatentSpace_v161,Perirhinal area,20,32,-12
LatentSpace_v161,Primary somatosensory area,28,35,-7
LatentSpace_v161,Supplemental somatosensory area,37,38,-1
LatentSpace_v161,Temporal association areas,30,33,-3
LatentSpace_v161,Visual areas,31,38,-7
LatentSpace_v161,Pallidum,8,6,2
LatentSpace_v161,Striatum ventral region,5,3,2
LatentSpace_v161,Lateral septal complex,8,4,4
LatentSpace_v161,Caudoputamen,3,3,0
LatentSpace_v161,Medial amygdalar nucleus,10,7,3
LatentSpace_v161,Hypothalamus,12,9,3
LatentSpace_v161,Thalamus,5,1,4
LatentSpace_v161,Inferior colliculus,13,9,4
LatentSpace_v161,"Superior colliculus, sensory related",8,10,-2
LatentSpace_v161,Midbrain raphe nuclei,14,12,2
LatentSpace_v161,Midbrain-other,14,10,4
LatentSpace_v161,Periaqueductal gray,13,11,2
LatentSpace_v161,Pons,9,9,0
LatentSpace_v161,Medulla,10,9,1
LatentSpace_v161,Lingula (I),9,34,-25
LatentSpace_v161,Central lobule,10,34,-24
LatentSpace_v161,Culmen,25,34,-9
LatentSpace_v161,Declive (VI),23,28,-5
LatentSpace_v161,Folium-tuber vermis (VII),23,31,-8
LatentSpace_v161,Pyramus (VIII),23,32,-9
LatentSpace_v161,Uvula (IX),16,34,-18
LatentSpace_v161,Nodulus (X),15,35,-20
LatentSpace_v161,Simple lobule,22,29,-7
LatentSpace_v161,Crus 1,23,26,-3
LatentSpace_v161,Crus 2,22,27,-5
LatentSpace_v161,Paramedian lobule,23,33,-10
LatentSpace_v161,Copula pyramidis,23,34,-11
LatentSpace_v161,Flocculus,19,34,-15
LatentSpace_v161,Paraflocculus,24,36,-12
LatentSpace_v161,Cerebellar nuclei,12,11,1
LatentSpace_v162,Cortical subplate-other,9,15,-6
LatentSpace_v162,Claustrum,23,33,-10
LatentSpace_v162,Endopiriform nucleus,12,32,-20
LatentSpace_v162,Olfactory areas-other,13,33,-20
LatentSpace_v162,Postpiriform transition area,25,27,-2
LatentSpace_v162,Piriform area,20,34,-14
LatentSpace_v162,Taenia tecta,13,28,-15
LatentSpace_v162,Cortical amygdalar area,10,19,-9
LatentSpace_v162,Piriform-amygdalar area,11,28,-17
LatentSpace_v162,Main olfactory bulb,10,10,0
LatentSpace_v162,Accessory olfactory bulb,32,19,13
LatentSpace_v162,Anterior olfactory nucleus,12,32,-20
LatentSpace_v162,Subiculum,5,35,-30
LatentSpace_v162,Entorhinal area,31,22,9
LatentSpace_v162,Field CA1,6,25,-19
LatentSpace_v162,Field CA2,8,14,-6
LatentSpace_v162,Field CA3,6,8,-2
LatentSpace_v162,Dentate gyrus,6,3,3
LatentSpace_v162,Anterior cingulate area,35,39,-4
LatentSpace_v162,Infralimbic area,12,26,-14
LatentSpace_v162,Retrosplenial area,25,36,-11
LatentSpace_v162,Prelimbic area,24,35,-11
LatentSpace_v162,Primary auditory area,35,38,-3
LatentSpace_v162,Dorsal auditory area,35,38,-3
LatentSpace_v162,Ventral auditory area,37,38,-1
LatentSpace_v162,Agranular insular area,25,37,-12
LatentSpace_v162,Ectorhinal area,23,33,-10
LatentSpace_v162,Primary motor area,35,38,-3
LatentSpace_v162,Secondary motor area,36,38,-2
LatentSpace_v162,"Frontal pole, cerebral cortex",34,40,-6
LatentSpace_v162,Orbital area,25,35,-10
LatentSpace_v162,Posterior parietal association areas,35,38,-3
LatentSpace_v162,Perirhinal area,19,32,-13
LatentSpace_v162,Primary somatosensory area,28,35,-7
LatentSpace_v162,Supplemental somatosensory area,35,38,-3
LatentSpace_v162,Temporal association areas,31,33,-2
LatentSpace_v162,Visual areas,31,38,-7
LatentSpace_v162,Pallidum,7,6,1
LatentSpace_v162,Striatum ventral region,9,3,6
LatentSpace_v162,Lateral septal complex,9,4,5
LatentSpace_v162,Caudoputamen,3,3,0
LatentSpace_v162,Medial amygdalar nucleus,8,7,1
LatentSpace_v162,Hypothalamus,5,9,-4
LatentSpace_v162,Thalamus,9,1,8
LatentSpace_v162,Inferior colliculus,6,9,-3
LatentSpace_v162,"Superior colliculus, sensory related",8,10,-2
LatentSpace_v162,Midbrain raphe nuclei,14,12,2
LatentSpace_v162,Midbrain-other,12,10,2
LatentSpace_v162,Periaqueductal gray,13,11,2
LatentSpace_v162,Pons,11,9,2
LatentSpace_v162,Medulla,9,9,0
LatentSpace_v162,Lingula (I),13,34,-21
LatentSpace_v162,Central lobule,11,34,-23
LatentSpace_v162,Culmen,21,34,-13
LatentSpace_v162,Declive (VI),23,28,-5
LatentSpace_v162,Folium-tuber vermis (VII),23,31,-8
LatentSpace_v162,Pyramus (VIII),23,32,-9
LatentSpace_v162,Uvula (IX),32,34,-2
LatentSpace_v162,Nodulus (X),13,35,-22
LatentSpace_v162,Simple lobule,22,29,-7
LatentSpace_v162,Crus 1,22,26,-4
LatentSpace_v162,Crus 2,22,27,-5
LatentSpace_v162,Paramedian lobule,23,33,-10
LatentSpace_v162,Copula pyramidis,29,34,-5
LatentSpace_v162,Flocculus,29,34,-5
LatentSpace_v162,Paraflocculus,23,36,-13
LatentSpace_v162,Cerebellar nuclei,10,11,-1
LatentSpace_v163,Cortical subplate-other,8,15,-7
LatentSpace_v163,Claustrum,21,33,-12
LatentSpace_v163,Endopiriform nucleus,6,32,-26
LatentSpace_v163,Olfactory areas-other,8,33,-25
LatentSpace_v163,Postpiriform transition area,7,27,-20
LatentSpace_v163,Piriform area,14,34,-20
LatentSpace_v163,Taenia tecta,11,28,-17
LatentSpace_v163,Cortical amygdalar area,4,19,-15
LatentSpace_v163,Piriform-amygdalar area,4,28,-24
LatentSpace_v163,Main olfactory bulb,2,10,-8
LatentSpace_v163,Accessory olfactory bulb,31,19,12
LatentSpace_v163,Anterior olfactory nucleus,3,32,-29
LatentSpace_v163,Subiculum,8,35,-27
LatentSpace_v163,Entorhinal area,13,22,-9
LatentSpace_v163,Field CA1,8,25,-17
LatentSpace_v163,Field CA2,14,14,0
LatentSpace_v163,Field CA3,6,8,-2
LatentSpace_v163,Dentate gyrus,6,3,3
LatentSpace_v163,Anterior cingulate area,36,39,-3
LatentSpace_v163,Infralimbic area,11,26,-15
LatentSpace_v163,Retrosplenial area,24,36,-12
LatentSpace_v163,Prelimbic area,27,35,-8
LatentSpace_v163,Primary auditory area,37,38,-1
LatentSpace_v163,Dorsal auditory area,35,38,-3
LatentSpace_v163,Ventral auditory area,38,38,0
LatentSpace_v163,Agranular insular area,16,37,-21
LatentSpace_v163,Ectorhinal area,21,33,-12
LatentSpace_v163,Primary motor area,35,38,-3
LatentSpace_v163,Secondary motor area,36,38,-2
LatentSpace_v163,"Frontal pole, cerebral cortex",29,40,-11
LatentSpace_v163,Orbital area,23,35,-12
LatentSpace_v163,Posterior parietal association areas,35,38,-3
LatentSpace_v163,Perirhinal area,17,32,-15
LatentSpace_v163,Primary somatosensory area,31,35,-4
LatentSpace_v163,Supplemental somatosensory area,37,38,-1
LatentSpace_v163,Temporal association areas,29,33,-4
LatentSpace_v163,Visual areas,35,38,-3
LatentSpace_v163,Pallidum,7,6,1
LatentSpace_v163,Striatum ventral region,6,3,3
LatentSpace_v163,Lateral septal complex,15,4,11
LatentSpace_v163,Caudoputamen,3,3,0
LatentSpace_v163,Medial amygdalar nucleus,10,7,3
LatentSpace_v163,Hypothalamus,6,9,-3
LatentSpace_v163,Thalamus,5,1,4
LatentSpace_v163,Inferior colliculus,3,9,-6
LatentSpace_v163,"Superior colliculus, sensory related",5,10,-5
LatentSpace_v163,Midbrain raphe nuclei,14,12,2
LatentSpace_v163,Midbrain-other,9,10,-1
LatentSpace_v163,Periaqueductal gray,9,11,-2
LatentSpace_v163,Pons,10,9,1
LatentSpace_v163,Medulla,11,9,2
LatentSpace_v163,Lingula (I),13,34,-21
LatentSpace_v163,Central lobule,9,34,-25
LatentSpace_v163,Culmen,24,34,-10
LatentSpace_v163,Declive (VI),24,28,-4
LatentSpace_v163,Folium-tuber vermis (VII),26,31,-5
LatentSpace_v163,Pyramus (VIII),32,32,0
LatentSpace_v163,Uvula (IX),17,34,-17
LatentSpace_v163,Nodulus (X),13,35,-22
LatentSpace_v163,Simple lobule,25,29,-4
LatentSpace_v163,Crus 1,23,26,-3
LatentSpace_v163,Crus 2,23,27,-4
LatentSpace_v163,Paramedian lobule,27,33,-6
LatentSpace_v163,Copula pyramidis,31,34,-3
LatentSpace_v163,Flocculus,32,34,-2
LatentSpace_v163,Paraflocculus,28,36,-8
LatentSpace_v163,Cerebellar nuclei,10,11,-1
LatentSpace_v164,Cortical subplate-other,6,15,-9
LatentSpace_v164,Claustrum,16,33,-17
LatentSpace_v164,Endopiriform nucleus,8,32,-24
LatentSpace_v164,Olfactory areas-other,14,33,-19
LatentSpace_v164,Postpiriform transition area,5,27,-22
LatentSpace_v164,Piriform area,9,34,-25
LatentSpace_v164,Taenia tecta,9,28,-19
LatentSpace_v164,Cortical amygdalar area,2,19,-17
LatentSpace_v164,Piriform-amygdalar area,6,28,-22
LatentSpace_v164,Main olfactory bulb,22,10,12
LatentSpace_v164,Accessory olfactory bulb,37,19,18
LatentSpace_v164,Anterior olfactory nucleus,14,32,-18
LatentSpace_v164,Subiculum,6,35,-29
LatentSpace_v164,Entorhinal area,8,22,-14
LatentSpace_v164,Field CA1,8,25,-17
LatentSpace_v164,Field CA2,7,14,-7
LatentSpace_v164,Field CA3,6,8,-2
LatentSpace_v164,Dentate gyrus,8,3,5
LatentSpace_v164,Anterior cingulate area,37,39,-2
LatentSpace_v164,Infralimbic area,8,26,-18
LatentSpace_v164,Retrosplenial area,30,36,-6
LatentSpace_v164,Prelimbic area,28,35,-7
LatentSpace_v164,Primary auditory area,38,38,0
LatentSpace_v164,Dorsal auditory area,35,38,-3
LatentSpace_v164,Ventral auditory area,39,38,1
LatentSpace_v164,Agranular insular area,25,37,-12
LatentSpace_v164,Ectorhinal area,22,33,-11
LatentSpace_v164,Primary motor area,35,38,-3
LatentSpace_v164,Secondary motor area,39,38,1
LatentSpace_v164,"Frontal pole, cerebral cortex",32,40,-8
LatentSpace_v164,Orbital area,25,35,-10
LatentSpace_v164,Posterior parietal association areas,36,38,-2
LatentSpace_v164,Perirhinal area,18,32,-14
LatentSpace_v164,Primary somatosensory area,32,35,-3
LatentSpace_v164,Supplemental somatosensory area,37,38,-1
LatentSpace_v164,Temporal association areas,31,33,-2
LatentSpace_v164,Visual areas,35,38,-3
LatentSpace_v164,Pallidum,7,6,1
LatentSpace_v164,Striatum ventral region,7,3,4
LatentSpace_v164,Lateral septal complex,9,4,5
LatentSpace_v164,Caudoputamen,3,3,0
LatentSpace_v164,Medial amygdalar nucleus,7,7,0
LatentSpace_v164,Hypothalamus,5,9,-4
LatentSpace_v164,Thalamus,3,1,2
LatentSpace_v164,Inferior colliculus,6,9,-3
LatentSpace_v164,"Superior colliculus, sensory related",5,10,-5
LatentSpace_v164,Midbrain raphe nuclei,14,12,2
LatentSpace_v164,Midbrain-other,11,10,1
LatentSpace_v164,Periaqueductal gray,10,11,-1
LatentSpace_v164,Pons,11,9,2
LatentSpace_v164,Medulla,11,9,2
LatentSpace_v164,Lingula (I),11,34,-23
LatentSpace_v164,Central lobule,20,34,-14
LatentSpace_v164,Culmen,31,34,-3
LatentSpace_v164,Declive (VI),23,28,-5
LatentSpace_v164,Folium-tuber vermis (VII),23,31,-8
LatentSpace_v164,Pyramus (VIII),23,32,-9
LatentSpace_v164,Uvula (IX),30,34,-4
LatentSpace_v164,Nodulus (X),17,35,-18
LatentSpace_v164,Simple lobule,23,29,-6
LatentSpace_v164,Crus 1,23,26,-3
LatentSpace_v164,Crus 2,23,27,-4
LatentSpace_v164,Paramedian lobule,23,33,-10
LatentSpace_v164,Copula pyramidis,23,34,-11
LatentSpace_v164,Flocculus,30,34,-4
LatentSpace_v164,Paraflocculus,23,36,-13
LatentSpace_v164,Cerebellar nuclei,28,11,17
LatentSpace_v165,Cortical subplate-other,5,15,-10
LatentSpace_v165,Claustrum,21,33,-12
LatentSpace_v165,Endopiriform nucleus,13,32,-19
LatentSpace_v165,Olfactory areas-other,18,33,-15
LatentSpace_v165,Postpiriform transition area,12,27,-15
LatentSpace_v165,Piriform area,18,34,-16
LatentSpace_v165,Taenia tecta,7,28,-21
LatentSpace_v165,Cortical amygdalar area,9,19,-10
LatentSpace_v165,Piriform-amygdalar area,15,28,-13
LatentSpace_v165,Main olfactory bulb,37,10,27
LatentSpace_v165,Accessory olfactory bulb,36,19,17
LatentSpace_v165,Anterior olfactory nucleus,11,32,-21
LatentSpace_v165,Subiculum,7,35,-28
LatentSpace_v165,Entorhinal area,16,22,-6
LatentSpace_v165,Field CA1,7,25,-18
LatentSpace_v165,Field CA2,25,14,11
LatentSpace_v165,Field CA3,4,8,-4
LatentSpace_v165,Dentate gyrus,5,3,2
LatentSpace_v165,Anterior cingulate area,33,39,-6
LatentSpace_v165,Infralimbic area,7,26,-19
LatentSpace_v165,Retrosplenial area,30,36,-6
LatentSpace_v165,Prelimbic area,28,35,-7
LatentSpace_v165,Primary auditory area,37,38,-1
LatentSpace_v165,Dorsal auditory area,35,38,-3
LatentSpace_v165,Ventral auditory area,39,38,1
LatentSpace_v165,Agranular insular area,18,37,-19
LatentSpace_v165,Ectorhinal area,24,33,-9
LatentSpace_v165,Primary motor area,35,38,-3
LatentSpace_v165,Secondary motor area,36,38,-2
LatentSpace_v165,"Frontal pole, cerebral cortex",34,40,-6
LatentSpace_v165,Orbital area,22,35,-13
LatentSpace_v165,Posterior parietal association areas,35,38,-3
LatentSpace_v165,Perirhinal area,24,32,-8
LatentSpace_v165,Primary somatosensory area,26,35,-9
LatentSpace_v165,Supplemental somatosensory area,38,38,0
LatentSpace_v165,Temporal association areas,33,33,0
LatentSpace_v165,Visual areas,35,38,-3
LatentSpace_v165,Pallidum,8,6,2
LatentSpace_v165,Striatum ventral region,6,3,3
LatentSpace_v165,Lateral septal complex,6,4,2
LatentSpace_v165,Caudoputamen,3,3,0
LatentSpace_v165,Medial amygdalar nucleus,8,7,1
LatentSpace_v165,Hypothalamus,5,9,-4
LatentSpace_v165,Thalamus,6,1,5
LatentSpace_v165,Inferior colliculus,8,9,-1
LatentSpace_v165,"Superior colliculus, sensory related",5,10,-5
LatentSpace_v165,Midbrain raphe nuclei,13,12,1
LatentSpace_v165,Midbrain-other,10,10,0
LatentSpace_v165,Periaqueductal gray,11,11,0
LatentSpace_v165,Pons,6,9,-3
LatentSpace_v165,Medulla,10,9,1
LatentSpace_v165,Lingula (I),11,34,-23
LatentSpace_v165,Central lobule,12,34,-22
LatentSpace_v165,Culmen,13,34,-21
LatentSpace_v165,Declive (VI),25,28,-3
LatentSpace_v165,Folium-tuber vermis (VII),23,31,-8
LatentSpace_v165,Pyramus (VIII),23,32,-9
LatentSpace_v165,Uvula (IX),13,34,-21
LatentSpace_v165,Nodulus (X),12,35,-23
LatentSpace_v165,Simple lobule,25,29,-4
LatentSpace_v165,Crus 1,23,26,-3
LatentSpace_v165,Crus 2,23,27,-4
LatentSpace_v165,Paramedian lobule,23,33,-10
LatentSpace_v165,Copula pyramidis,23,34,-11
LatentSpace_v165,Flocculus,20,34,-14
LatentSpace_v165,Paraflocculus,23,36,-13
LatentSpace_v165,Cerebellar nuclei,11,11,0
LatentSpace_v166,Cortical subplate-other,14,15,-1
LatentSpace_v166,Claustrum,15,33,-18
LatentSpace_v166,Endopiriform nucleus,16,32,-16
LatentSpace_v166,Olfactory areas-other,21,33,-12
LatentSpace_v166,Postpiriform transition area,12,27,-15
LatentSpace_v166,Piriform area,18,34,-16
LatentSpace_v166,Taenia tecta,14,28,-14
LatentSpace_v166,Cortical amygdalar area,8,19,-11
LatentSpace_v166,Piriform-amygdalar area,9,28,-19
LatentSpace_v166,Main olfactory bulb,11,10,1
LatentSpace_v166,Accessory olfactory bulb,33,19,14
LatentSpace_v166,Anterior olfactory nucleus,19,32,-13
LatentSpace_v166,Subiculum,3,35,-32
LatentSpace_v166,Entorhinal area,16,22,-6
LatentSpace_v166,Field CA1,4,25,-21
LatentSpace_v166,Field CA2,7,14,-7
LatentSpace_v166,Field CA3,8,8,0
LatentSpace_v166,Dentate gyrus,8,3,5
LatentSpace_v166,Anterior cingulate area,35,39,-4
LatentSpace_v166,Infralimbic area,12,26,-14
LatentSpace_v166,Retrosplenial area,21,36,-15
LatentSpace_v166,Prelimbic area,27,35,-8
LatentSpace_v166,Primary auditory area,35,38,-3
LatentSpace_v166,Dorsal auditory area,31,38,-7
LatentSpace_v166,Ventral auditory area,33,38,-5
LatentSpace_v166,Agranular insular area,25,37,-12
LatentSpace_v166,Ectorhinal area,19,33,-14
LatentSpace_v166,Primary motor area,30,38,-8
LatentSpace_v166,Secondary motor area,33,38,-5
LatentSpace_v166,"Frontal pole, cerebral cortex",32,40,-8
LatentSpace_v166,Orbital area,29,35,-6
LatentSpace_v166,Posterior parietal association areas,25,38,-13
LatentSpace_v166,Perirhinal area,21,32,-11
LatentSpace_v166,Primary somatosensory area,23,35,-12
LatentSpace_v166,Supplemental somatosensory area,36,38,-2
LatentSpace_v166,Temporal association areas,27,33,-6
LatentSpace_v166,Visual areas,25,38,-13
LatentSpace_v166,Pallidum,10,6,4
LatentSpace_v166,Striatum ventral region,7,3,4
LatentSpace_v166,Lateral septal complex,7,4,3
LatentSpace_v166,Caudoputamen,3,3,0
LatentSpace_v166,Medial amygdalar nucleus,12,7,5
LatentSpace_v166,Hypothalamus,9,9,0
LatentSpace_v166,Thalamus,3,1,2
LatentSpace_v166,Inferior colliculus,21,9,12
LatentSpace_v166,"Superior colliculus, sensory related",9,10,-1
LatentSpace_v166,Midbrain raphe nuclei,14,12,2
LatentSpace_v166,Midbrain-other,11,10,1
LatentSpace_v166,Periaqueductal gray,10,11,-1
LatentSpace_v166,Pons,10,9,1
LatentSpace_v166,Medulla,13,9,4
LatentSpace_v166,Lingula (I),20,34,-14
LatentSpace_v166,Central lobule,27,34,-7
LatentSpace_v166,Culmen,25,34,-9
LatentSpace_v166,Declive (VI),23,28,-5
LatentSpace_v166,Folium-tuber vermis (VII),26,31,-5
LatentSpace_v166,Pyramus (VIII),32,32,0
LatentSpace_v166,Uvula (IX),34,34,0
LatentSpace_v166,Nodulus (X),34,35,-1
LatentSpace_v166,Simple lobule,22,29,-7
LatentSpace_v166,Crus 1,23,26,-3
LatentSpace_v166,Crus 2,23,27,-4
LatentSpace_v166,Paramedian lobule,23,33,-10
LatentSpace_v166,Copula pyramidis,31,34,-3
LatentSpace_v166,Flocculus,34,34,0
LatentSpace_v166,Paraflocculus,29,36,-7
LatentSpace_v166,Cerebellar nuclei,33,11,22
LatentSpace_v167,Cortical subplate-other,15,15,0
LatentSpace_v167,Claustrum,23,33,-10
LatentSpace_v167,Endopiriform nucleus,17,32,-15
LatentSpace_v167,Olfactory areas-other,16,33,-17
LatentSpace_v167,Postpiriform transition area,12,27,-15
LatentSpace_v167,Piriform area,22,34,-12
LatentSpace_v167,Taenia tecta,12,28,-16
LatentSpace_v167,Cortical amygdalar area,14,19,-5
LatentSpace_v167,Piriform-amygdalar area,12,28,-16
LatentSpace_v167,Main olfactory bulb,11,10,1
LatentSpace_v167,Accessory olfactory bulb,25,19,6
LatentSpace_v167,Anterior olfactory nucleus,16,32,-16
LatentSpace_v167,Subiculum,3,35,-32
LatentSpace_v167,Entorhinal area,18,22,-4
LatentSpace_v167,Field CA1,7,25,-18
LatentSpace_v167,Field CA2,9,14,-5
LatentSpace_v167,Field CA3,5,8,-3
LatentSpace_v167,Dentate gyrus,8,3,5
LatentSpace_v167,Anterior cingulate area,33,39,-6
LatentSpace_v167,Infralimbic area,9,26,-17
LatentSpace_v167,Retrosplenial area,26,36,-10
LatentSpace_v167,Prelimbic area,24,35,-11
LatentSpace_v167,Primary auditory area,37,38,-1
LatentSpace_v167,Dorsal auditory area,35,38,-3
LatentSpace_v167,Ventral auditory area,33,38,-5
LatentSpace_v167,Agranular insular area,23,37,-14
LatentSpace_v167,Ectorhinal area,24,33,-9
LatentSpace_v167,Primary motor area,34,38,-4
LatentSpace_v167,Secondary motor area,35,38,-3
LatentSpace_v167,"Frontal pole, cerebral cortex",28,40,-12
LatentSpace_v167,Orbital area,24,35,-11
LatentSpace_v167,Posterior parietal association areas,34,38,-4
LatentSpace_v167,Perirhinal area,21,32,-11
LatentSpace_v167,Primary somatosensory area,22,35,-13
LatentSpace_v167,Supplemental somatosensory area,36,38,-2
LatentSpace_v167,Temporal association areas,25,33,-8
LatentSpace_v167,Visual areas,34,38,-4
LatentSpace_v167,Pallidum,10,6,4
LatentSpace_v167,Striatum ventral region,9,3,6
LatentSpace_v167,Lateral septal complex,9,4,5
LatentSpace_v167,Caudoputamen,3,3,0
LatentSpace_v167,Medial amygdalar nucleus,14,7,7
LatentSpace_v167,Hypothalamus,10,9,1
LatentSpace_v167,Thalamus,3,1,2
LatentSpace_v167,Inferior colliculus,22,9,13
LatentSpace_v167,"Superior colliculus, sensory related",5,10,-5
LatentSpace_v167,Midbrain raphe nuclei,14,12,2
LatentSpace_v167,Midbrain-other,12,10,2
LatentSpace_v167,Periaqueductal gray,11,11,0
LatentSpace_v167,Pons,11,9,2
LatentSpace_v167,Medulla,31,9,22
LatentSpace_v167,Lingula (I),10,34,-24
LatentSpace_v167,Central lobule,9,34,-25
LatentSpace_v167,Culmen,31,34,-3
LatentSpace_v167,Declive (VI),23,28,-5
LatentSpace_v167,Folium-tuber vermis (VII),23,31,-8
LatentSpace_v167,Pyramus (VIII),25,32,-7
LatentSpace_v167,Uvula (IX),22,34,-12
LatentSpace_v167,Nodulus (X),16,35,-19
LatentSpace_v167,Simple lobule,23,29,-6
LatentSpace_v167,Crus 1,23,26,-3
LatentSpace_v167,Crus 2,23,27,-4
LatentSpace_v167,Paramedian lobule,23,33,-10
LatentSpace_v167,Copula pyramidis,23,34,-11
LatentSpace_v167,Flocculus,23,34,-11
LatentSpace_v167,Paraflocculus,32,36,-4
LatentSpace_v167,Cerebellar nuclei,21,11,10
LatentSpace_v168,Cortical subplate-other,8,15,-7
LatentSpace_v168,Claustrum,20,33,-13
LatentSpace_v168,Endopiriform nucleus,7,32,-25
LatentSpace_v168,Olfactory areas-other,8,33,-25
LatentSpace_v168,Postpiriform transition area,4,27,-23
LatentSpace_v168,Piriform area,5,34,-29
LatentSpace_v168,Taenia tecta,12,28,-16
LatentSpace_v168,Cortical amygdalar area,7,19,-12
LatentSpace_v168,Piriform-amygdalar area,4,28,-24
LatentSpace_v168,Main olfactory bulb,16,10,6
LatentSpace_v168,Accessory olfactory bulb,25,19,6
LatentSpace_v168,Anterior olfactory nucleus,8,32,-24
LatentSpace_v168,Subiculum,3,35,-32
LatentSpace_v168,Entorhinal area,7,22,-15
LatentSpace_v168,Field CA1,7,25,-18
LatentSpace_v168,Field CA2,16,14,2
LatentSpace_v168,Field CA3,5,8,-3
LatentSpace_v168,Dentate gyrus,7,3,4
LatentSpace_v168,Anterior cingulate area,34,39,-5
LatentSpace_v168,Infralimbic area,10,26,-16
LatentSpace_v168,Retrosplenial area,25,36,-11
LatentSpace_v168,Prelimbic area,23,35,-12
LatentSpace_v168,Primary auditory area,36,38,-2
LatentSpace_v168,Dorsal auditory area,35,38,-3
LatentSpace_v168,Ventral auditory area,34,38,-4
LatentSpace_v168,Agranular insular area,14,37,-23
LatentSpace_v168,Ectorhinal area,14,33,-19
LatentSpace_v168,Primary motor area,35,38,-3
LatentSpace_v168,Secondary motor area,35,38,-3
LatentSpace_v168,"Frontal pole, cerebral cortex",22,40,-18
LatentSpace_v168,Orbital area,18,35,-17
LatentSpace_v168,Posterior parietal association areas,35,38,-3
LatentSpace_v168,Perirhinal area,10,32,-22
LatentSpace_v168,Primary somatosensory area,29,35,-6
LatentSpace_v168,Supplemental somatosensory area,37,38,-1
LatentSpace_v168,Temporal association areas,24,33,-9
LatentSpace_v168,Visual areas,35,38,-3
LatentSpace_v168,Pallidum,9,6,3
LatentSpace_v168,Striatum ventral region,8,3,5
LatentSpace_v168,Lateral septal complex,10,4,6
LatentSpace_v168,Caudoputamen,3,3,0
LatentSpace_v168,Medial amygdalar nucleus,10,7,3
LatentSpace_v168,Hypothalamus,10,9,1
LatentSpace_v168,Thalamus,4,1,3
LatentSpace_v168,Inferior colliculus,7,9,-2
LatentSpace_v168,"Superior colliculus, sensory related",21,10,11
LatentSpace_v168,Midbrain raphe nuclei,15,12,3
LatentSpace_v168,Midbrain-other,12,10,2
LatentSpace_v168,Periaqueductal gray,11,11,0
LatentSpace_v168,Pons,12,9,3
LatentSpace_v168,Medulla,13,9,4
LatentSpace_v168,Lingula (I),11,34,-23
LatentSpace_v168,Central lobule,14,34,-20
LatentSpace_v168,Culmen,25,34,-9
LatentSpace_v168,Declive (VI),22,28,-6
LatentSpace_v168,Folium-tuber vermis (VII),24,31,-7
LatentSpace_v168,Pyramus (VIII),33,32,1
LatentSpace_v168,Uvula (IX),32,34,-2
LatentSpace_v168,Nodulus (X),19,35,-16
LatentSpace_v168,Simple lobule,22,29,-7
LatentSpace_v168,Crus 1,22,26,-4
LatentSpace_v168,Crus 2,23,27,-4
LatentSpace_v168,Paramedian lobule,28,33,-5
LatentSpace_v168,Copula pyramidis,32,34,-2
LatentSpace_v168,Flocculus,36,34,2
LatentSpace_v168,Paraflocculus,38,36,2
LatentSpace_v168,Cerebellar nuclei,33,11,22
LatentSpace_v169,Cortical subplate-other,6,15,-9
LatentSpace_v169,Claustrum,22,33,-11
LatentSpace_v169,Endopiriform nucleus,11,32,-21
LatentSpace_v169,Olfactory areas-other,17,33,-16
LatentSpace_v169,Postpiriform transition area,9,27,-18
LatentSpace_v169,Piriform area,14,34,-20
LatentSpace_v169,Taenia tecta,7,28,-21
LatentSpace_v169,Cortical amygdalar area,3,19,-16
LatentSpace_v169,Piriform-amygdalar area,5,28,-23
LatentSpace_v169,Main olfactory bulb,6,10,-4
LatentSpace_v169,Accessory olfactory bulb,21,19,2
LatentSpace_v169,Anterior olfactory nucleus,21,32,-11
LatentSpace_v169,Subiculum,7,35,-28
LatentSpace_v169,Entorhinal area,16,22,-6
LatentSpace_v169,Field CA1,7,25,-18
LatentSpace_v169,Field CA2,6,14,-8
LatentSpace_v169,Field CA3,5,8,-3
LatentSpace_v169,Dentate gyrus,8,3,5
LatentSpace_v169,Anterior cingulate area,35,39,-4
LatentSpace_v169,Infralimbic area,18,26,-8
LatentSpace_v169,Retrosplenial area,25,36,-11
LatentSpace_v169,Prelimbic area,25,35,-10
LatentSpace_v169,Primary auditory area,35,38,-3
LatentSpace_v169,Dorsal auditory area,35,38,-3
LatentSpace_v169,Ventral auditory area,37,38,-1
LatentSpace_v169,Agranular insular area,25,37,-12
LatentSpace_v169,Ectorhinal area,22,33,-11
LatentSpace_v169,Primary motor area,35,38,-3
LatentSpace_v169,Secondary motor area,33,38,-5
LatentSpace_v169,"Frontal pole, cerebral cortex",33,40,-7
LatentSpace_v169,Orbital area,23,35,-12
LatentSpace_v169,Posterior parietal association areas,35,38,-3
LatentSpace_v169,Perirhinal area,16,32,-16
LatentSpace_v169,Primary somatosensory area,25,35,-10
LatentSpace_v169,Supplemental somatosensory area,36,38,-2
LatentSpace_v169,Temporal association areas,28,33,-5
LatentSpace_v169,Visual areas,34,38,-4
LatentSpace_v169,Pallidum,7,6,1
LatentSpace_v169,Striatum ventral region,4,3,1
LatentSpace_v169,Lateral septal complex,7,4,3
LatentSpace_v169,Caudoputamen,3,3,0
LatentSpace_v169,Medial amygdalar nucleus,7,7,0
LatentSpace_v169,Hypothalamus,7,9,-2
LatentSpace_v169,Thalamus,8,1,7
LatentSpace_v169,Inferior colliculus,9,9,0
LatentSpace_v169,"Superior colliculus, sensory related",6,10,-4
LatentSpace_v169,Midbrain raphe nuclei,11,12,-1
LatentSpace_v169,Midbrain-other,11,10,1
LatentSpace_v169,Periaqueductal gray,10,11,-1
LatentSpace_v169,Pons,10,9,1
LatentSpace_v169,Medulla,11,9,2
LatentSpace_v169,Lingula (I),13,34,-21
LatentSpace_v169,Central lobule,14,34,-20
LatentSpace_v169,Culmen,32,34,-2
LatentSpace_v169,Declive (VI),23,28,-5
LatentSpace_v169,Folium-tuber vermis (VII),24,31,-7
LatentSpace_v169,Pyramus (VIII),27,32,-5
LatentSpace_v169,Uvula (IX),31,34,-3
LatentSpace_v169,Nodulus (X),14,35,-21
LatentSpace_v169,Simple lobule,23,29,-6
LatentSpace_v169,Crus 1,23,26,-3
LatentSpace_v169,Crus 2,23,27,-4
LatentSpace_v169,Paramedian lobule,23,33,-10
LatentSpace_v169,Copula pyramidis,29,34,-5
LatentSpace_v169,Flocculus,29,34,-5
LatentSpace_v169,Paraflocculus,28,36,-8
LatentSpace_v169,Cerebellar nuclei,13,11,2
LatentSpace_v170,Cortical subplate-other,9,15,-6
LatentSpace_v170,Claustrum,23,33,-10
LatentSpace_v170,Endopiriform nucleus,10,32,-22
LatentSpace_v170,Olfactory areas-other,9,33,-24
LatentSpace_v170,Postpiriform transition area,11,27,-16
LatentSpace_v170,Piriform area,12,34,-22
LatentSpace_v170,Taenia tecta,12,28,-16
LatentSpace_v170,Cortical amygdalar area,9,19,-10
LatentSpace_v170,Piriform-amygdalar area,7,28,-21
LatentSpace_v170,Main olfactory bulb,14,10,4
LatentSpace_v170,Accessory olfactory bulb,1,19,-18
LatentSpace_v170,Anterior olfactory nucleus,9,32,-23
LatentSpace_v170,Subiculum,6,35,-29
LatentSpace_v170,Entorhinal area,15,22,-7
LatentSpace_v170,Field CA1,6,25,-19
LatentSpace_v170,Field CA2,6,14,-8
LatentSpace_v170,Field CA3,5,8,-3
LatentSpace_v170,Dentate gyrus,8,3,5
LatentSpace_v170,Anterior cingulate area,36,39,-3
LatentSpace_v170,Infralimbic area,9,26,-17
LatentSpace_v170,Retrosplenial area,24,36,-12
LatentSpace_v170,Prelimbic area,25,35,-10
LatentSpace_v170,Primary auditory area,36,38,-2
LatentSpace_v170,Dorsal auditory area,35,38,-3
LatentSpace_v170,Ventral auditory area,36,38,-2
LatentSpace_v170,Agranular insular area,20,37,-17
LatentSpace_v170,Ectorhinal area,20,33,-13
LatentSpace_v170,Primary motor area,35,38,-3
LatentSpace_v170,Secondary motor area,37,38,-1
LatentSpace_v170,"Frontal pole, cerebral cortex",23,40,-17
LatentSpace_v170,Orbital area,23,35,-12
LatentSpace_v170,Posterior parietal association areas,35,38,-3
LatentSpace_v170,Perirhinal area,19,32,-13
LatentSpace_v170,Primary somatosensory area,31,35,-4
LatentSpace_v170,Supplemental somatosensory area,37,38,-1
LatentSpace_v170,Temporal association areas,26,33,-7
LatentSpace_v170,Visual areas,35,38,-3
LatentSpace_v170,Pallidum,10,6,4
LatentSpace_v170,Striatum ventral region,5,3,2
LatentSpace_v170,Lateral septal complex,6,4,2
LatentSpace_v170,Caudoputamen,3,3,0
LatentSpace_v170,Medial amygdalar nucleus,10,7,3
LatentSpace_v170,Hypothalamus,7,9,-2
LatentSpace_v170,Thalamus,4,1,3
LatentSpace_v170,Inferior colliculus,13,9,4
LatentSpace_v170,"Superior colliculus, sensory related",8,10,-2
LatentSpace_v170,Midbrain raphe nuclei,14,12,2
LatentSpace_v170,Midbrain-other,12,10,2
LatentSpace_v170,Periaqueductal gray,12,11,1
LatentSpace_v170,Pons,11,9,2
LatentSpace_v170,Medulla,10,9,1
LatentSpace_v170,Lingula (I),22,34,-12
LatentSpace_v170,Central lobule,27,34,-7
LatentSpace_v170,Culmen,25,34,-9
LatentSpace_v170,Declive (VI),23,28,-5
LatentSpace_v170,Folium-tuber vermis (VII),23,31,-8
LatentSpace_v170,Pyramus (VIII),23,32,-9
LatentSpace_v170,Uvula (IX),29,34,-5
LatentSpace_v170,Nodulus (X),21,35,-14
LatentSpace_v170,Simple lobule,23,29,-6
LatentSpace_v170,Crus 1,23,26,-3
LatentSpace_v170,Crus 2,23,27,-4
LatentSpace_v170,Paramedian lobule,23,33,-10
LatentSpace_v170,Copula pyramidis,24,34,-10
LatentSpace_v170,Flocculus,21,34,-13
LatentSpace_v170,Paraflocculus,33,36,-3
LatentSpace_v170,Cerebellar nuclei,16,11,5
LatentSpace_v171,Cortical subplate-other,10,15,-5
LatentSpace_v171,Claustrum,17,33,-16
LatentSpace_v171,Endopiriform nucleus,8,32,-24
LatentSpace_v171,Olfactory areas-other,15,33,-18
LatentSpace_v171,Postpiriform transition area,9,27,-18
LatentSpace_v171,Piriform area,8,34,-26
LatentSpace_v171,Taenia tecta,14,28,-14
LatentSpace_v171,Cortical amygdalar area,9,19,-10
LatentSpace_v171,Piriform-amygdalar area,7,28,-21
LatentSpace_v171,Main olfactory bulb,13,10,3
LatentSpace_v171,Accessory olfactory bulb,24,19,5
LatentSpace_v171,Anterior olfactory nucleus,16,32,-16
LatentSpace_v171,Subiculum,3,35,-32
LatentSpace_v171,Entorhinal area,10,22,-12
LatentSpace_v171,Field CA1,6,25,-19
LatentSpace_v171,Field CA2,6,14,-8
LatentSpace_v171,Field CA3,6,8,-2
LatentSpace_v171,Dentate gyrus,6,3,3
LatentSpace_v171,Anterior cingulate area,34,39,-5
LatentSpace_v171,Infralimbic area,12,26,-14
LatentSpace_v171,Retrosplenial area,25,36,-11
LatentSpace_v171,Prelimbic area,23,35,-12
LatentSpace_v171,Primary auditory area,35,38,-3
LatentSpace_v171,Dorsal auditory area,35,38,-3
LatentSpace_v171,Ventral auditory area,38,38,0
LatentSpace_v171,Agranular insular area,19,37,-18
LatentSpace_v171,Ectorhinal area,17,33,-16
LatentSpace_v171,Primary motor area,35,38,-3
LatentSpace_v171,Secondary motor area,36,38,-2
LatentSpace_v171,"Frontal pole, cerebral cortex",29,40,-11
LatentSpace_v171,Orbital area,23,35,-12
LatentSpace_v171,Posterior parietal association areas,35,38,-3
LatentSpace_v171,Perirhinal area,14,32,-18
LatentSpace_v171,Primary somatosensory area,31,35,-4
LatentSpace_v171,Supplemental somatosensory area,36,38,-2
LatentSpace_v171,Temporal association areas,25,33,-8
LatentSpace_v171,Visual areas,35,38,-3
LatentSpace_v171,Pallidum,6,6,0
LatentSpace_v171,Striatum ventral region,8,3,5
LatentSpace_v171,Lateral septal complex,8,4,4
LatentSpace_v171,Caudoputamen,3,3,0
LatentSpace_v171,Medial amygdalar nucleus,11,7,4
LatentSpace_v171,Hypothalamus,3,9,-6
LatentSpace_v171,Thalamus,8,1,7
LatentSpace_v171,Inferior colliculus,4,9,-5
LatentSpace_v171,"Superior colliculus, sensory related",8,10,-2
LatentSpace_v171,Midbrain raphe nuclei,11,12,-1
LatentSpace_v171,Midbrain-other,11,10,1
LatentSpace_v171,Periaqueductal gray,11,11,0
LatentSpace_v171,Pons,8,9,-1
LatentSpace_v171,Medulla,9,9,0
LatentSpace_v171,Lingula (I),12,34,-22
LatentSpace_v171,Central lobule,11,34,-23
LatentSpace_v171,Culmen,28,34,-6
LatentSpace_v171,Declive (VI),24,28,-4
LatentSpace_v171,Folium-tuber vermis (VII),24,31,-7
LatentSpace_v171,Pyramus (VIII),29,32,-3
LatentSpace_v171,Uvula (IX),13,34,-21
LatentSpace_v171,Nodulus (X),12,35,-23
LatentSpace_v171,Simple lobule,23,29,-6
LatentSpace_v171,Crus 1,23,26,-3
LatentSpace_v171,Crus 2,23,27,-4
LatentSpace_v171,Paramedian lobule,23,33,-10
LatentSpace_v171,Copula pyramidis,27,34,-7
LatentSpace_v171,Flocculus,14,34,-20
LatentSpace_v171,Paraflocculus,21,36,-15
LatentSpace_v171,Cerebellar nuclei,10,11,-1
LatentSpace_v172,Cortical subplate-other,8,15,-7
LatentSpace_v172,Claustrum,23,33,-10
LatentSpace_v172,Endopiriform nucleus,8,32,-24
LatentSpace_v172,Olfactory areas-other,14,33,-19
LatentSpace_v172,Postpiriform transition area,11,27,-16
LatentSpace_v172,Piriform area,10,34,-24
LatentSpace_v172,Taenia tecta,13,28,-15
LatentSpace_v172,Cortical amygdalar area,7,19,-12
LatentSpace_v172,Piriform-amygdalar area,11,28,-17
LatentSpace_v172,Main olfactory bulb,25,10,15
LatentSpace_v172,Accessory olfactory bulb,35,19,16
LatentSpace_v172,Anterior olfactory nucleus,10,32,-22
LatentSpace_v172,Subiculum,6,35,-29
LatentSpace_v172,Entorhinal area,9,22,-13
LatentSpace_v172,Field CA1,6,25,-19
LatentSpace_v172,Field CA2,7,14,-7
LatentSpace_v172,Field CA3,7,8,-1
LatentSpace_v172,Dentate gyrus,7,3,4
LatentSpace_v172,Anterior cingulate area,35,39,-4
LatentSpace_v172,Infralimbic area,10,26,-16
LatentSpace_v172,Retrosplenial area,25,36,-11
LatentSpace_v172,Prelimbic area,28,35,-7
LatentSpace_v172,Primary auditory area,35,38,-3
LatentSpace_v172,Dorsal auditory area,35,38,-3
LatentSpace_v172,Ventral auditory area,38,38,0
LatentSpace_v172,Agranular insular area,26,37,-11
LatentSpace_v172,Ectorhinal area,23,33,-10
LatentSpace_v172,Primary motor area,35,38,-3
LatentSpace_v172,Secondary motor area,35,38,-3
LatentSpace_v172,"Frontal pole, cerebral cortex",35,40,-5
LatentSpace_v172,Orbital area,24,35,-11
LatentSpace_v172,Posterior parietal association areas,34,38,-4
LatentSpace_v172,Perirhinal area,17,32,-15
LatentSpace_v172,Primary somatosensory area,29,35,-6
LatentSpace_v172,Supplemental somatosensory area,37,38,-1
LatentSpace_v172,Temporal association areas,29,33,-4
LatentSpace_v172,Visual areas,33,38,-5
LatentSpace_v172,Pallidum,7,6,1
LatentSpace_v172,Striatum ventral region,6,3,3
LatentSpace_v172,Lateral septal complex,8,4,4
LatentSpace_v172,Caudoputamen,3,3,0
LatentSpace_v172,Medial amygdalar nucleus,8,7,1
LatentSpace_v172,Hypothalamus,6,9,-3
LatentSpace_v172,Thalamus,5,1,4
LatentSpace_v172,Inferior colliculus,10,9,1
LatentSpace_v172,"Superior colliculus, sensory related",10,10,0
LatentSpace_v172,Midbrain raphe nuclei,13,12,1
LatentSpace_v172,Midbrain-other,12,10,2
LatentSpace_v172,Periaqueductal gray,11,11,0
LatentSpace_v172,Pons,9,9,0
LatentSpace_v172,Medulla,9,9,0
LatentSpace_v172,Lingula (I),22,34,-12
LatentSpace_v172,Central lobule,28,34,-6
LatentSpace_v172,Culmen,30,34,-4
LatentSpace_v172,Declive (VI),23,28,-5
LatentSpace_v172,Folium-tuber vermis (VII),23,31,-8
LatentSpace_v172,Pyramus (VIII),23,32,-9
LatentSpace_v172,Uvula (IX),31,34,-3
LatentSpace_v172,Nodulus (X),34,35,-1
LatentSpace_v172,Simple lobule,25,29,-4
LatentSpace_v172,Crus 1,23,26,-3
LatentSpace_v172,Crus 2,23,27,-4
LatentSpace_v172,Paramedian lobule,23,33,-10
LatentSpace_v172,Copula pyramidis,23,34,-11
LatentSpace_v172,Flocculus,33,34,-1
LatentSpace_v172,Paraflocculus,28,36,-8
LatentSpace_v172,Cerebellar nuclei,33,11,22
LatentSpace_v173,Cortical subplate-other,7,15,-8
LatentSpace_v173,Claustrum,15,33,-18
LatentSpace_v173,Endopiriform nucleus,10,32,-22
LatentSpace_v173,Olfactory areas-other,12,33,-21
LatentSpace_v173,Postpiriform transition area,11,27,-16
LatentSpace_v173,Piriform area,8,34,-26
LatentSpace_v173,Taenia tecta,11,28,-17
LatentSpace_v173,Cortical amygdalar area,8,19,-11
LatentSpace_v173,Piriform-amygdalar area,7,28,-21
LatentSpace_v173,Main olfactory bulb,25,10,15
LatentSpace_v173,Accessory olfactory bulb,8,19,-11
LatentSpace_v173,Anterior olfactory nucleus,12,32,-20
LatentSpace_v173,Subiculum,2,35,-33
LatentSpace_v173,Entorhinal area,7,22,-15
LatentSpace_v173,Field CA1,4,25,-21
LatentSpace_v173,Field CA2,7,14,-7
LatentSpace_v173,Field CA3,6,8,-2
LatentSpace_v173,Dentate gyrus,8,3,5
LatentSpace_v173,Anterior cingulate area,36,39,-3
LatentSpace_v173,Infralimbic area,8,26,-18
LatentSpace_v173,Retrosplenial area,28,36,-8
LatentSpace_v173,Prelimbic area,27,35,-8
LatentSpace_v173,Primary auditory area,39,38,1
LatentSpace_v173,Dorsal auditory area,37,38,-1
LatentSpace_v173,Ventral auditory area,39,38,1
LatentSpace_v173,Agranular insular area,20,37,-17
LatentSpace_v173,Ectorhinal area,16,33,-17
LatentSpace_v173,Primary motor area,36,38,-2
LatentSpace_v173,Secondary motor area,36,38,-2
LatentSpace_v173,"Frontal pole, cerebral cortex",31,40,-9
LatentSpace_v173,Orbital area,24,35,-11
LatentSpace_v173,Posterior parietal association areas,35,38,-3
LatentSpace_v173,Perirhinal area,13,32,-19
LatentSpace_v173,Primary somatosensory area,35,35,0
LatentSpace_v173,Supplemental somatosensory area,39,38,1
LatentSpace_v173,Temporal association areas,27,33,-6
LatentSpace_v173,Visual areas,35,38,-3
LatentSpace_v173,Pallidum,8,6,2
LatentSpace_v173,Striatum ventral region,10,3,7
LatentSpace_v173,Lateral septal complex,10,4,6
LatentSpace_v173,Caudoputamen,3,3,0
LatentSpace_v173,Medial amygdalar nucleus,9,7,2
LatentSpace_v173,Hypothalamus,9,9,0
LatentSpace_v173,Thalamus,7,1,6
LatentSpace_v173,Inferior colliculus,16,9,7
LatentSpace_v173,"Superior colliculus, sensory related",11,10,1
LatentSpace_v173,Midbrain raphe nuclei,15,12,3
LatentSpace_v173,Midbrain-other,13,10,3
LatentSpace_v173,Periaqueductal gray,13,11,2
LatentSpace_v173,Pons,11,9,2
LatentSpace_v173,Medulla,12,9,3
LatentSpace_v173,Lingula (I),19,34,-15
LatentSpace_v173,Central lobule,30,34,-4
LatentSpace_v173,Culmen,26,34,-8
LatentSpace_v173,Declive (VI),23,28,-5
LatentSpace_v173,Folium-tuber vermis (VII),23,31,-8
LatentSpace_v173,Pyramus (VIII),34,32,2
LatentSpace_v173,Uvula (IX),20,34,-14
LatentSpace_v173,Nodulus (X),17,35,-18
LatentSpace_v173,Simple lobule,22,29,-7
LatentSpace_v173,Crus 1,22,26,-4
LatentSpace_v173,Crus 2,22,27,-5
LatentSpace_v173,Paramedian lobule,23,33,-10
LatentSpace_v173,Copula pyramidis,33,34,-1
LatentSpace_v173,Flocculus,19,34,-15
LatentSpace_v173,Paraflocculus,31,36,-5
LatentSpace_v173,Cerebellar nuclei,14,11,3
LatentSpace_v174,Cortical subplate-other,10,15,-5
LatentSpace_v174,Claustrum,24,33,-9
LatentSpace_v174,Endopiriform nucleus,19,32,-13
LatentSpace_v174,Olfactory areas-other,18,33,-15
LatentSpace_v174,Postpiriform transition area,12,27,-15
LatentSpace_v174,Piriform area,22,34,-12
LatentSpace_v174,Taenia tecta,12,28,-16
LatentSpace_v174,Cortical amygdalar area,12,19,-7
LatentSpace_v174,Piriform-amygdalar area,12,28,-16
LatentSpace_v174,Main olfactory bulb,29,10,19
LatentSpace_v174,Accessory olfactory bulb,37,19,18
LatentSpace_v174,Anterior olfactory nucleus,24,32,-8
LatentSpace_v174,Subiculum,6,35,-29
LatentSpace_v174,Entorhinal area,15,22,-7
LatentSpace_v174,Field CA1,7,25,-18
LatentSpace_v174,Field CA2,7,14,-7
LatentSpace_v174,Field CA3,6,8,-2
LatentSpace_v174,Dentate gyrus,8,3,5
LatentSpace_v174,Anterior cingulate area,37,39,-2
LatentSpace_v174,Infralimbic area,12,26,-14
LatentSpace_v174,Retrosplenial area,25,36,-11
LatentSpace_v174,Prelimbic area,27,35,-8
LatentSpace_v174,Primary auditory area,37,38,-1
LatentSpace_v174,Dorsal auditory area,35,38,-3
LatentSpace_v174,Ventral auditory area,40,38,2
LatentSpace_v174,Agranular insular area,23,37,-14
LatentSpace_v174,Ectorhinal area,25,33,-8
LatentSpace_v174,Primary motor area,35,38,-3
LatentSpace_v174,Secondary motor area,36,38,-2
LatentSpace_v174,"Frontal pole, cerebral cortex",34,40,-6
LatentSpace_v174,Orbital area,23,35,-12
LatentSpace_v174,Posterior parietal association areas,34,38,-4
LatentSpace_v174,Perirhinal area,21,32,-11
LatentSpace_v174,Primary somatosensory area,31,35,-4
LatentSpace_v174,Supplemental somatosensory area,38,38,0
LatentSpace_v174,Temporal association areas,32,33,-1
LatentSpace_v174,Visual areas,35,38,-3
LatentSpace_v174,Pallidum,9,6,3
LatentSpace_v174,Striatum ventral region,7,3,4
LatentSpace_v174,Lateral septal complex,10,4,6
LatentSpace_v174,Caudoputamen,3,3,0
LatentSpace_v174,Medial amygdalar nucleus,12,7,5
LatentSpace_v174,Hypothalamus,11,9,2
LatentSpace_v174,Thalamus,8,1,7
LatentSpace_v174,Inferior colliculus,8,9,-1
LatentSpace_v174,"Superior colliculus, sensory related",8,10,-2
LatentSpace_v174,Midbrain raphe nuclei,14,12,2
LatentSpace_v174,Midbrain-other,11,10,1
LatentSpace_v174,Periaqueductal gray,13,11,2
LatentSpace_v174,Pons,10,9,1
LatentSpace_v174,Medulla,13,9,4
LatentSpace_v174,Lingula (I),12,34,-22
LatentSpace_v174,Central lobule,23,34,-11
LatentSpace_v174,Culmen,23,34,-11
LatentSpace_v174,Declive (VI),23,28,-5
LatentSpace_v174,Folium-tuber vermis (VII),23,31,-8
LatentSpace_v174,Pyramus (VIII),23,32,-9
LatentSpace_v174,Uvula (IX),32,34,-2
LatentSpace_v174,Nodulus (X),21,35,-14
LatentSpace_v174,Simple lobule,22,29,-7
LatentSpace_v174,Crus 1,22,26,-4
LatentSpace_v174,Crus 2,22,27,-5
LatentSpace_v174,Paramedian lobule,23,33,-10
LatentSpace_v174,Copula pyramidis,23,34,-11
LatentSpace_v174,Flocculus,25,34,-9
LatentSpace_v174,Paraflocculus,25,36,-11
LatentSpace_v174,Cerebellar nuclei,32,11,21
LatentSpace_v175,Cortical subplate-other,11,15,-4
LatentSpace_v175,Claustrum,19,33,-14
LatentSpace_v175,Endopiriform nucleus,14,32,-18
LatentSpace_v175,Olfactory areas-other,15,33,-18
LatentSpace_v175,Postpiriform transition area,12,27,-15
LatentSpace_v175,Piriform area,10,34,-24
LatentSpace_v175,Taenia tecta,15,28,-13
LatentSpace_v175,Cortical amygdalar area,9,19,-10
LatentSpace_v175,Piriform-amygdalar area,11,28,-17
LatentSpace_v175,Main olfactory bulb,17,10,7
LatentSpace_v175,Accessory olfactory bulb,24,19,5
LatentSpace_v175,Anterior olfactory nucleus,14,32,-18
LatentSpace_v175,Subiculum,3,35,-32
LatentSpace_v175,Entorhinal area,12,22,-10
LatentSpace_v175,Field CA1,7,25,-18
LatentSpace_v175,Field CA2,8,14,-6
LatentSpace_v175,Field CA3,9,8,1
LatentSpace_v175,Dentate gyrus,8,3,5
LatentSpace_v175,Anterior cingulate area,37,39,-2
LatentSpace_v175,Infralimbic area,11,26,-15
LatentSpace_v175,Retrosplenial area,26,36,-10
LatentSpace_v175,Prelimbic area,24,35,-11
LatentSpace_v175,Primary auditory area,36,38,-2
LatentSpace_v175,Dorsal auditory area,35,38,-3
LatentSpace_v175,Ventral auditory area,38,38,0
LatentSpace_v175,Agranular insular area,21,37,-16
LatentSpace_v175,Ectorhinal area,21,33,-12
LatentSpace_v175,Primary motor area,35,38,-3
LatentSpace_v175,Secondary motor area,37,38,-1
LatentSpace_v175,"Frontal pole, cerebral cortex",32,40,-8
LatentSpace_v175,Orbital area,20,35,-15
LatentSpace_v175,Posterior parietal association areas,35,38,-3
LatentSpace_v175,Perirhinal area,12,32,-20
LatentSpace_v175,Primary somatosensory area,35,35,0
LatentSpace_v175,Supplemental somatosensory area,37,38,-1
LatentSpace_v175,Temporal association areas,30,33,-3
LatentSpace_v175,Visual areas,35,38,-3
LatentSpace_v175,Pallidum,10,6,4
LatentSpace_v175,Striatum ventral region,6,3,3
LatentSpace_v175,Lateral septal complex,9,4,5
LatentSpace_v175,Caudoputamen,3,3,0
LatentSpace_v175,Medial amygdalar nucleus,10,7,3
LatentSpace_v175,Hypothalamus,9,9,0
LatentSpace_v175,Thalamus,4,1,3
LatentSpace_v175,Inferior colliculus,12,9,3
LatentSpace_v175,"Superior colliculus, sensory related",7,10,-3
LatentSpace_v175,Midbrain raphe nuclei,15,12,3
LatentSpace_v175,Midbrain-other,11,10,1
LatentSpace_v175,Periaqueductal gray,12,11,1
LatentSpace_v175,Pons,10,9,1
LatentSpace_v175,Medulla,12,9,3
LatentSpace_v175,Lingula (I),7,34,-27
LatentSpace_v175,Central lobule,16,34,-18
LatentSpace_v175,Culmen,23,34,-11
LatentSpace_v175,Declive (VI),23,28,-5
LatentSpace_v175,Folium-tuber vermis (VII),23,31,-8
LatentSpace_v175,Pyramus (VIII),23,32,-9
LatentSpace_v175,Uvula (IX),20,34,-14
LatentSpace_v175,Nodulus (X),7,35,-28
LatentSpace_v175,Simple lobule,23,29,-6
LatentSpace_v175,Crus 1,22,26,-4
LatentSpace_v175,Crus 2,22,27,-5
LatentSpace_v175,Paramedian lobule,23,33,-10
LatentSpace_v175,Copula pyramidis,23,34,-11
LatentSpace_v175,Flocculus,19,34,-15
LatentSpace_v175,Paraflocculus,23,36,-13
LatentSpace_v175,Cerebellar nuclei,14,11,3
LatentSpace_v176,Cortical subplate-other,9,15,-6
LatentSpace_v176,Claustrum,21,33,-12
LatentSpace_v176,Endopiriform nucleus,12,32,-20
LatentSpace_v176,Olfactory areas-other,11,33,-22
LatentSpace_v176,Postpiriform transition area,7,27,-20
LatentSpace_v176,Piriform area,15,34,-19
LatentSpace_v176,Taenia tecta,12,28,-16
LatentSpace_v176,Cortical amygdalar area,3,19,-16
LatentSpace_v176,Piriform-amygdalar area,6,28,-22
LatentSpace_v176,Main olfactory bulb,23,10,13
LatentSpace_v176,Accessory olfactory bulb,53,19,34
LatentSpace_v176,Anterior olfactory nucleus,6,32,-26
LatentSpace_v176,Subiculum,6,35,-29
LatentSpace_v176,Entorhinal area,10,22,-12
LatentSpace_v176,Field CA1,6,25,-19
LatentSpace_v176,Field CA2,6,14,-8
LatentSpace_v176,Field CA3,5,8,-3
LatentSpace_v176,Dentate gyrus,10,3,7
LatentSpace_v176,Anterior cingulate area,33,39,-6
LatentSpace_v176,Infralimbic area,9,26,-17
LatentSpace_v176,Retrosplenial area,22,36,-14
LatentSpace_v176,Prelimbic area,24,35,-11
LatentSpace_v176,Primary auditory area,37,38,-1
LatentSpace_v176,Dorsal auditory area,35,38,-3
LatentSpace_v176,Ventral auditory area,33,38,-5
LatentSpace_v176,Agranular insular area,23,37,-14
LatentSpace_v176,Ectorhinal area,23,33,-10
LatentSpace_v176,Primary motor area,35,38,-3
LatentSpace_v176,Secondary motor area,34,38,-4
LatentSpace_v176,"Frontal pole, cerebral cortex",30,40,-10
LatentSpace_v176,Orbital area,23,35,-12
LatentSpace_v176,Posterior parietal association areas,33,38,-5
LatentSpace_v176,Perirhinal area,17,32,-15
LatentSpace_v176,Primary somatosensory area,29,35,-6
LatentSpace_v176,Supplemental somatosensory area,37,38,-1
LatentSpace_v176,Temporal association areas,27,33,-6
LatentSpace_v176,Visual areas,35,38,-3
LatentSpace_v176,Pallidum,10,6,4
LatentSpace_v176,Striatum ventral region,9,3,6
LatentSpace_v176,Lateral septal complex,8,4,4
LatentSpace_v176,Caudoputamen,3,3,0
LatentSpace_v176,Medial amygdalar nucleus,8,7,1
LatentSpace_v176,Hypothalamus,5,9,-4
LatentSpace_v176,Thalamus,6,1,5
LatentSpace_v176,Inferior colliculus,7,9,-2
LatentSpace_v176,"Superior colliculus, sensory related",5,10,-5
LatentSpace_v176,Midbrain raphe nuclei,12,12,0
LatentSpace_v176,Midbrain-other,9,10,-1
LatentSpace_v176,Periaqueductal gray,7,11,-4
LatentSpace_v176,Pons,9,9,0
LatentSpace_v176,Medulla,12,9,3
LatentSpace_v176,Lingula (I),14,34,-20
LatentSpace_v176,Central lobule,19,34,-15
LatentSpace_v176,Culmen,24,34,-10
LatentSpace_v176,Declive (VI),23,28,-5
LatentSpace_v176,Folium-tuber vermis (VII),23,31,-8
LatentSpace_v176,Pyramus (VIII),26,32,-6
LatentSpace_v176,Uvula (IX),31,34,-3
LatentSpace_v176,Nodulus (X),21,35,-14
LatentSpace_v176,Simple lobule,22,29,-7
LatentSpace_v176,Crus 1,22,26,-4
LatentSpace_v176,Crus 2,22,27,-5
LatentSpace_v176,Paramedian lobule,23,33,-10
LatentSpace_v176,Copula pyramidis,26,34,-8
LatentSpace_v176,Flocculus,34,34,0
LatentSpace_v176,Paraflocculus,24,36,-12
LatentSpace_v176,Cerebellar nuclei,26,11,15
LatentSpace_v177,Cortical subplate-other,4,15,-11
LatentSpace_v177,Claustrum,15,33,-18
LatentSpace_v177,Endopiriform nucleus,8,32,-24
LatentSpace_v177,Olfactory areas-other,24,33,-9
LatentSpace_v177,Postpiriform transition area,4,27,-23
LatentSpace_v177,Piriform area,8,34,-26
LatentSpace_v177,Taenia tecta,8,28,-20
LatentSpace_v177,Cortical amygdalar area,2,19,-17
LatentSpace_v177,Piriform-amygdalar area,2,28,-26
LatentSpace_v177,Main olfactory bulb,22,10,12
LatentSpace_v177,Accessory olfactory bulb,32,19,13
LatentSpace_v177,Anterior olfactory nucleus,25,32,-7
LatentSpace_v177,Subiculum,7,35,-28
LatentSpace_v177,Entorhinal area,7,22,-15
LatentSpace_v177,Field CA1,8,25,-17
LatentSpace_v177,Field CA2,8,14,-6
LatentSpace_v177,Field CA3,6,8,-2
LatentSpace_v177,Dentate gyrus,7,3,4
LatentSpace_v177,Anterior cingulate area,35,39,-4
LatentSpace_v177,Infralimbic area,9,26,-17
LatentSpace_v177,Retrosplenial area,25,36,-11
LatentSpace_v177,Prelimbic area,25,35,-10
LatentSpace_v177,Primary auditory area,35,38,-3
LatentSpace_v177,Dorsal auditory area,35,38,-3
LatentSpace_v177,Ventral auditory area,36,38,-2
LatentSpace_v177,Agranular insular area,23,37,-14
LatentSpace_v177,Ectorhinal area,17,33,-16
LatentSpace_v177,Primary motor area,35,38,-3
LatentSpace_v177,Secondary motor area,35,38,-3
LatentSpace_v177,"Frontal pole, cerebral cortex",33,40,-7
LatentSpace_v177,Orbital area,23,35,-12
LatentSpace_v177,Posterior parietal association areas,33,38,-5
LatentSpace_v177,Perirhinal area,11,32,-21
LatentSpace_v177,Primary somatosensory area,31,35,-4
LatentSpace_v177,Supplemental somatosensory area,36,38,-2
LatentSpace_v177,Temporal association areas,30,33,-3
LatentSpace_v177,Visual areas,32,38,-6
LatentSpace_v177,Pallidum,7,6,1
LatentSpace_v177,Striatum ventral region,3,3,0
LatentSpace_v177,Lateral septal complex,5,4,1
LatentSpace_v177,Caudoputamen,3,3,0
LatentSpace_v177,Medial amygdalar nucleus,7,7,0
LatentSpace_v177,Hypothalamus,13,9,4
LatentSpace_v177,Thalamus,11,1,10
LatentSpace_v177,Inferior colliculus,9,9,0
LatentSpace_v177,"Superior colliculus, sensory related",5,10,-5
LatentSpace_v177,Midbrain raphe nuclei,15,12,3
LatentSpace_v177,Midbrain-other,13,10,3
LatentSpace_v177,Periaqueductal gray,13,11,2
LatentSpace_v177,Pons,11,9,2
LatentSpace_v177,Medulla,11,9,2
LatentSpace_v177,Lingula (I),13,34,-21
LatentSpace_v177,Central lobule,15,34,-19
LatentSpace_v177,Culmen,28,34,-6
LatentSpace_v177,Declive (VI),22,28,-6
LatentSpace_v177,Folium-tuber vermis (VII),23,31,-8
LatentSpace_v177,Pyramus (VIII),24,32,-8
LatentSpace_v177,Uvula (IX),23,34,-11
LatentSpace_v177,Nodulus (X),13,35,-22
LatentSpace_v177,Simple lobule,22,29,-7
LatentSpace_v177,Crus 1,22,26,-4
LatentSpace_v177,Crus 2,21,27,-6
LatentSpace_v177,Paramedian lobule,22,33,-11
LatentSpace_v177,Copula pyramidis,25,34,-9
LatentSpace_v177,Flocculus,17,34,-17
LatentSpace_v177,Paraflocculus,28,36,-8
LatentSpace_v177,Cerebellar nuclei,14,11,3
LatentSpace_v178,Cortical subplate-other,10,15,-5
LatentSpace_v178,Claustrum,22,33,-11
LatentSpace_v178,Endopiriform nucleus,13,32,-19
LatentSpace_v178,Olfactory areas-other,10,33,-23
LatentSpace_v178,Postpiriform transition area,10,27,-17
LatentSpace_v178,Piriform area,11,34,-23
LatentSpace_v178,Taenia tecta,14,28,-14
LatentSpace_v178,Cortical amygdalar area,6,19,-13
LatentSpace_v178,Piriform-amygdalar area,5,28,-23
LatentSpace_v178,Main olfactory bulb,32,10,22
LatentSpace_v178,Accessory olfactory bulb,28,19,9
LatentSpace_v178,Anterior olfactory nucleus,9,32,-23
LatentSpace_v178,Subiculum,5,35,-30
LatentSpace_v178,Entorhinal area,13,22,-9
LatentSpace_v178,Field CA1,8,25,-17
LatentSpace_v178,Field CA2,8,14,-6
LatentSpace_v178,Field CA3,7,8,-1
LatentSpace_v178,Dentate gyrus,7,3,4
LatentSpace_v178,Anterior cingulate area,33,39,-6
LatentSpace_v178,Infralimbic area,11,26,-15
LatentSpace_v178,Retrosplenial area,24,36,-12
LatentSpace_v178,Prelimbic area,22,35,-13
LatentSpace_v178,Primary auditory area,35,38,-3
LatentSpace_v178,Dorsal auditory area,35,38,-3
LatentSpace_v178,Ventral auditory area,36,38,-2
LatentSpace_v178,Agranular insular area,16,37,-21
LatentSpace_v178,Ectorhinal area,22,33,-11
LatentSpace_v178,Primary motor area,35,38,-3
LatentSpace_v178,Secondary motor area,32,38,-6
LatentSpace_v178,"Frontal pole, cerebral cortex",23,40,-17
LatentSpace_v178,Orbital area,16,35,-19
LatentSpace_v178,Posterior parietal association areas,35,38,-3
LatentSpace_v178,Perirhinal area,17,32,-15
LatentSpace_v178,Primary somatosensory area,30,35,-5
LatentSpace_v178,Supplemental somatosensory area,37,38,-1
LatentSpace_v178,Temporal association areas,29,33,-4
LatentSpace_v178,Visual areas,35,38,-3
LatentSpace_v178,Pallidum,7,6,1
LatentSpace_v178,Striatum ventral region,7,3,4
LatentSpace_v178,Lateral septal complex,5,4,1
LatentSpace_v178,Caudoputamen,3,3,0
LatentSpace_v178,Medial amygdalar nucleus,9,7,2
LatentSpace_v178,Hypothalamus,7,9,-2
LatentSpace_v178,Thalamus,9,1,8
LatentSpace_v178,Inferior colliculus,4,9,-5
LatentSpace_v178,"Superior colliculus, sensory related",5,10,-5
LatentSpace_v178,Midbrain raphe nuclei,14,12,2
LatentSpace_v178,Midbrain-other,12,10,2
LatentSpace_v178,Periaqueductal gray,9,11,-2
LatentSpace_v178,Pons,10,9,1
LatentSpace_v178,Medulla,11,9,2
LatentSpace_v178,Lingula (I),9,34,-25
LatentSpace_v178,Central lobule,14,34,-20
LatentSpace_v178,Culmen,25,34,-9
LatentSpace_v178,Declive (VI),23,28,-5
LatentSpace_v178,Folium-tuber vermis (VII),23,31,-8
LatentSpace_v178,Pyramus (VIII),23,32,-9
LatentSpace_v178,Uvula (IX),20,34,-14
LatentSpace_v178,Nodulus (X),14,35,-21
LatentSpace_v178,Simple lobule,23,29,-6
LatentSpace_v178,Crus 1,23,26,-3
LatentSpace_v178,Crus 2,22,27,-5
LatentSpace_v178,Paramedian lobule,23,33,-10
LatentSpace_v178,Copula pyramidis,23,34,-11
LatentSpace_v178,Flocculus,27,34,-7
LatentSpace_v178,Paraflocculus,23,36,-13
LatentSpace_v178,Cerebellar nuclei,8,11,-3
LatentSpace_v179,Cortical subplate-other,13,15,-2
LatentSpace_v179,Claustrum,23,33,-10
LatentSpace_v179,Endopiriform nucleus,13,32,-19
LatentSpace_v179,Olfactory areas-other,13,33,-20
LatentSpace_v179,Postpiriform transition area,8,27,-19
LatentSpace_v179,Piriform area,17,34,-17
LatentSpace_v179,Taenia tecta,15,28,-13
LatentSpace_v179,Cortical amygdalar area,9,19,-10
LatentSpace_v179,Piriform-amygdalar area,11,28,-17
LatentSpace_v179,Main olfactory bulb,26,10,16
LatentSpace_v179,Accessory olfactory bulb,25,19,6
LatentSpace_v179,Anterior olfactory nucleus,10,32,-22
LatentSpace_v179,Subiculum,5,35,-30
LatentSpace_v179,Entorhinal area,8,22,-14
LatentSpace_v179,Field CA1,6,25,-19
LatentSpace_v179,Field CA2,8,14,-6
LatentSpace_v179,Field CA3,6,8,-2
LatentSpace_v179,Dentate gyrus,8,3,5
LatentSpace_v179,Anterior cingulate area,33,39,-6
LatentSpace_v179,Infralimbic area,12,26,-14
LatentSpace_v179,Retrosplenial area,23,36,-13
LatentSpace_v179,Prelimbic area,23,35,-12
LatentSpace_v179,Primary auditory area,35,38,-3
LatentSpace_v179,Dorsal auditory area,35,38,-3
LatentSpace_v179,Ventral auditory area,37,38,-1
LatentSpace_v179,Agranular insular area,25,37,-12
LatentSpace_v179,Ectorhinal area,22,33,-11
LatentSpace_v179,Primary motor area,35,38,-3
LatentSpace_v179,Secondary motor area,33,38,-5
LatentSpace_v179,"Frontal pole, cerebral cortex",27,40,-13
LatentSpace_v179,Orbital area,20,35,-15
LatentSpace_v179,Posterior parietal association areas,32,38,-6
LatentSpace_v179,Perirhinal area,10,32,-22
LatentSpace_v179,Primary somatosensory area,31,35,-4
LatentSpace_v179,Supplemental somatosensory area,35,38,-3
LatentSpace_v179,Temporal association areas,31,33,-2
LatentSpace_v179,Visual areas,32,38,-6
LatentSpace_v179,Pallidum,10,6,4
LatentSpace_v179,Striatum ventral region,8,3,5
LatentSpace_v179,Lateral septal complex,16,4,12
LatentSpace_v179,Caudoputamen,3,3,0
LatentSpace_v179,Medial amygdalar nucleus,9,7,2
LatentSpace_v179,Hypothalamus,15,9,6
LatentSpace_v179,Thalamus,3,1,2
LatentSpace_v179,Inferior colliculus,7,9,-2
LatentSpace_v179,"Superior colliculus, sensory related",5,10,-5
LatentSpace_v179,Midbrain raphe nuclei,15,12,3
LatentSpace_v179,Midbrain-other,11,10,1
LatentSpace_v179,Periaqueductal gray,10,11,-1
LatentSpace_v179,Pons,11,9,2
LatentSpace_v179,Medulla,8,9,-1
LatentSpace_v179,Lingula (I),27,34,-7
LatentSpace_v179,Central lobule,28,34,-6
LatentSpace_v179,Culmen,26,34,-8
LatentSpace_v179,Declive (VI),23,28,-5
LatentSpace_v179,Folium-tuber vermis (VII),23,31,-8
LatentSpace_v179,Pyramus (VIII),23,32,-9
LatentSpace_v179,Uvula (IX),29,34,-5
LatentSpace_v179,Nodulus (X),16,35,-19
LatentSpace_v179,Simple lobule,24,29,-5
LatentSpace_v179,Crus 1,23,26,-3
LatentSpace_v179,Crus 2,22,27,-5
LatentSpace_v179,Paramedian lobule,23,33,-10
LatentSpace_v179,Copula pyramidis,23,34,-11
LatentSpace_v179,Flocculus,32,34,-2
LatentSpace_v179,Paraflocculus,28,36,-8
LatentSpace_v179,Cerebellar nuclei,17,11,6
LatentSpace_v180,Cortical subplate-other,14,15,-1
LatentSpace_v180,Claustrum,25,33,-8
LatentSpace_v180,Endopiriform nucleus,23,32,-9
LatentSpace_v180,Olfactory areas-other,21,33,-12
LatentSpace_v180,Postpiriform transition area,12,27,-15
LatentSpace_v180,Piriform area,22,34,-12
LatentSpace_v180,Taenia tecta,13,28,-15
LatentSpace_v180,Cortical amygdalar area,13,19,-6
LatentSpace_v180,Piriform-amygdalar area,12,28,-16
LatentSpace_v180,Main olfactory bulb,27,10,17
LatentSpace_v180,Accessory olfactory bulb,50,19,31
LatentSpace_v180,Anterior olfactory nucleus,16,32,-16
LatentSpace_v180,Subiculum,4,35,-31
LatentSpace_v180,Entorhinal area,14,22,-8
LatentSpace_v180,Field CA1,6,25,-19
LatentSpace_v180,Field CA2,8,14,-6
LatentSpace_v180,Field CA3,6,8,-2
LatentSpace_v180,Dentate gyrus,7,3,4
LatentSpace_v180,Anterior cingulate area,35,39,-4
LatentSpace_v180,Infralimbic area,14,26,-12
LatentSpace_v180,Retrosplenial area,23,36,-13
LatentSpace_v180,Prelimbic area,24,35,-11
LatentSpace_v180,Primary auditory area,35,38,-3
LatentSpace_v180,Dorsal auditory area,35,38,-3
LatentSpace_v180,Ventral auditory area,38,38,0
LatentSpace_v180,Agranular insular area,21,37,-16
LatentSpace_v180,Ectorhinal area,23,33,-10
LatentSpace_v180,Primary motor area,35,38,-3
LatentSpace_v180,Secondary motor area,36,38,-2
LatentSpace_v180,"Frontal pole, cerebral cortex",28,40,-12
LatentSpace_v180,Orbital area,23,35,-12
LatentSpace_v180,Posterior parietal association areas,31,38,-7
LatentSpace_v180,Perirhinal area,21,32,-11
LatentSpace_v180,Primary somatosensory area,31,35,-4
LatentSpace_v180,Supplemental somatosensory area,37,38,-1
LatentSpace_v180,Temporal association areas,30,33,-3
LatentSpace_v180,Visual areas,31,38,-7
LatentSpace_v180,Pallidum,7,6,1
LatentSpace_v180,Striatum ventral region,6,3,3
LatentSpace_v180,Lateral septal complex,9,4,5
LatentSpace_v180,Caudoputamen,3,3,0
LatentSpace_v180,Medial amygdalar nucleus,12,7,5
LatentSpace_v180,Hypothalamus,11,9,2
LatentSpace_v180,Thalamus,8,1,7
LatentSpace_v180,Inferior colliculus,10,9,1
LatentSpace_v180,"Superior colliculus, sensory related",8,10,-2
LatentSpace_v180,Midbrain raphe nuclei,14,12,2
LatentSpace_v180,Midbrain-other,12,10,2
LatentSpace_v180,Periaqueductal gray,12,11,1
LatentSpace_v180,Pons,8,9,-1
LatentSpace_v180,Medulla,9,9,0
LatentSpace_v180,Lingula (I),15,34,-19
LatentSpace_v180,Central lobule,23,34,-11
LatentSpace_v180,Culmen,31,34,-3
LatentSpace_v180,Declive (VI),23,28,-5
LatentSpace_v180,Folium-tuber vermis (VII),23,31,-8
LatentSpace_v180,Pyramus (VIII),24,32,-8
LatentSpace_v180,Uvula (IX),33,34,-1
LatentSpace_v180,Nodulus (X),21,35,-14
LatentSpace_v180,Simple lobule,24,29,-5
LatentSpace_v180,Crus 1,22,26,-4
LatentSpace_v180,Crus 2,21,27,-6
LatentSpace_v180,Paramedian lobule,22,33,-11
LatentSpace_v180,Copula pyramidis,24,34,-10
LatentSpace_v180,Flocculus,23,34,-11
LatentSpace_v180,Paraflocculus,26,36,-10
LatentSpace_v180,Cerebellar nuclei,13,11,2
LatentSpace_v181,Cortical subplate-other,11,15,-4
LatentSpace_v181,Claustrum,17,33,-16
LatentSpace_v181,Endopiriform nucleus,16,32,-16
LatentSpace_v181,Olfactory areas-other,19,33,-14
LatentSpace_v181,Postpiriform transition area,17,27,-10
LatentSpace_v181,Piriform area,19,34,-15
LatentSpace_v181,Taenia tecta,15,28,-13
LatentSpace_v181,Cortical amygdalar area,12,19,-7
LatentSpace_v181,Piriform-amygdalar area,18,28,-10
LatentSpace_v181,Main olfactory bulb,11,10,1
LatentSpace_v181,Accessory olfactory bulb,30,19,11
LatentSpace_v181,Anterior olfactory nucleus,12,32,-20
LatentSpace_v181,Subiculum,7,35,-28
LatentSpace_v181,Entorhinal area,21,22,-1
LatentSpace_v181,Field CA1,7,25,-18
LatentSpace_v181,Field CA2,7,14,-7
LatentSpace_v181,Field CA3,7,8,-1
LatentSpace_v181,Dentate gyrus,9,3,6
LatentSpace_v181,Anterior cingulate area,35,39,-4
LatentSpace_v181,Infralimbic area,12,26,-14
LatentSpace_v181,Retrosplenial area,25,36,-11
LatentSpace_v181,Prelimbic area,31,35,-4
LatentSpace_v181,Primary auditory area,38,38,0
LatentSpace_v181,Dorsal auditory area,36,38,-2
LatentSpace_v181,Ventral auditory area,39,38,1
LatentSpace_v181,Agranular insular area,24,37,-13
LatentSpace_v181,Ectorhinal area,23,33,-10
LatentSpace_v181,Primary motor area,35,38,-3
LatentSpace_v181,Secondary motor area,36,38,-2
LatentSpace_v181,"Frontal pole, cerebral cortex",33,40,-7
LatentSpace_v181,Orbital area,25,35,-10
LatentSpace_v181,Posterior parietal association areas,35,38,-3
LatentSpace_v181,Perirhinal area,26,32,-6
LatentSpace_v181,Primary somatosensory area,27,35,-8
LatentSpace_v181,Supplemental somatosensory area,37,38,-1
LatentSpace_v181,Temporal association areas,31,33,-2
LatentSpace_v181,Visual areas,35,38,-3
LatentSpace_v181,Pallidum,10,6,4
LatentSpace_v181,Striatum ventral region,8,3,5
LatentSpace_v181,Lateral septal complex,10,4,6
LatentSpace_v181,Caudoputamen,3,3,0
LatentSpace_v181,Medial amygdalar nucleus,14,7,7
LatentSpace_v181,Hypothalamus,7,9,-2
LatentSpace_v181,Thalamus,6,1,5
LatentSpace_v181,Inferior colliculus,9,9,0
LatentSpace_v181,"Superior colliculus, sensory related",10,10,0
LatentSpace_v181,Midbrain raphe nuclei,14,12,2
LatentSpace_v181,Midbrain-other,11,10,1
LatentSpace_v181,Periaqueductal gray,14,11,3
LatentSpace_v181,Pons,8,9,-1
LatentSpace_v181,Medulla,8,9,-1
LatentSpace_v181,Lingula (I),11,34,-23
LatentSpace_v181,Central lobule,7,34,-27
LatentSpace_v181,Culmen,28,34,-6
LatentSpace_v181,Declive (VI),23,28,-5
LatentSpace_v181,Folium-tuber vermis (VII),23,31,-8
LatentSpace_v181,Pyramus (VIII),28,32,-4
LatentSpace_v181,Uvula (IX),23,34,-11
LatentSpace_v181,Nodulus (X),24,35,-11
LatentSpace_v181,Simple lobule,26,29,-3
LatentSpace_v181,Crus 1,22,26,-4
LatentSpace_v181,Crus 2,22,27,-5
LatentSpace_v181,Paramedian lobule,23,33,-10
LatentSpace_v181,Copula pyramidis,23,34,-11
LatentSpace_v181,Flocculus,13,34,-21
LatentSpace_v181,Paraflocculus,40,36,4
LatentSpace_v181,Cerebellar nuclei,33,11,22
LatentSpace_v182,Cortical subplate-other,7,15,-8
LatentSpace_v182,Claustrum,30,33,-3
LatentSpace_v182,Endopiriform nucleus,19,32,-13
LatentSpace_v182,Olfactory areas-other,20,33,-13
LatentSpace_v182,Postpiriform transition area,12,27,-15
LatentSpace_v182,Piriform area,21,34,-13
LatentSpace_v182,Taenia tecta,14,28,-14
LatentSpace_v182,Cortical amygdalar area,7,19,-12
LatentSpace_v182,Piriform-amygdalar area,15,28,-13
LatentSpace_v182,Main olfactory bulb,30,10,20
LatentSpace_v182,Accessory olfactory bulb,27,19,8
LatentSpace_v182,Anterior olfactory nucleus,18,32,-14
LatentSpace_v182,Subiculum,37,35,2
LatentSpace_v182,Entorhinal area,16,22,-6
LatentSpace_v182,Field CA1,16,25,-9
LatentSpace_v182,Field CA2,19,14,5
LatentSpace_v182,Field CA3,6,8,-2
LatentSpace_v182,Dentate gyrus,6,3,3
LatentSpace_v182,Anterior cingulate area,38,39,-1
LatentSpace_v182,Infralimbic area,16,26,-10
LatentSpace_v182,Retrosplenial area,31,36,-5
LatentSpace_v182,Prelimbic area,27,35,-8
LatentSpace_v182,Primary auditory area,35,38,-3
LatentSpace_v182,Dorsal auditory area,35,38,-3
LatentSpace_v182,Ventral auditory area,37,38,-1
LatentSpace_v182,Agranular insular area,27,37,-10
LatentSpace_v182,Ectorhinal area,29,33,-4
LatentSpace_v182,Primary motor area,35,38,-3
LatentSpace_v182,Secondary motor area,39,38,1
LatentSpace_v182,"Frontal pole, cerebral cortex",32,40,-8
LatentSpace_v182,Orbital area,28,35,-7
LatentSpace_v182,Posterior parietal association areas,35,38,-3
LatentSpace_v182,Perirhinal area,23,32,-9
LatentSpace_v182,Primary somatosensory area,31,35,-4
LatentSpace_v182,Supplemental somatosensory area,36,38,-2
LatentSpace_v182,Temporal association areas,38,33,5
LatentSpace_v182,Visual areas,35,38,-3
LatentSpace_v182,Pallidum,7,6,1
LatentSpace_v182,Striatum ventral region,7,3,4
LatentSpace_v182,Lateral septal complex,7,4,3
LatentSpace_v182,Caudoputamen,3,3,0
LatentSpace_v182,Medial amygdalar nucleus,6,7,-1
LatentSpace_v182,Hypothalamus,7,9,-2
LatentSpace_v182,Thalamus,6,1,5
LatentSpace_v182,Inferior colliculus,8,9,-1
LatentSpace_v182,"Superior colliculus, sensory related",8,10,-2
LatentSpace_v182,Midbrain raphe nuclei,14,12,2
LatentSpace_v182,Midbrain-other,13,10,3
LatentSpace_v182,Periaqueductal gray,9,11,-2
LatentSpace_v182,Pons,11,9,2
LatentSpace_v182,Medulla,19,9,10
LatentSpace_v182,Lingula (I),10,34,-24
LatentSpace_v182,Central lobule,7,34,-27
LatentSpace_v182,Culmen,27,34,-7
LatentSpace_v182,Declive (VI),23,28,-5
LatentSpace_v182,Folium-tuber vermis (VII),23,31,-8
LatentSpace_v182,Pyramus (VIII),27,32,-5
LatentSpace_v182,Uvula (IX),34,34,0
LatentSpace_v182,Nodulus (X),33,35,-2
LatentSpace_v182,Simple lobule,23,29,-6
LatentSpace_v182,Crus 1,22,26,-4
LatentSpace_v182,Crus 2,22,27,-5
LatentSpace_v182,Paramedian lobule,24,33,-9
LatentSpace_v182,Copula pyramidis,27,34,-7
LatentSpace_v182,Flocculus,34,34,0
LatentSpace_v182,Paraflocculus,26,36,-10
LatentSpace_v182,Cerebellar nuclei,25,11,14
LatentSpace_v183,Cortical subplate-other,12,15,-3
LatentSpace_v183,Claustrum,31,33,-2
LatentSpace_v183,Endopiriform nucleus,16,32,-16
LatentSpace_v183,Olfactory areas-other,11,33,-22
LatentSpace_v183,Postpiriform transition area,12,27,-15
LatentSpace_v183,Piriform area,16,34,-18
LatentSpace_v183,Taenia tecta,11,28,-17
LatentSpace_v183,Cortical amygdalar area,9,19,-10
LatentSpace_v183,Piriform-amygdalar area,11,28,-17
LatentSpace_v183,Main olfactory bulb,10,10,0
LatentSpace_v183,Accessory olfactory bulb,36,19,17
LatentSpace_v183,Anterior olfactory nucleus,11,32,-21
LatentSpace_v183,Subiculum,8,35,-27
LatentSpace_v183,Entorhinal area,16,22,-6
LatentSpace_v183,Field CA1,10,25,-15
LatentSpace_v183,Field CA2,9,14,-5
LatentSpace_v183,Field CA3,8,8,0
LatentSpace_v183,Dentate gyrus,9,3,6
LatentSpace_v183,Anterior cingulate area,36,39,-3
LatentSpace_v183,Infralimbic area,10,26,-16
LatentSpace_v183,Retrosplenial area,26,36,-10
LatentSpace_v183,Prelimbic area,29,35,-6
LatentSpace_v183,Primary auditory area,35,38,-3
LatentSpace_v183,Dorsal auditory area,35,38,-3
LatentSpace_v183,Ventral auditory area,37,38,-1
LatentSpace_v183,Agranular insular area,23,37,-14
LatentSpace_v183,Ectorhinal area,24,33,-9
LatentSpace_v183,Primary motor area,35,38,-3
LatentSpace_v183,Secondary motor area,36,38,-2
LatentSpace_v183,"Frontal pole, cerebral cortex",32,40,-8
LatentSpace_v183,Orbital area,29,35,-6
LatentSpace_v183,Posterior parietal association areas,35,38,-3
LatentSpace_v183,Perirhinal area,19,32,-13
LatentSpace_v183,Primary somatosensory area,31,35,-4
LatentSpace_v183,Supplemental somatosensory area,37,38,-1
LatentSpace_v183,Temporal association areas,30,33,-3
LatentSpace_v183,Visual areas,35,38,-3
LatentSpace_v183,Pallidum,6,6,0
LatentSpace_v183,Striatum ventral region,6,3,3
LatentSpace_v183,Lateral septal complex,7,4,3
LatentSpace_v183,Caudoputamen,3,3,0
LatentSpace_v183,Medial amygdalar nucleus,12,7,5
LatentSpace_v183,Hypothalamus,6,9,-3
LatentSpace_v183,Thalamus,12,1,11
LatentSpace_v183,Inferior colliculus,6,9,-3
LatentSpace_v183,"Superior colliculus, sensory related",4,10,-6
LatentSpace_v183,Midbrain raphe nuclei,11,12,-1
LatentSpace_v183,Midbrain-other,9,10,-1
LatentSpace_v183,Periaqueductal gray,7,11,-4
LatentSpace_v183,Pons,7,9,-2
LatentSpace_v183,Medulla,8,9,-1
LatentSpace_v183,Lingula (I),8,34,-26
LatentSpace_v183,Central lobule,9,34,-25
LatentSpace_v183,Culmen,30,34,-4
LatentSpace_v183,Declive (VI),24,28,-4
LatentSpace_v183,Folium-tuber vermis (VII),24,31,-7
LatentSpace_v183,Pyramus (VIII),24,32,-8
LatentSpace_v183,Uvula (IX),19,34,-15
LatentSpace_v183,Nodulus (X),10,35,-25
LatentSpace_v183,Simple lobule,23,29,-6
LatentSpace_v183,Crus 1,22,26,-4
LatentSpace_v183,Crus 2,22,27,-5
LatentSpace_v183,Paramedian lobule,23,33,-10
LatentSpace_v183,Copula pyramidis,26,34,-8
LatentSpace_v183,Flocculus,31,34,-3
LatentSpace_v183,Paraflocculus,23,36,-13
LatentSpace_v183,Cerebellar nuclei,9,11,-2
LatentSpace_v184,Cortical subplate-other,14,15,-1
LatentSpace_v184,Claustrum,25,33,-8
LatentSpace_v184,Endopiriform nucleus,18,32,-14
LatentSpace_v184,Olfactory areas-other,8,33,-25
LatentSpace_v184,Postpiriform transition area,12,27,-15
LatentSpace_v184,Piriform area,18,34,-16
LatentSpace_v184,Taenia tecta,14,28,-14
LatentSpace_v184,Cortical amygdalar area,10,19,-9
LatentSpace_v184,Piriform-amygdalar area,12,28,-16
LatentSpace_v184,Main olfactory bulb,25,10,15
LatentSpace_v184,Accessory olfactory bulb,14,19,-5
LatentSpace_v184,Anterior olfactory nucleus,9,32,-23
LatentSpace_v184,Subiculum,2,35,-33
LatentSpace_v184,Entorhinal area,14,22,-8
LatentSpace_v184,Field CA1,5,25,-20
LatentSpace_v184,Field CA2,6,14,-8
LatentSpace_v184,Field CA3,6,8,-2
LatentSpace_v184,Dentate gyrus,6,3,3
LatentSpace_v184,Anterior cingulate area,34,39,-5
LatentSpace_v184,Infralimbic area,12,26,-14
LatentSpace_v184,Retrosplenial area,23,36,-13
LatentSpace_v184,Prelimbic area,25,35,-10
LatentSpace_v184,Primary auditory area,35,38,-3
LatentSpace_v184,Dorsal auditory area,31,38,-7
LatentSpace_v184,Ventral auditory area,36,38,-2
LatentSpace_v184,Agranular insular area,21,37,-16
LatentSpace_v184,Ectorhinal area,24,33,-9
LatentSpace_v184,Primary motor area,34,38,-4
LatentSpace_v184,Secondary motor area,36,38,-2
LatentSpace_v184,"Frontal pole, cerebral cortex",30,40,-10
LatentSpace_v184,Orbital area,23,35,-12
LatentSpace_v184,Posterior parietal association areas,34,38,-4
LatentSpace_v184,Perirhinal area,17,32,-15
LatentSpace_v184,Primary somatosensory area,26,35,-9
LatentSpace_v184,Supplemental somatosensory area,35,38,-3
LatentSpace_v184,Temporal association areas,30,33,-3
LatentSpace_v184,Visual areas,31,38,-7
LatentSpace_v184,Pallidum,14,6,8
LatentSpace_v184,Striatum ventral region,8,3,5
LatentSpace_v184,Lateral septal complex,11,4,7
LatentSpace_v184,Caudoputamen,3,3,0
LatentSpace_v184,Medial amygdalar nucleus,12,7,5
LatentSpace_v184,Hypothalamus,13,9,4
LatentSpace_v184,Thalamus,4,1,3
LatentSpace_v184,Inferior colliculus,6,9,-3
LatentSpace_v184,"Superior colliculus, sensory related",5,10,-5
LatentSpace_v184,Midbrain raphe nuclei,14,12,2
LatentSpace_v184,Midbrain-other,9,10,-1
LatentSpace_v184,Periaqueductal gray,12,11,1
LatentSpace_v184,Pons,8,9,-1
LatentSpace_v184,Medulla,16,9,7
LatentSpace_v184,Lingula (I),15,34,-19
LatentSpace_v184,Central lobule,26,34,-8
LatentSpace_v184,Culmen,28,34,-6
LatentSpace_v184,Declive (VI),22,28,-6
LatentSpace_v184,Folium-tuber vermis (VII),24,31,-7
LatentSpace_v184,Pyramus (VIII),25,32,-7
LatentSpace_v184,Uvula (IX),35,34,1
LatentSpace_v184,Nodulus (X),24,35,-11
LatentSpace_v184,Simple lobule,23,29,-6
LatentSpace_v184,Crus 1,21,26,-5
LatentSpace_v184,Crus 2,21,27,-6
LatentSpace_v184,Paramedian lobule,22,33,-11
LatentSpace_v184,Copula pyramidis,25,34,-9
LatentSpace_v184,Flocculus,32,34,-2
LatentSpace_v184,Paraflocculus,24,36,-12
LatentSpace_v184,Cerebellar nuclei,31,11,20
LatentSpace_v185,Cortical subplate-other,9,15,-6
LatentSpace_v185,Claustrum,28,33,-5
LatentSpace_v185,Endopiriform nucleus,14,32,-18
LatentSpace_v185,Olfactory areas-other,10,33,-23
LatentSpace_v185,Postpiriform transition area,9,27,-18
LatentSpace_v185,Piriform area,5,34,-29
LatentSpace_v185,Taenia tecta,13,28,-15
LatentSpace_v185,Cortical amygdalar area,8,19,-11
LatentSpace_v185,Piriform-amygdalar area,10,28,-18
LatentSpace_v185,Main olfactory bulb,28,10,18
LatentSpace_v185,Accessory olfactory bulb,24,19,5
LatentSpace_v185,Anterior olfactory nucleus,9,32,-23
LatentSpace_v185,Subiculum,7,35,-28
LatentSpace_v185,Entorhinal area,10,22,-12
LatentSpace_v185,Field CA1,5,25,-20
LatentSpace_v185,Field CA2,25,14,11
LatentSpace_v185,Field CA3,5,8,-3
LatentSpace_v185,Dentate gyrus,7,3,4
LatentSpace_v185,Anterior cingulate area,35,39,-4
LatentSpace_v185,Infralimbic area,13,26,-13
LatentSpace_v185,Retrosplenial area,25,36,-11
LatentSpace_v185,Prelimbic area,23,35,-12
LatentSpace_v185,Primary auditory area,35,38,-3
LatentSpace_v185,Dorsal auditory area,35,38,-3
LatentSpace_v185,Ventral auditory area,36,38,-2
LatentSpace_v185,Agranular insular area,23,37,-14
LatentSpace_v185,Ectorhinal area,25,33,-8
LatentSpace_v185,Primary motor area,35,38,-3
LatentSpace_v185,Secondary motor area,36,38,-2
LatentSpace_v185,"Frontal pole, cerebral cortex",30,40,-10
LatentSpace_v185,Orbital area,21,35,-14
LatentSpace_v185,Posterior parietal association areas,35,38,-3
LatentSpace_v185,Perirhinal area,23,32,-9
LatentSpace_v185,Primary somatosensory area,32,35,-3
LatentSpace_v185,Supplemental somatosensory area,36,38,-2
LatentSpace_v185,Temporal association areas,38,33,5
LatentSpace_v185,Visual areas,34,38,-4
LatentSpace_v185,Pallidum,7,6,1
LatentSpace_v185,Striatum ventral region,7,3,4
LatentSpace_v185,Lateral septal complex,7,4,3
LatentSpace_v185,Caudoputamen,3,3,0
LatentSpace_v185,Medial amygdalar nucleus,10,7,3
LatentSpace_v185,Hypothalamus,10,9,1
LatentSpace_v185,Thalamus,5,1,4
LatentSpace_v185,Inferior colliculus,10,9,1
LatentSpace_v185,"Superior colliculus, sensory related",11,10,1
LatentSpace_v185,Midbrain raphe nuclei,14,12,2
LatentSpace_v185,Midbrain-other,12,10,2
LatentSpace_v185,Periaqueductal gray,14,11,3
LatentSpace_v185,Pons,9,9,0
LatentSpace_v185,Medulla,10,9,1
LatentSpace_v185,Lingula (I),13,34,-21
LatentSpace_v185,Central lobule,27,34,-7
LatentSpace_v185,Culmen,25,34,-9
LatentSpace_v185,Declive (VI),23,28,-5
LatentSpace_v185,Folium-tuber vermis (VII),23,31,-8
LatentSpace_v185,Pyramus (VIII),23,32,-9
LatentSpace_v185,Uvula (IX),22,34,-12
LatentSpace_v185,Nodulus (X),17,35,-18
LatentSpace_v185,Simple lobule,22,29,-7
LatentSpace_v185,Crus 1,22,26,-4
LatentSpace_v185,Crus 2,22,27,-5
LatentSpace_v185,Paramedian lobule,23,33,-10
LatentSpace_v185,Copula pyramidis,25,34,-9
LatentSpace_v185,Flocculus,27,34,-7
LatentSpace_v185,Paraflocculus,24,36,-12
LatentSpace_v185,Cerebellar nuclei,11,11,0
LatentSpace_v186,Cortical subplate-other,9,15,-6
LatentSpace_v186,Claustrum,22,33,-11
LatentSpace_v186,Endopiriform nucleus,12,32,-20
LatentSpace_v186,Olfactory areas-other,20,33,-13
LatentSpace_v186,Postpiriform transition area,10,27,-17
LatentSpace_v186,Piriform area,16,34,-18
LatentSpace_v186,Taenia tecta,14,28,-14
LatentSpace_v186,Cortical amygdalar area,6,19,-13
LatentSpace_v186,Piriform-amygdalar area,7,28,-21
LatentSpace_v186,Main olfactory bulb,16,10,6
LatentSpace_v186,Accessory olfactory bulb,22,19,3
LatentSpace_v186,Anterior olfactory nucleus,20,32,-12
LatentSpace_v186,Subiculum,5,35,-30
LatentSpace_v186,Entorhinal area,14,22,-8
LatentSpace_v186,Field CA1,7,25,-18
LatentSpace_v186,Field CA2,7,14,-7
LatentSpace_v186,Field CA3,8,8,0
LatentSpace_v186,Dentate gyrus,10,3,7
LatentSpace_v186,Anterior cingulate area,31,39,-8
LatentSpace_v186,Infralimbic area,12,26,-14
LatentSpace_v186,Retrosplenial area,19,36,-17
LatentSpace_v186,Prelimbic area,24,35,-11
LatentSpace_v186,Primary auditory area,35,38,-3
LatentSpace_v186,Dorsal auditory area,34,38,-4
LatentSpace_v186,Ventral auditory area,33,38,-5
LatentSpace_v186,Agranular insular area,23,37,-14
LatentSpace_v186,Ectorhinal area,22,33,-11
LatentSpace_v186,Primary motor area,31,38,-7
LatentSpace_v186,Secondary motor area,35,38,-3
LatentSpace_v186,"Frontal pole, cerebral cortex",22,40,-18
LatentSpace_v186,Orbital area,23,35,-12
LatentSpace_v186,Posterior parietal association areas,27,38,-11
LatentSpace_v186,Perirhinal area,19,32,-13
LatentSpace_v186,Primary somatosensory area,26,35,-9
LatentSpace_v186,Supplemental somatosensory area,36,38,-2
LatentSpace_v186,Temporal association areas,28,33,-5
LatentSpace_v186,Visual areas,30,38,-8
LatentSpace_v186,Pallidum,8,6,2
LatentSpace_v186,Striatum ventral region,10,3,7
LatentSpace_v186,Lateral septal complex,11,4,7
LatentSpace_v186,Caudoputamen,3,3,0
LatentSpace_v186,Medial amygdalar nucleus,8,7,1
LatentSpace_v186,Hypothalamus,6,9,-3
LatentSpace_v186,Thalamus,9,1,8
LatentSpace_v186,Inferior colliculus,10,9,1
LatentSpace_v186,"Superior colliculus, sensory related",12,10,2
LatentSpace_v186,Midbrain raphe nuclei,14,12,2
LatentSpace_v186,Midbrain-other,14,10,4
LatentSpace_v186,Periaqueductal gray,14,11,3
LatentSpace_v186,Pons,11,9,2
LatentSpace_v186,Medulla,13,9,4
LatentSpace_v186,Lingula (I),20,34,-14
LatentSpace_v186,Central lobule,27,34,-7
LatentSpace_v186,Culmen,27,34,-7
LatentSpace_v186,Declive (VI),23,28,-5
LatentSpace_v186,Folium-tuber vermis (VII),23,31,-8
LatentSpace_v186,Pyramus (VIII),25,32,-7
LatentSpace_v186,Uvula (IX),33,34,-1
LatentSpace_v186,Nodulus (X),21,35,-14
LatentSpace_v186,Simple lobule,22,29,-7
LatentSpace_v186,Crus 1,22,26,-4
LatentSpace_v186,Crus 2,22,27,-5
LatentSpace_v186,Paramedian lobule,23,33,-10
LatentSpace_v186,Copula pyramidis,25,34,-9
LatentSpace_v186,Flocculus,34,34,0
LatentSpace_v186,Paraflocculus,27,36,-9
LatentSpace_v186,Cerebellar nuclei,25,11,14
LatentSpace_v187,Cortical subplate-other,11,15,-4
LatentSpace_v187,Claustrum,19,33,-14
LatentSpace_v187,Endopiriform nucleus,13,32,-19
LatentSpace_v187,Olfactory areas-other,10,33,-23
LatentSpace_v187,Postpiriform transition area,10,27,-17
LatentSpace_v187,Piriform area,16,34,-18
LatentSpace_v187,Taenia tecta,13,28,-15
LatentSpace_v187,Cortical amygdalar area,9,19,-10
LatentSpace_v187,Piriform-amygdalar area,11,28,-17
LatentSpace_v187,Main olfactory bulb,38,10,28
LatentSpace_v187,Accessory olfactory bulb,6,19,-13
LatentSpace_v187,Anterior olfactory nucleus,10,32,-22
LatentSpace_v187,Subiculum,5,35,-30
LatentSpace_v187,Entorhinal area,10,22,-12
LatentSpace_v187,Field CA1,9,25,-16
LatentSpace_v187,Field CA2,20,14,6
LatentSpace_v187,Field CA3,6,8,-2
LatentSpace_v187,Dentate gyrus,29,3,26
LatentSpace_v187,Anterior cingulate area,39,39,0
LatentSpace_v187,Infralimbic area,11,26,-15
LatentSpace_v187,Retrosplenial area,29,36,-7
LatentSpace_v187,Prelimbic area,26,35,-9
LatentSpace_v187,Primary auditory area,38,38,0
LatentSpace_v187,Dorsal auditory area,37,38,-1
LatentSpace_v187,Ventral auditory area,38,38,0
LatentSpace_v187,Agranular insular area,23,37,-14
LatentSpace_v187,Ectorhinal area,22,33,-11
LatentSpace_v187,Primary motor area,36,38,-2
LatentSpace_v187,Secondary motor area,37,38,-1
LatentSpace_v187,"Frontal pole, cerebral cortex",33,40,-7
LatentSpace_v187,Orbital area,22,35,-13
LatentSpace_v187,Posterior parietal association areas,35,38,-3
LatentSpace_v187,Perirhinal area,18,32,-14
LatentSpace_v187,Primary somatosensory area,35,35,0
LatentSpace_v187,Supplemental somatosensory area,37,38,-1
LatentSpace_v187,Temporal association areas,33,33,0
LatentSpace_v187,Visual areas,35,38,-3
LatentSpace_v187,Pallidum,9,6,3
LatentSpace_v187,Striatum ventral region,7,3,4
LatentSpace_v187,Lateral septal complex,11,4,7
LatentSpace_v187,Caudoputamen,3,3,0
LatentSpace_v187,Medial amygdalar nucleus,12,7,5
LatentSpace_v187,Hypothalamus,9,9,0
LatentSpace_v187,Thalamus,25,1,24
LatentSpace_v187,Inferior colliculus,4,9,-5
LatentSpace_v187,"Superior colliculus, sensory related",7,10,-3
LatentSpace_v187,Midbrain raphe nuclei,16,12,4
LatentSpace_v187,Midbrain-other,12,10,2
LatentSpace_v187,Periaqueductal gray,12,11,1
LatentSpace_v187,Pons,11,9,2
LatentSpace_v187,Medulla,13,9,4
LatentSpace_v187,Lingula (I),13,34,-21
LatentSpace_v187,Central lobule,10,34,-24
LatentSpace_v187,Culmen,30,34,-4
LatentSpace_v187,Declive (VI),23,28,-5
LatentSpace_v187,Folium-tuber vermis (VII),23,31,-8
LatentSpace_v187,Pyramus (VIII),24,32,-8
LatentSpace_v187,Uvula (IX),34,34,0
LatentSpace_v187,Nodulus (X),31,35,-4
LatentSpace_v187,Simple lobule,23,29,-6
LatentSpace_v187,Crus 1,22,26,-4
LatentSpace_v187,Crus 2,22,27,-5
LatentSpace_v187,Paramedian lobule,23,33,-10
LatentSpace_v187,Copula pyramidis,25,34,-9
LatentSpace_v187,Flocculus,16,34,-18
LatentSpace_v187,Paraflocculus,33,36,-3
LatentSpace_v187,Cerebellar nuclei,17,11,6
LatentSpace_v188,Cortical subplate-other,10,15,-5
LatentSpace_v188,Claustrum,18,33,-15
LatentSpace_v188,Endopiriform nucleus,11,32,-21
LatentSpace_v188,Olfactory areas-other,13,33,-20
LatentSpace_v188,Postpiriform transition area,11,27,-16
LatentSpace_v188,Piriform area,14,34,-20
LatentSpace_v188,Taenia tecta,12,28,-16
LatentSpace_v188,Cortical amygdalar area,8,19,-11
LatentSpace_v188,Piriform-amygdalar area,10,28,-18
LatentSpace_v188,Main olfactory bulb,10,10,0
LatentSpace_v188,Accessory olfactory bulb,1,19,-18
LatentSpace_v188,Anterior olfactory nucleus,10,32,-22
LatentSpace_v188,Subiculum,2,35,-33
LatentSpace_v188,Entorhinal area,11,22,-11
LatentSpace_v188,Field CA1,5,25,-20
LatentSpace_v188,Field CA2,7,14,-7
LatentSpace_v188,Field CA3,6,8,-2
LatentSpace_v188,Dentate gyrus,6,3,3
LatentSpace_v188,Anterior cingulate area,36,39,-3
LatentSpace_v188,Infralimbic area,11,26,-15
LatentSpace_v188,Retrosplenial area,23,36,-13
LatentSpace_v188,Prelimbic area,29,35,-6
LatentSpace_v188,Primary auditory area,35,38,-3
LatentSpace_v188,Dorsal auditory area,35,38,-3
LatentSpace_v188,Ventral auditory area,38,38,0
LatentSpace_v188,Agranular insular area,25,37,-12
LatentSpace_v188,Ectorhinal area,23,33,-10
LatentSpace_v188,Primary motor area,36,38,-2
LatentSpace_v188,Secondary motor area,37,38,-1
LatentSpace_v188,"Frontal pole, cerebral cortex",36,40,-4
LatentSpace_v188,Orbital area,28,35,-7
LatentSpace_v188,Posterior parietal association areas,34,38,-4
LatentSpace_v188,Perirhinal area,19,32,-13
LatentSpace_v188,Primary somatosensory area,31,35,-4
LatentSpace_v188,Supplemental somatosensory area,37,38,-1
LatentSpace_v188,Temporal association areas,29,33,-4
LatentSpace_v188,Visual areas,32,38,-6
LatentSpace_v188,Pallidum,7,6,1
LatentSpace_v188,Striatum ventral region,9,3,6
LatentSpace_v188,Lateral septal complex,9,4,5
LatentSpace_v188,Caudoputamen,3,3,0
LatentSpace_v188,Medial amygdalar nucleus,10,7,3
LatentSpace_v188,Hypothalamus,5,9,-4
LatentSpace_v188,Thalamus,10,1,9
LatentSpace_v188,Inferior colliculus,18,9,9
LatentSpace_v188,"Superior colliculus, sensory related",8,10,-2
LatentSpace_v188,Midbrain raphe nuclei,14,12,2
LatentSpace_v188,Midbrain-other,14,10,4
LatentSpace_v188,Periaqueductal gray,14,11,3
LatentSpace_v188,Pons,9,9,0
LatentSpace_v188,Medulla,10,9,1
LatentSpace_v188,Lingula (I),19,34,-15
LatentSpace_v188,Central lobule,32,34,-2
LatentSpace_v188,Culmen,28,34,-6
LatentSpace_v188,Declive (VI),23,28,-5
LatentSpace_v188,Folium-tuber vermis (VII),23,31,-8
LatentSpace_v188,Pyramus (VIII),24,32,-8
LatentSpace_v188,Uvula (IX),19,34,-15
LatentSpace_v188,Nodulus (X),14,35,-21
LatentSpace_v188,Simple lobule,22,29,-7
LatentSpace_v188,Crus 1,22,26,-4
LatentSpace_v188,Crus 2,22,27,-5
LatentSpace_v188,Paramedian lobule,23,33,-10
LatentSpace_v188,Copula pyramidis,24,34,-10
LatentSpace_v188,Flocculus,17,34,-17
LatentSpace_v188,Paraflocculus,24,36,-12
LatentSpace_v188,Cerebellar nuclei,13,11,2
LatentSpace_v189,Cortical subplate-other,14,15,-1
LatentSpace_v189,Claustrum,21,33,-12
LatentSpace_v189,Endopiriform nucleus,12,32,-20
LatentSpace_v189,Olfactory areas-other,13,33,-20
LatentSpace_v189,Postpiriform transition area,12,27,-15
LatentSpace_v189,Piriform area,15,34,-19
LatentSpace_v189,Taenia tecta,15,28,-13
LatentSpace_v189,Cortical amygdalar area,10,19,-9
LatentSpace_v189,Piriform-amygdalar area,9,28,-19
LatentSpace_v189,Main olfactory bulb,20,10,10
LatentSpace_v189,Accessory olfactory bulb,27,19,8
LatentSpace_v189,Anterior olfactory nucleus,18,32,-14
LatentSpace_v189,Subiculum,3,35,-32
LatentSpace_v189,Entorhinal area,13,22,-9
LatentSpace_v189,Field CA1,8,25,-17
LatentSpace_v189,Field CA2,8,14,-6
LatentSpace_v189,Field CA3,9,8,1
LatentSpace_v189,Dentate gyrus,9,3,6
LatentSpace_v189,Anterior cingulate area,35,39,-4
LatentSpace_v189,Infralimbic area,12,26,-14
LatentSpace_v189,Retrosplenial area,25,36,-11
LatentSpace_v189,Prelimbic area,22,35,-13
LatentSpace_v189,Primary auditory area,36,38,-2
LatentSpace_v189,Dorsal auditory area,36,38,-2
LatentSpace_v189,Ventral auditory area,38,38,0
LatentSpace_v189,Agranular insular area,21,37,-16
LatentSpace_v189,Ectorhinal area,22,33,-11
LatentSpace_v189,Primary motor area,35,38,-3
LatentSpace_v189,Secondary motor area,36,38,-2
LatentSpace_v189,"Frontal pole, cerebral cortex",27,40,-13
LatentSpace_v189,Orbital area,21,35,-14
LatentSpace_v189,Posterior parietal association areas,34,38,-4
LatentSpace_v189,Perirhinal area,16,32,-16
LatentSpace_v189,Primary somatosensory area,32,35,-3
LatentSpace_v189,Supplemental somatosensory area,36,38,-2
LatentSpace_v189,Temporal association areas,31,33,-2
LatentSpace_v189,Visual areas,34,38,-4
LatentSpace_v189,Pallidum,13,6,7
LatentSpace_v189,Striatum ventral region,8,3,5
LatentSpace_v189,Lateral septal complex,12,4,8
LatentSpace_v189,Caudoputamen,3,3,0
LatentSpace_v189,Medial amygdalar nucleus,14,7,7
LatentSpace_v189,Hypothalamus,11,9,2
LatentSpace_v189,Thalamus,10,1,9
LatentSpace_v189,Inferior colliculus,5,9,-4
LatentSpace_v189,"Superior colliculus, sensory related",5,10,-5
LatentSpace_v189,Midbrain raphe nuclei,15,12,3
LatentSpace_v189,Midbrain-other,12,10,2
LatentSpace_v189,Periaqueductal gray,11,11,0
LatentSpace_v189,Pons,12,9,3
LatentSpace_v189,Medulla,7,9,-2
LatentSpace_v189,Lingula (I),13,34,-21
LatentSpace_v189,Central lobule,18,34,-16
LatentSpace_v189,Culmen,24,34,-10
LatentSpace_v189,Declive (VI),22,28,-6
LatentSpace_v189,Folium-tuber vermis (VII),23,31,-8
LatentSpace_v189,Pyramus (VIII),23,32,-9
LatentSpace_v189,Uvula (IX),30,34,-4
LatentSpace_v189,Nodulus (X),15,35,-20
LatentSpace_v189,Simple lobule,22,29,-7
LatentSpace_v189,Crus 1,22,26,-4
LatentSpace_v189,Crus 2,22,27,-5
LatentSpace_v189,Paramedian lobule,22,33,-11
LatentSpace_v189,Copula pyramidis,24,34,-10
LatentSpace_v189,Flocculus,11,34,-23
LatentSpace_v189,Paraflocculus,26,36,-10
LatentSpace_v189,Cerebellar nuclei,12,11,1
LatentSpace_v190,Cortical subplate-other,8,15,-7
LatentSpace_v190,Claustrum,29,33,-4
LatentSpace_v190,Endopiriform nucleus,13,32,-19
LatentSpace_v190,Olfactory areas-other,10,33,-23
LatentSpace_v190,Postpiriform transition area,12,27,-15
LatentSpace_v190,Piriform area,16,34,-18
LatentSpace_v190,Taenia tecta,8,28,-20
LatentSpace_v190,Cortical amygdalar area,9,19,-10
LatentSpace_v190,Piriform-amygdalar area,12,28,-16
LatentSpace_v190,Main olfactory bulb,22,10,12
LatentSpace_v190,Accessory olfactory bulb,27,19,8
LatentSpace_v190,Anterior olfactory nucleus,8,32,-24
LatentSpace_v190,Subiculum,7,35,-28
LatentSpace_v190,Entorhinal area,9,22,-13
LatentSpace_v190,Field CA1,8,25,-17
LatentSpace_v190,Field CA2,7,14,-7
LatentSpace_v190,Field CA3,6,8,-2
LatentSpace_v190,Dentate gyrus,6,3,3
LatentSpace_v190,Anterior cingulate area,38,39,-1
LatentSpace_v190,Infralimbic area,8,26,-18
LatentSpace_v190,Retrosplenial area,26,36,-10
LatentSpace_v190,Prelimbic area,25,35,-10
LatentSpace_v190,Primary auditory area,37,38,-1
LatentSpace_v190,Dorsal auditory area,35,38,-3
LatentSpace_v190,Ventral auditory area,40,38,2
LatentSpace_v190,Agranular insular area,23,37,-14
LatentSpace_v190,Ectorhinal area,25,33,-8
LatentSpace_v190,Primary motor area,35,38,-3
LatentSpace_v190,Secondary motor area,36,38,-2
LatentSpace_v190,"Frontal pole, cerebral cortex",32,40,-8
LatentSpace_v190,Orbital area,24,35,-11
LatentSpace_v190,Posterior parietal association areas,35,38,-3
LatentSpace_v190,Perirhinal area,18,32,-14
LatentSpace_v190,Primary somatosensory area,29,35,-6
LatentSpace_v190,Supplemental somatosensory area,37,38,-1
LatentSpace_v190,Temporal association areas,33,33,0
LatentSpace_v190,Visual areas,35,38,-3
LatentSpace_v190,Pallidum,7,6,1
LatentSpace_v190,Striatum ventral region,6,3,3
LatentSpace_v190,Lateral septal complex,10,4,6
LatentSpace_v190,Caudoputamen,3,3,0
LatentSpace_v190,Medial amygdalar nucleus,9,7,2
LatentSpace_v190,Hypothalamus,8,9,-1
LatentSpace_v190,Thalamus,4,1,3
LatentSpace_v190,Inferior colliculus,5,9,-4
LatentSpace_v190,"Superior colliculus, sensory related",5,10,-5
LatentSpace_v190,Midbrain raphe nuclei,15,12,3
LatentSpace_v190,Midbrain-other,10,10,0
LatentSpace_v190,Periaqueductal gray,10,11,-1
LatentSpace_v190,Pons,11,9,2
LatentSpace_v190,Medulla,9,9,0
LatentSpace_v190,Lingula (I),11,34,-23
LatentSpace_v190,Central lobule,20,34,-14
LatentSpace_v190,Culmen,24,34,-10
LatentSpace_v190,Declive (VI),23,28,-5
LatentSpace_v190,Folium-tuber vermis (VII),23,31,-8
LatentSpace_v190,Pyramus (VIII),26,32,-6
LatentSpace_v190,Uvula (IX),33,34,-1
LatentSpace_v190,Nodulus (X),19,35,-16
LatentSpace_v190,Simple lobule,23,29,-6
LatentSpace_v190,Crus 1,22,26,-4
LatentSpace_v190,Crus 2,22,27,-5
LatentSpace_v190,Paramedian lobule,23,33,-10
LatentSpace_v190,Copula pyramidis,26,34,-8
LatentSpace_v190,Flocculus,28,34,-6
LatentSpace_v190,Paraflocculus,25,36,-11
LatentSpace_v190,Cerebellar nuclei,27,11,16
LatentSpace_v191,Cortical subplate-other,3,15,-12
LatentSpace_v191,Claustrum,23,33,-10
LatentSpace_v191,Endopiriform nucleus,6,32,-26
LatentSpace_v191,Olfactory areas-other,5,33,-28
LatentSpace_v191,Postpiriform transition area,7,27,-20
LatentSpace_v191,Piriform area,5,34,-29
LatentSpace_v191,Taenia tecta,10,28,-18
LatentSpace_v191,Cortical amygdalar area,3,19,-16
LatentSpace_v191,Piriform-amygdalar area,3,28,-25
LatentSpace_v191,Main olfactory bulb,10,10,0
LatentSpace_v191,Accessory olfactory bulb,19,19,0
LatentSpace_v191,Anterior olfactory nucleus,3,32,-29
LatentSpace_v191,Subiculum,4,35,-31
LatentSpace_v191,Entorhinal area,9,22,-13
LatentSpace_v191,Field CA1,11,25,-14
LatentSpace_v191,Field CA2,20,14,6
LatentSpace_v191,Field CA3,4,8,-4
LatentSpace_v191,Dentate gyrus,6,3,3
LatentSpace_v191,Anterior cingulate area,36,39,-3
LatentSpace_v191,Infralimbic area,8,26,-18
LatentSpace_v191,Retrosplenial area,34,36,-2
LatentSpace_v191,Prelimbic area,24,35,-11
LatentSpace_v191,Primary auditory area,36,38,-2
LatentSpace_v191,Dorsal auditory area,35,38,-3
LatentSpace_v191,Ventral auditory area,37,38,-1
LatentSpace_v191,Agranular insular area,20,37,-17
LatentSpace_v191,Ectorhinal area,24,33,-9
LatentSpace_v191,Primary motor area,35,38,-3
LatentSpace_v191,Secondary motor area,34,38,-4
LatentSpace_v191,"Frontal pole, cerebral cortex",24,40,-16
LatentSpace_v191,Orbital area,21,35,-14
LatentSpace_v191,Posterior parietal association areas,35,38,-3
LatentSpace_v191,Perirhinal area,19,32,-13
LatentSpace_v191,Primary somatosensory area,35,35,0
LatentSpace_v191,Supplemental somatosensory area,37,38,-1
LatentSpace_v191,Temporal association areas,30,33,-3
LatentSpace_v191,Visual areas,35,38,-3
LatentSpace_v191,Pallidum,8,6,2
LatentSpace_v191,Striatum ventral region,7,3,4
LatentSpace_v191,Lateral septal complex,11,4,7
LatentSpace_v191,Caudoputamen,3,3,0
LatentSpace_v191,Medial amygdalar nucleus,7,7,0
LatentSpace_v191,Hypothalamus,7,9,-2
LatentSpace_v191,Thalamus,3,1,2
LatentSpace_v191,Inferior colliculus,27,9,18
LatentSpace_v191,"Superior colliculus, sensory related",7,10,-3
LatentSpace_v191,Midbrain raphe nuclei,14,12,2
LatentSpace_v191,Midbrain-other,12,10,2
LatentSpace_v191,Periaqueductal gray,13,11,2
LatentSpace_v191,Pons,10,9,1
LatentSpace_v191,Medulla,10,9,1
LatentSpace_v191,Lingula (I),10,34,-24
LatentSpace_v191,Central lobule,16,34,-18
LatentSpace_v191,Culmen,24,34,-10
LatentSpace_v191,Declive (VI),23,28,-5
LatentSpace_v191,Folium-tuber vermis (VII),23,31,-8
LatentSpace_v191,Pyramus (VIII),23,32,-9
LatentSpace_v191,Uvula (IX),32,34,-2
LatentSpace_v191,Nodulus (X),17,35,-18
LatentSpace_v191,Simple lobule,23,29,-6
LatentSpace_v191,Crus 1,22,26,-4
LatentSpace_v191,Crus 2,22,27,-5
LatentSpace_v191,Paramedian lobule,23,33,-10
LatentSpace_v191,Copula pyramidis,23,34,-11
LatentSpace_v191,Flocculus,11,34,-23
LatentSpace_v191,Paraflocculus,27,36,-9
LatentSpace_v191,Cerebellar nuclei,33,11,22
LatentSpace_v192,Cortical subplate-other,14,15,-1
LatentSpace_v192,Claustrum,15,33,-18
LatentSpace_v192,Endopiriform nucleus,13,32,-19
LatentSpace_v192,Olfactory areas-other,15,33,-18
LatentSpace_v192,Postpiriform transition area,12,27,-15
LatentSpace_v192,Piriform area,10,34,-24
LatentSpace_v192,Taenia tecta,16,28,-12
LatentSpace_v192,Cortical amygdalar area,10,19,-9
LatentSpace_v192,Piriform-amygdalar area,13,28,-15
LatentSpace_v192,Main olfactory bulb,23,10,13
LatentSpace_v192,Accessory olfactory bulb,36,19,17
LatentSpace_v192,Anterior olfactory nucleus,16,32,-16
LatentSpace_v192,Subiculum,4,35,-31
LatentSpace_v192,Entorhinal area,10,22,-12
LatentSpace_v192,Field CA1,5,25,-20
LatentSpace_v192,Field CA2,6,14,-8
LatentSpace_v192,Field CA3,6,8,-2
LatentSpace_v192,Dentate gyrus,8,3,5
LatentSpace_v192,Anterior cingulate area,35,39,-4
LatentSpace_v192,Infralimbic area,12,26,-14
LatentSpace_v192,Retrosplenial area,25,36,-11
LatentSpace_v192,Prelimbic area,27,35,-8
LatentSpace_v192,Primary auditory area,35,38,-3
LatentSpace_v192,Dorsal auditory area,35,38,-3
LatentSpace_v192,Ventral auditory area,38,38,0
LatentSpace_v192,Agranular insular area,24,37,-13
LatentSpace_v192,Ectorhinal area,23,33,-10
LatentSpace_v192,Primary motor area,35,38,-3
LatentSpace_v192,Secondary motor area,36,38,-2
LatentSpace_v192,"Frontal pole, cerebral cortex",33,40,-7
LatentSpace_v192,Orbital area,26,35,-9
LatentSpace_v192,Posterior parietal association areas,35,38,-3
LatentSpace_v192,Perirhinal area,16,32,-16
LatentSpace_v192,Primary somatosensory area,32,35,-3
LatentSpace_v192,Supplemental somatosensory area,37,38,-1
LatentSpace_v192,Temporal association areas,32,33,-1
LatentSpace_v192,Visual areas,35,38,-3
LatentSpace_v192,Pallidum,14,6,8
LatentSpace_v192,Striatum ventral region,7,3,4
LatentSpace_v192,Lateral septal complex,12,4,8
LatentSpace_v192,Caudoputamen,3,3,0
LatentSpace_v192,Medial amygdalar nucleus,13,7,6
LatentSpace_v192,Hypothalamus,12,9,3
LatentSpace_v192,Thalamus,12,1,11
LatentSpace_v192,Inferior colliculus,8,9,-1
LatentSpace_v192,"Superior colliculus, sensory related",6,10,-4
LatentSpace_v192,Midbrain raphe nuclei,15,12,3
LatentSpace_v192,Midbrain-other,13,10,3
LatentSpace_v192,Periaqueductal gray,11,11,0
LatentSpace_v192,Pons,11,9,2
LatentSpace_v192,Medulla,12,9,3
LatentSpace_v192,Lingula (I),11,34,-23
LatentSpace_v192,Central lobule,10,34,-24
LatentSpace_v192,Culmen,27,34,-7
LatentSpace_v192,Declive (VI),23,28,-5
LatentSpace_v192,Folium-tuber vermis (VII),23,31,-8
LatentSpace_v192,Pyramus (VIII),24,32,-8
LatentSpace_v192,Uvula (IX),15,34,-19
LatentSpace_v192,Nodulus (X),13,35,-22
LatentSpace_v192,Simple lobule,25,29,-4
LatentSpace_v192,Crus 1,22,26,-4
LatentSpace_v192,Crus 2,22,27,-5
LatentSpace_v192,Paramedian lobule,23,33,-10
LatentSpace_v192,Copula pyramidis,24,34,-10
LatentSpace_v192,Flocculus,8,34,-26
LatentSpace_v192,Paraflocculus,21,36,-15
LatentSpace_v192,Cerebellar nuclei,13,11,2
LatentSpace_v193,Cortical subplate-other,10,15,-5
LatentSpace_v193,Claustrum,23,33,-10
LatentSpace_v193,Endopiriform nucleus,11,32,-21
LatentSpace_v193,Olfactory areas-other,8,33,-25
LatentSpace_v193,Postpiriform transition area,12,27,-15
LatentSpace_v193,Piriform area,10,34,-24
LatentSpace_v193,Taenia tecta,8,28,-20
LatentSpace_v193,Cortical amygdalar area,10,19,-9
LatentSpace_v193,Piriform-amygdalar area,11,28,-17
LatentSpace_v193,Main olfactory bulb,8,10,-2
LatentSpace_v193,Accessory olfactory bulb,9,19,-10
LatentSpace_v193,Anterior olfactory nucleus,8,32,-24
LatentSpace_v193,Subiculum,7,35,-28
LatentSpace_v193,Entorhinal area,19,22,-3
LatentSpace_v193,Field CA1,6,25,-19
LatentSpace_v193,Field CA2,6,14,-8
LatentSpace_v193,Field CA3,5,8,-3
LatentSpace_v193,Dentate gyrus,6,3,3
LatentSpace_v193,Anterior cingulate area,38,39,-1
LatentSpace_v193,Infralimbic area,11,26,-15
LatentSpace_v193,Retrosplenial area,24,36,-12
LatentSpace_v193,Prelimbic area,25,35,-10
LatentSpace_v193,Primary auditory area,35,38,-3
LatentSpace_v193,Dorsal auditory area,35,38,-3
LatentSpace_v193,Ventral auditory area,37,38,-1
LatentSpace_v193,Agranular insular area,23,37,-14
LatentSpace_v193,Ectorhinal area,23,33,-10
LatentSpace_v193,Primary motor area,35,38,-3
LatentSpace_v193,Secondary motor area,36,38,-2
LatentSpace_v193,"Frontal pole, cerebral cortex",30,40,-10
LatentSpace_v193,Orbital area,23,35,-12
LatentSpace_v193,Posterior parietal association areas,35,38,-3
LatentSpace_v193,Perirhinal area,22,32,-10
LatentSpace_v193,Primary somatosensory area,30,35,-5
LatentSpace_v193,Supplemental somatosensory area,36,38,-2
LatentSpace_v193,Temporal association areas,33,33,0
LatentSpace_v193,Visual areas,35,38,-3
LatentSpace_v193,Pallidum,7,6,1
LatentSpace_v193,Striatum ventral region,7,3,4
LatentSpace_v193,Lateral septal complex,10,4,6
LatentSpace_v193,Caudoputamen,3,3,0
LatentSpace_v193,Medial amygdalar nucleus,10,7,3
LatentSpace_v193,Hypothalamus,4,9,-5
LatentSpace_v193,Thalamus,10,1,9
LatentSpace_v193,Inferior colliculus,10,9,1
LatentSpace_v193,"Superior colliculus, sensory related",7,10,-3
LatentSpace_v193,Midbrain raphe nuclei,14,12,2
LatentSpace_v193,Midbrain-other,11,10,1
LatentSpace_v193,Periaqueductal gray,11,11,0
LatentSpace_v193,Pons,11,9,2
LatentSpace_v193,Medulla,11,9,2
LatentSpace_v193,Lingula (I),10,34,-24
LatentSpace_v193,Central lobule,11,34,-23
LatentSpace_v193,Culmen,29,34,-5
LatentSpace_v193,Declive (VI),23,28,-5
LatentSpace_v193,Folium-tuber vermis (VII),23,31,-8
LatentSpace_v193,Pyramus (VIII),23,32,-9
LatentSpace_v193,Uvula (IX),10,34,-24
LatentSpace_v193,Nodulus (X),12,35,-23
LatentSpace_v193,Simple lobule,23,29,-6
LatentSpace_v193,Crus 1,23,26,-3
LatentSpace_v193,Crus 2,23,27,-4
LatentSpace_v193,Paramedian lobule,23,33,-10
LatentSpace_v193,Copula pyramidis,23,34,-11
LatentSpace_v193,Flocculus,17,34,-17
LatentSpace_v193,Paraflocculus,24,36,-12
LatentSpace_v193,Cerebellar nuclei,14,11,3
LatentSpace_v194,Cortical subplate-other,9,15,-6
LatentSpace_v194,Claustrum,27,33,-6
LatentSpace_v194,Endopiriform nucleus,13,32,-19
LatentSpace_v194,Olfactory areas-other,15,33,-18
LatentSpace_v194,Postpiriform transition area,11,27,-16
LatentSpace_v194,Piriform area,18,34,-16
LatentSpace_v194,Taenia tecta,11,28,-17
LatentSpace_v194,Cortical amygdalar area,8,19,-11
LatentSpace_v194,Piriform-amygdalar area,11,28,-17
LatentSpace_v194,Main olfactory bulb,7,10,-3
LatentSpace_v194,Accessory olfactory bulb,33,19,14
LatentSpace_v194,Anterior olfactory nucleus,17,32,-15
LatentSpace_v194,Subiculum,5,35,-30
LatentSpace_v194,Entorhinal area,13,22,-9
LatentSpace_v194,Field CA1,5,25,-20
LatentSpace_v194,Field CA2,5,14,-9
LatentSpace_v194,Field CA3,4,8,-4
LatentSpace_v194,Dentate gyrus,6,3,3
LatentSpace_v194,Anterior cingulate area,35,39,-4
LatentSpace_v194,Infralimbic area,11,26,-15
LatentSpace_v194,Retrosplenial area,22,36,-14
LatentSpace_v194,Prelimbic area,30,35,-5
LatentSpace_v194,Primary auditory area,35,38,-3
LatentSpace_v194,Dorsal auditory area,35,38,-3
LatentSpace_v194,Ventral auditory area,40,38,2
LatentSpace_v194,Agranular insular area,23,37,-14
LatentSpace_v194,Ectorhinal area,24,33,-9
LatentSpace_v194,Primary motor area,35,38,-3
LatentSpace_v194,Secondary motor area,35,38,-3
LatentSpace_v194,"Frontal pole, cerebral cortex",32,40,-8
LatentSpace_v194,Orbital area,25,35,-10
LatentSpace_v194,Posterior parietal association areas,31,38,-7
LatentSpace_v194,Perirhinal area,22,32,-10
LatentSpace_v194,Primary somatosensory area,30,35,-5
LatentSpace_v194,Supplemental somatosensory area,37,38,-1
LatentSpace_v194,Temporal association areas,34,33,1
LatentSpace_v194,Visual areas,34,38,-4
LatentSpace_v194,Pallidum,10,6,4
LatentSpace_v194,Striatum ventral region,8,3,5
LatentSpace_v194,Lateral septal complex,9,4,5
LatentSpace_v194,Caudoputamen,3,3,0
LatentSpace_v194,Medial amygdalar nucleus,7,7,0
LatentSpace_v194,Hypothalamus,12,9,3
LatentSpace_v194,Thalamus,11,1,10
LatentSpace_v194,Inferior colliculus,10,9,1
LatentSpace_v194,"Superior colliculus, sensory related",10,10,0
LatentSpace_v194,Midbrain raphe nuclei,16,12,4
LatentSpace_v194,Midbrain-other,14,10,4
LatentSpace_v194,Periaqueductal gray,15,11,4
LatentSpace_v194,Pons,11,9,2
LatentSpace_v194,Medulla,9,9,0
LatentSpace_v194,Lingula (I),16,34,-18
LatentSpace_v194,Central lobule,33,34,-1
LatentSpace_v194,Culmen,27,34,-7
LatentSpace_v194,Declive (VI),22,28,-6
LatentSpace_v194,Folium-tuber vermis (VII),23,31,-8
LatentSpace_v194,Pyramus (VIII),26,32,-6
LatentSpace_v194,Uvula (IX),13,34,-21
LatentSpace_v194,Nodulus (X),13,35,-22
LatentSpace_v194,Simple lobule,22,29,-7
LatentSpace_v194,Crus 1,22,26,-4
LatentSpace_v194,Crus 2,21,27,-6
LatentSpace_v194,Paramedian lobule,22,33,-11
LatentSpace_v194,Copula pyramidis,29,34,-5
LatentSpace_v194,Flocculus,33,34,-1
LatentSpace_v194,Paraflocculus,25,36,-11
LatentSpace_v194,Cerebellar nuclei,10,11,-1
LatentSpace_v195,Cortical subplate-other,13,15,-2
LatentSpace_v195,Claustrum,22,33,-11
LatentSpace_v195,Endopiriform nucleus,13,32,-19
LatentSpace_v195,Olfactory areas-other,20,33,-13
LatentSpace_v195,Postpiriform transition area,11,27,-16
LatentSpace_v195,Piriform area,13,34,-21
LatentSpace_v195,Taenia tecta,14,28,-14
LatentSpace_v195,Cortical amygdalar area,11,19,-8
LatentSpace_v195,Piriform-amygdalar area,12,28,-16
LatentSpace_v195,Main olfactory bulb,14,10,4
LatentSpace_v195,Accessory olfactory bulb,14,19,-5
LatentSpace_v195,Anterior olfactory nucleus,22,32,-10
LatentSpace_v195,Subiculum,6,35,-29
LatentSpace_v195,Entorhinal area,12,22,-10
LatentSpace_v195,Field CA1,7,25,-18
LatentSpace_v195,Field CA2,7,14,-7
LatentSpace_v195,Field CA3,6,8,-2
LatentSpace_v195,Dentate gyrus,6,3,3
LatentSpace_v195,Anterior cingulate area,29,39,-10
LatentSpace_v195,Infralimbic area,13,26,-13
LatentSpace_v195,Retrosplenial area,22,36,-14
LatentSpace_v195,Prelimbic area,25,35,-10
LatentSpace_v195,Primary auditory area,35,38,-3
LatentSpace_v195,Dorsal auditory area,35,38,-3
LatentSpace_v195,Ventral auditory area,34,38,-4
LatentSpace_v195,Agranular insular area,23,37,-14
LatentSpace_v195,Ectorhinal area,21,33,-12
LatentSpace_v195,Primary motor area,35,38,-3
LatentSpace_v195,Secondary motor area,33,38,-5
LatentSpace_v195,"Frontal pole, cerebral cortex",33,40,-7
LatentSpace_v195,Orbital area,23,35,-12
LatentSpace_v195,Posterior parietal association areas,33,38,-5
LatentSpace_v195,Perirhinal area,17,32,-15
LatentSpace_v195,Primary somatosensory area,28,35,-7
LatentSpace_v195,Supplemental somatosensory area,36,38,-2
LatentSpace_v195,Temporal association areas,25,33,-8
LatentSpace_v195,Visual areas,30,38,-8
LatentSpace_v195,Pallidum,11,6,5
LatentSpace_v195,Striatum ventral region,8,3,5
LatentSpace_v195,Lateral septal complex,10,4,6
LatentSpace_v195,Caudoputamen,3,3,0
LatentSpace_v195,Medial amygdalar nucleus,16,7,9
LatentSpace_v195,Hypothalamus,13,9,4
LatentSpace_v195,Thalamus,6,1,5
LatentSpace_v195,Inferior colliculus,9,9,0
LatentSpace_v195,"Superior colliculus, sensory related",6,10,-4
LatentSpace_v195,Midbrain raphe nuclei,14,12,2
LatentSpace_v195,Midbrain-other,12,10,2
LatentSpace_v195,Periaqueductal gray,12,11,1
LatentSpace_v195,Pons,12,9,3
LatentSpace_v195,Medulla,11,9,2
LatentSpace_v195,Lingula (I),14,34,-20
LatentSpace_v195,Central lobule,20,34,-14
LatentSpace_v195,Culmen,23,34,-11
LatentSpace_v195,Declive (VI),23,28,-5
LatentSpace_v195,Folium-tuber vermis (VII),23,31,-8
LatentSpace_v195,Pyramus (VIII),24,32,-8
LatentSpace_v195,Uvula (IX),18,34,-16
LatentSpace_v195,Nodulus (X),18,35,-17
LatentSpace_v195,Simple lobule,23,29,-6
LatentSpace_v195,Crus 1,23,26,-3
LatentSpace_v195,Crus 2,22,27,-5
LatentSpace_v195,Paramedian lobule,23,33,-10
LatentSpace_v195,Copula pyramidis,25,34,-9
LatentSpace_v195,Flocculus,18,34,-16
LatentSpace_v195,Paraflocculus,25,36,-11
LatentSpace_v195,Cerebellar nuclei,33,11,22
LatentSpace_v196,Cortical subplate-other,8,15,-7
LatentSpace_v196,Claustrum,19,33,-14
LatentSpace_v196,Endopiriform nucleus,11,32,-21
LatentSpace_v196,Olfactory areas-other,13,33,-20
LatentSpace_v196,Postpiriform transition area,10,27,-17
LatentSpace_v196,Piriform area,16,34,-18
LatentSpace_v196,Taenia tecta,12,28,-16
LatentSpace_v196,Cortical amygdalar area,6,19,-13
LatentSpace_v196,Piriform-amygdalar area,8,28,-20
LatentSpace_v196,Main olfactory bulb,23,10,13
LatentSpace_v196,Accessory olfactory bulb,45,19,26
LatentSpace_v196,Anterior olfactory nucleus,11,32,-21
LatentSpace_v196,Subiculum,6,35,-29
LatentSpace_v196,Entorhinal area,15,22,-7
LatentSpace_v196,Field CA1,7,25,-18
LatentSpace_v196,Field CA2,7,14,-7
LatentSpace_v196,Field CA3,6,8,-2
LatentSpace_v196,Dentate gyrus,7,3,4
LatentSpace_v196,Anterior cingulate area,39,39,0
LatentSpace_v196,Infralimbic area,6,26,-20
LatentSpace_v196,Retrosplenial area,26,36,-10
LatentSpace_v196,Prelimbic area,30,35,-5
LatentSpace_v196,Primary auditory area,38,38,0
LatentSpace_v196,Dorsal auditory area,36,38,-2
LatentSpace_v196,Ventral auditory area,35,38,-3
LatentSpace_v196,Agranular insular area,27,37,-10
LatentSpace_v196,Ectorhinal area,23,33,-10
LatentSpace_v196,Primary motor area,35,38,-3
LatentSpace_v196,Secondary motor area,37,38,-1
LatentSpace_v196,"Frontal pole, cerebral cortex",37,40,-3
LatentSpace_v196,Orbital area,27,35,-8
LatentSpace_v196,Posterior parietal association areas,35,38,-3
LatentSpace_v196,Perirhinal area,18,32,-14
LatentSpace_v196,Primary somatosensory area,31,35,-4
LatentSpace_v196,Supplemental somatosensory area,37,38,-1
LatentSpace_v196,Temporal association areas,25,33,-8
LatentSpace_v196,Visual areas,35,38,-3
LatentSpace_v196,Pallidum,8,6,2
LatentSpace_v196,Striatum ventral region,5,3,2
LatentSpace_v196,Lateral septal complex,9,4,5
LatentSpace_v196,Caudoputamen,3,3,0
LatentSpace_v196,Medial amygdalar nucleus,11,7,4
LatentSpace_v196,Hypothalamus,9,9,0
LatentSpace_v196,Thalamus,1,1,0
LatentSpace_v196,Inferior colliculus,4,9,-5
LatentSpace_v196,"Superior colliculus, sensory related",7,10,-3
LatentSpace_v196,Midbrain raphe nuclei,15,12,3
LatentSpace_v196,Midbrain-other,11,10,1
LatentSpace_v196,Periaqueductal gray,14,11,3
LatentSpace_v196,Pons,10,9,1
LatentSpace_v196,Medulla,12,9,3
LatentSpace_v196,Lingula (I),13,34,-21
LatentSpace_v196,Central lobule,15,34,-19
LatentSpace_v196,Culmen,24,34,-10
LatentSpace_v196,Declive (VI),22,28,-6
LatentSpace_v196,Folium-tuber vermis (VII),23,31,-8
LatentSpace_v196,Pyramus (VIII),24,32,-8
LatentSpace_v196,Uvula (IX),34,34,0
LatentSpace_v196,Nodulus (X),22,35,-13
LatentSpace_v196,Simple lobule,22,29,-7
LatentSpace_v196,Crus 1,21,26,-5
LatentSpace_v196,Crus 2,21,27,-6
LatentSpace_v196,Paramedian lobule,22,33,-11
LatentSpace_v196,Copula pyramidis,23,34,-11
LatentSpace_v196,Flocculus,14,34,-20
LatentSpace_v196,Paraflocculus,26,36,-10
LatentSpace_v196,Cerebellar nuclei,33,11,22
LatentSpace_v197,Cortical subplate-other,7,15,-8
LatentSpace_v197,Claustrum,20,33,-13
LatentSpace_v197,Endopiriform nucleus,12,32,-20
LatentSpace_v197,Olfactory areas-other,23,33,-10
LatentSpace_v197,Postpiriform transition area,10,27,-17
LatentSpace_v197,Piriform area,14,34,-20
LatentSpace_v197,Taenia tecta,16,28,-12
LatentSpace_v197,Cortical amygdalar area,6,19,-13
LatentSpace_v197,Piriform-amygdalar area,8,28,-20
LatentSpace_v197,Main olfactory bulb,11,10,1
LatentSpace_v197,Accessory olfactory bulb,7,19,-12
LatentSpace_v197,Anterior olfactory nucleus,22,32,-10
LatentSpace_v197,Subiculum,6,35,-29
LatentSpace_v197,Entorhinal area,13,22,-9
LatentSpace_v197,Field CA1,8,25,-17
LatentSpace_v197,Field CA2,8,14,-6
LatentSpace_v197,Field CA3,7,8,-1
LatentSpace_v197,Dentate gyrus,7,3,4
LatentSpace_v197,Anterior cingulate area,34,39,-5
LatentSpace_v197,Infralimbic area,14,26,-12
LatentSpace_v197,Retrosplenial area,25,36,-11
LatentSpace_v197,Prelimbic area,24,35,-11
LatentSpace_v197,Primary auditory area,37,38,-1
LatentSpace_v197,Dorsal auditory area,35,38,-3
LatentSpace_v197,Ventral auditory area,37,38,-1
LatentSpace_v197,Agranular insular area,24,37,-13
LatentSpace_v197,Ectorhinal area,22,33,-11
LatentSpace_v197,Primary motor area,35,38,-3
LatentSpace_v197,Secondary motor area,33,38,-5
LatentSpace_v197,"Frontal pole, cerebral cortex",30,40,-10
LatentSpace_v197,Orbital area,25,35,-10
LatentSpace_v197,Posterior parietal association areas,35,38,-3
LatentSpace_v197,Perirhinal area,19,32,-13
LatentSpace_v197,Primary somatosensory area,28,35,-7
LatentSpace_v197,Supplemental somatosensory area,37,38,-1
LatentSpace_v197,Temporal association areas,28,33,-5
LatentSpace_v197,Visual areas,34,38,-4
LatentSpace_v197,Pallidum,8,6,2
LatentSpace_v197,Striatum ventral region,7,3,4
LatentSpace_v197,Lateral septal complex,8,4,4
LatentSpace_v197,Caudoputamen,3,3,0
LatentSpace_v197,Medial amygdalar nucleus,7,7,0
LatentSpace_v197,Hypothalamus,4,9,-5
LatentSpace_v197,Thalamus,5,1,4
LatentSpace_v197,Inferior colliculus,7,9,-2
LatentSpace_v197,"Superior colliculus, sensory related",3,10,-7
LatentSpace_v197,Midbrain raphe nuclei,12,12,0
LatentSpace_v197,Midbrain-other,11,10,1
LatentSpace_v197,Periaqueductal gray,11,11,0
LatentSpace_v197,Pons,9,9,0
LatentSpace_v197,Medulla,11,9,2
LatentSpace_v197,Lingula (I),12,34,-22
LatentSpace_v197,Central lobule,9,34,-25
LatentSpace_v197,Culmen,28,34,-6
LatentSpace_v197,Declive (VI),23,28,-5
LatentSpace_v197,Folium-tuber vermis (VII),25,31,-6
LatentSpace_v197,Pyramus (VIII),30,32,-2
LatentSpace_v197,Uvula (IX),16,34,-18
LatentSpace_v197,Nodulus (X),14,35,-21
LatentSpace_v197,Simple lobule,22,29,-7
LatentSpace_v197,Crus 1,22,26,-4
LatentSpace_v197,Crus 2,23,27,-4
LatentSpace_v197,Paramedian lobule,26,33,-7
LatentSpace_v197,Copula pyramidis,29,34,-5
LatentSpace_v197,Flocculus,11,34,-23
LatentSpace_v197,Paraflocculus,23,36,-13
LatentSpace_v197,Cerebellar nuclei,13,11,2
LatentSpace_v198,Cortical subplate-other,9,15,-6
LatentSpace_v198,Claustrum,27,33,-6
LatentSpace_v198,Endopiriform nucleus,21,32,-11
LatentSpace_v198,Olfactory areas-other,25,33,-8
LatentSpace_v198,Postpiriform transition area,13,27,-14
LatentSpace_v198,Piriform area,20,34,-14
LatentSpace_v198,Taenia tecta,13,28,-15
LatentSpace_v198,Cortical amygdalar area,7,19,-12
LatentSpace_v198,Piriform-amygdalar area,9,28,-19
LatentSpace_v198,Main olfactory bulb,12,10,2
LatentSpace_v198,Accessory olfactory bulb,31,19,12
LatentSpace_v198,Anterior olfactory nucleus,24,32,-8
LatentSpace_v198,Subiculum,3,35,-32
LatentSpace_v198,Entorhinal area,18,22,-4
LatentSpace_v198,Field CA1,4,25,-21
LatentSpace_v198,Field CA2,6,14,-8
LatentSpace_v198,Field CA3,6,8,-2
LatentSpace_v198,Dentate gyrus,7,3,4
LatentSpace_v198,Anterior cingulate area,35,39,-4
LatentSpace_v198,Infralimbic area,17,26,-9
LatentSpace_v198,Retrosplenial area,21,36,-15
LatentSpace_v198,Prelimbic area,27,35,-8
LatentSpace_v198,Primary auditory area,36,38,-2
LatentSpace_v198,Dorsal auditory area,35,38,-3
LatentSpace_v198,Ventral auditory area,34,38,-4
LatentSpace_v198,Agranular insular area,29,37,-8
LatentSpace_v198,Ectorhinal area,25,33,-8
LatentSpace_v198,Primary motor area,33,38,-5
LatentSpace_v198,Secondary motor area,35,38,-3
LatentSpace_v198,"Frontal pole, cerebral cortex",32,40,-8
LatentSpace_v198,Orbital area,24,35,-11
LatentSpace_v198,Posterior parietal association areas,30,38,-8
LatentSpace_v198,Perirhinal area,21,32,-11
LatentSpace_v198,Primary somatosensory area,27,35,-8
LatentSpace_v198,Supplemental somatosensory area,36,38,-2
LatentSpace_v198,Temporal association areas,28,33,-5
LatentSpace_v198,Visual areas,32,38,-6
LatentSpace_v198,Pallidum,7,6,1
LatentSpace_v198,Striatum ventral region,8,3,5
LatentSpace_v198,Lateral septal complex,8,4,4
LatentSpace_v198,Caudoputamen,3,3,0
LatentSpace_v198,Medial amygdalar nucleus,9,7,2
LatentSpace_v198,Hypothalamus,8,9,-1
LatentSpace_v198,Thalamus,6,1,5
LatentSpace_v198,Inferior colliculus,9,9,0
LatentSpace_v198,"Superior colliculus, sensory related",7,10,-3
LatentSpace_v198,Midbrain raphe nuclei,13,12,1
LatentSpace_v198,Midbrain-other,13,10,3
LatentSpace_v198,Periaqueductal gray,10,11,-1
LatentSpace_v198,Pons,7,9,-2
LatentSpace_v198,Medulla,12,9,3
LatentSpace_v198,Lingula (I),13,34,-21
LatentSpace_v198,Central lobule,19,34,-15
LatentSpace_v198,Culmen,30,34,-4
LatentSpace_v198,Declive (VI),23,28,-5
LatentSpace_v198,Folium-tuber vermis (VII),23,31,-8
LatentSpace_v198,Pyramus (VIII),23,32,-9
LatentSpace_v198,Uvula (IX),30,34,-4
LatentSpace_v198,Nodulus (X),20,35,-15
LatentSpace_v198,Simple lobule,23,29,-6
LatentSpace_v198,Crus 1,21,26,-5
LatentSpace_v198,Crus 2,21,27,-6
LatentSpace_v198,Paramedian lobule,22,33,-11
LatentSpace_v198,Copula pyramidis,24,34,-10
LatentSpace_v198,Flocculus,28,34,-6
LatentSpace_v198,Paraflocculus,24,36,-12
LatentSpace_v198,Cerebellar nuclei,25,11,14
LatentSpace_v199,Cortical subplate-other,12,15,-3
LatentSpace_v199,Claustrum,18,33,-15
LatentSpace_v199,Endopiriform nucleus,19,32,-13
LatentSpace_v199,Olfactory areas-other,13,33,-20
LatentSpace_v199,Postpiriform transition area,12,27,-15
LatentSpace_v199,Piriform area,22,34,-12
LatentSpace_v199,Taenia tecta,14,28,-14
LatentSpace_v199,Cortical amygdalar area,11,19,-8
LatentSpace_v199,Piriform-amygdalar area,12,28,-16
LatentSpace_v199,Main olfactory bulb,13,10,3
LatentSpace_v199,Accessory olfactory bulb,3,19,-16
LatentSpace_v199,Anterior olfactory nucleus,13,32,-19
LatentSpace_v199,Subiculum,4,35,-31
LatentSpace_v199,Entorhinal area,13,22,-9
LatentSpace_v199,Field CA1,7,25,-18
LatentSpace_v199,Field CA2,7,14,-7
LatentSpace_v199,Field CA3,9,8,1
LatentSpace_v199,Dentate gyrus,22,3,19
LatentSpace_v199,Anterior cingulate area,31,39,-8
LatentSpace_v199,Infralimbic area,12,26,-14
LatentSpace_v199,Retrosplenial area,23,36,-13
LatentSpace_v199,Prelimbic area,23,35,-12
LatentSpace_v199,Primary auditory area,35,38,-3
LatentSpace_v199,Dorsal auditory area,35,38,-3
LatentSpace_v199,Ventral auditory area,32,38,-6
LatentSpace_v199,Agranular insular area,22,37,-15
LatentSpace_v199,Ectorhinal area,22,33,-11
LatentSpace_v199,Primary motor area,35,38,-3
LatentSpace_v199,Secondary motor area,33,38,-5
LatentSpace_v199,"Frontal pole, cerebral cortex",25,40,-15
LatentSpace_v199,Orbital area,20,35,-15
LatentSpace_v199,Posterior parietal association areas,33,38,-5
LatentSpace_v199,Perirhinal area,19,32,-13
LatentSpace_v199,Primary somatosensory area,25,35,-10
LatentSpace_v199,Supplemental somatosensory area,36,38,-2
LatentSpace_v199,Temporal association areas,26,33,-7
LatentSpace_v199,Visual areas,34,38,-4
LatentSpace_v199,Pallidum,7,6,1
LatentSpace_v199,Striatum ventral region,11,3,8
LatentSpace_v199,Lateral septal complex,15,4,11
LatentSpace_v199,Caudoputamen,3,3,0
LatentSpace_v199,Medial amygdalar nucleus,13,7,6
LatentSpace_v199,Hypothalamus,7,9,-2
LatentSpace_v199,Thalamus,21,1,20
LatentSpace_v199,Inferior colliculus,7,9,-2
LatentSpace_v199,"Superior colliculus, sensory related",5,10,-5
LatentSpace_v199,Midbrain raphe nuclei,14,12,2
LatentSpace_v199,Midbrain-other,13,10,3
LatentSpace_v199,Periaqueductal gray,12,11,1
LatentSpace_v199,Pons,9,9,0
LatentSpace_v199,Medulla,10,9,1
LatentSpace_v199,Lingula (I),17,34,-17
LatentSpace_v199,Central lobule,28,34,-6
LatentSpace_v199,Culmen,29,34,-5
LatentSpace_v199,Declive (VI),23,28,-5
LatentSpace_v199,Folium-tuber vermis (VII),23,31,-8
LatentSpace_v199,Pyramus (VIII),26,32,-6
LatentSpace_v199,Uvula (IX),30,34,-4
LatentSpace_v199,Nodulus (X),18,35,-17
LatentSpace_v199,Simple lobule,22,29,-7
LatentSpace_v199,Crus 1,21,26,-5
LatentSpace_v199,Crus 2,20,27,-7
LatentSpace_v199,Paramedian lobule,20,33,-13
LatentSpace_v199,Copula pyramidis,29,34,-5
LatentSpace_v199,Flocculus,33,34,-1
LatentSpace_v199,Paraflocculus,23,36,-13
LatentSpace_v199,Cerebellar nuclei,12,11,1
LatentSpace_v200,Cortical subplate-other,8,15,-7
LatentSpace_v200,Claustrum,23,33,-10
LatentSpace_v200,Endopiriform nucleus,9,32,-23
LatentSpace_v200,Olfactory areas-other,9,33,-24
LatentSpace_v200,Postpiriform transition area,12,27,-15
LatentSpace_v200,Piriform area,14,34,-20
LatentSpace_v200,Taenia tecta,9,28,-19
LatentSpace_v200,Cortical amygdalar area,8,19,-11
LatentSpace_v200,Piriform-amygdalar area,12,28,-16
LatentSpace_v200,Main olfactory bulb,8,10,-2
LatentSpace_v200,Accessory olfactory bulb,3,19,-16
LatentSpace_v200,Anterior olfactory nucleus,5,32,-27
LatentSpace_v200,Subiculum,6,35,-29
LatentSpace_v200,Entorhinal area,14,22,-8
LatentSpace_v200,Field CA1,6,25,-19
LatentSpace_v200,Field CA2,7,14,-7
LatentSpace_v200,Field CA3,6,8,-2
LatentSpace_v200,Dentate gyrus,6,3,3
LatentSpace_v200,Anterior cingulate area,32,39,-7
LatentSpace_v200,Infralimbic area,11,26,-15
LatentSpace_v200,Retrosplenial area,25,36,-11
LatentSpace_v200,Prelimbic area,23,35,-12
LatentSpace_v200,Primary auditory area,36,38,-2
LatentSpace_v200,Dorsal auditory area,35,38,-3
LatentSpace_v200,Ventral auditory area,36,38,-2
LatentSpace_v200,Agranular insular area,17,37,-20
LatentSpace_v200,Ectorhinal area,22,33,-11
LatentSpace_v200,Primary motor area,35,38,-3
LatentSpace_v200,Secondary motor area,35,38,-3
LatentSpace_v200,"Frontal pole, cerebral cortex",30,40,-10
LatentSpace_v200,Orbital area,17,35,-18
LatentSpace_v200,Posterior parietal association areas,35,38,-3
LatentSpace_v200,Perirhinal area,19,32,-13
LatentSpace_v200,Primary somatosensory area,30,35,-5
LatentSpace_v200,Supplemental somatosensory area,36,38,-2
LatentSpace_v200,Temporal association areas,28,33,-5
LatentSpace_v200,Visual areas,35,38,-3
LatentSpace_v200,Pallidum,11,6,5
LatentSpace_v200,Striatum ventral region,6,3,3
LatentSpace_v200,Lateral septal complex,10,4,6
LatentSpace_v200,Caudoputamen,3,3,0
LatentSpace_v200,Medial amygdalar nucleus,10,7,3
LatentSpace_v200,Hypothalamus,9,9,0
LatentSpace_v200,Thalamus,4,1,3
LatentSpace_v200,Inferior colliculus,10,9,1
LatentSpace_v200,"Superior colliculus, sensory related",8,10,-2
LatentSpace_v200,Midbrain raphe nuclei,16,12,4
LatentSpace_v200,Midbrain-other,13,10,3
LatentSpace_v200,Periaqueductal gray,13,11,2
LatentSpace_v200,Pons,10,9,1
LatentSpace_v200,Medulla,9,9,0
LatentSpace_v200,Lingula (I),20,34,-14
LatentSpace_v200,Central lobule,24,34,-10
LatentSpace_v200,Culmen,33,34,-1
LatentSpace_v200,Declive (VI),23,28,-5
LatentSpace_v200,Folium-tuber vermis (VII),23,31,-8
LatentSpace_v200,Pyramus (VIII),31,32,-1
LatentSpace_v200,Uvula (IX),28,34,-6
LatentSpace_v200,Nodulus (X),20,35,-15
LatentSpace_v200,Simple lobule,23,29,-6
LatentSpace_v200,Crus 1,22,26,-4
LatentSpace_v200,Crus 2,22,27,-5
LatentSpace_v200,Paramedian lobule,23,33,-10
LatentSpace_v200,Copula pyramidis,24,34,-10
LatentSpace_v200,Flocculus,24,34,-10
LatentSpace_v200,Paraflocculus,24,36,-12
LatentSpace_v200,Cerebellar nuclei,14,11,3
LatentSpace_v201,Cortical subplate-other,8,15,-7
LatentSpace_v201,Claustrum,31,33,-2
LatentSpace_v201,Endopiriform nucleus,17,32,-15
LatentSpace_v201,Olfactory areas-other,22,33,-11
LatentSpace_v201,Postpiriform transition area,10,27,-17
LatentSpace_v201,Piriform area,18,34,-16
LatentSpace_v201,Taenia tecta,11,28,-17
LatentSpace_v201,Cortical amygdalar area,8,19,-11
LatentSpace_v201,Piriform-amygdalar area,11,28,-17
LatentSpace_v201,Main olfactory bulb,63,10,53
LatentSpace_v201,Accessory olfactory bulb,40,19,21
LatentSpace_v201,Anterior olfactory nucleus,31,32,-1
LatentSpace_v201,Subiculum,4,35,-31
LatentSpace_v201,Entorhinal area,8,22,-14
LatentSpace_v201,Field CA1,7,25,-18
LatentSpace_v201,Field CA2,11,14,-3
LatentSpace_v201,Field CA3,7,8,-1
LatentSpace_v201,Dentate gyrus,7,3,4
LatentSpace_v201,Anterior cingulate area,39,39,0
LatentSpace_v201,Infralimbic area,10,26,-16
LatentSpace_v201,Retrosplenial area,32,36,-4
LatentSpace_v201,Prelimbic area,39,35,4
LatentSpace_v201,Primary auditory area,38,38,0
LatentSpace_v201,Dorsal auditory area,36,38,-2
LatentSpace_v201,Ventral auditory area,39,38,1
LatentSpace_v201,Agranular insular area,36,37,-1
LatentSpace_v201,Ectorhinal area,31,33,-2
LatentSpace_v201,Primary motor area,35,38,-3
LatentSpace_v201,Secondary motor area,39,38,1
LatentSpace_v201,"Frontal pole, cerebral cortex",36,40,-4
LatentSpace_v201,Orbital area,36,35,1
LatentSpace_v201,Posterior parietal association areas,35,38,-3
LatentSpace_v201,Perirhinal area,19,32,-13
LatentSpace_v201,Primary somatosensory area,35,35,0
LatentSpace_v201,Supplemental somatosensory area,37,38,-1
LatentSpace_v201,Temporal association areas,38,33,5
LatentSpace_v201,Visual areas,35,38,-3
LatentSpace_v201,Pallidum,7,6,1
LatentSpace_v201,Striatum ventral region,5,3,2
LatentSpace_v201,Lateral septal complex,12,4,8
LatentSpace_v201,Caudoputamen,3,3,0
LatentSpace_v201,Medial amygdalar nucleus,10,7,3
LatentSpace_v201,Hypothalamus,8,9,-1
LatentSpace_v201,Thalamus,7,1,6
LatentSpace_v201,Inferior colliculus,7,9,-2
LatentSpace_v201,"Superior colliculus, sensory related",4,10,-6
LatentSpace_v201,Midbrain raphe nuclei,14,12,2
LatentSpace_v201,Midbrain-other,11,10,1
LatentSpace_v201,Periaqueductal gray,12,11,1
LatentSpace_v201,Pons,8,9,-1
LatentSpace_v201,Medulla,9,9,0
LatentSpace_v201,Lingula (I),15,34,-19
LatentSpace_v201,Central lobule,21,34,-13
LatentSpace_v201,Culmen,30,34,-4
LatentSpace_v201,Declive (VI),23,28,-5
LatentSpace_v201,Folium-tuber vermis (VII),23,31,-8
LatentSpace_v201,Pyramus (VIII),26,32,-6
LatentSpace_v201,Uvula (IX),23,34,-11
LatentSpace_v201,Nodulus (X),20,35,-15
LatentSpace_v201,Simple lobule,23,29,-6
LatentSpace_v201,Crus 1,23,26,-3
LatentSpace_v201,Crus 2,23,27,-4
LatentSpace_v201,Paramedian lobule,23,33,-10
LatentSpace_v201,Copula pyramidis,25,34,-9
LatentSpace_v201,Flocculus,19,34,-15
LatentSpace_v201,Paraflocculus,23,36,-13
LatentSpace_v201,Cerebellar nuclei,11,11,0
LatentSpace_v202,Cortical subplate-other,3,15,-12
LatentSpace_v202,Claustrum,29,33,-4
LatentSpace_v202,Endopiriform nucleus,14,32,-18
LatentSpace_v202,Olfactory areas-other,14,33,-19
LatentSpace_v202,Postpiriform transition area,9,27,-18
LatentSpace_v202,Piriform area,14,34,-20
LatentSpace_v202,Taenia tecta,9,28,-19
LatentSpace_v202,Cortical amygdalar area,5,19,-14
LatentSpace_v202,Piriform-amygdalar area,11,28,-17
LatentSpace_v202,Main olfactory bulb,47,10,37
LatentSpace_v202,Accessory olfactory bulb,34,19,15
LatentSpace_v202,Anterior olfactory nucleus,9,32,-23
LatentSpace_v202,Subiculum,6,35,-29
LatentSpace_v202,Entorhinal area,15,22,-7
LatentSpace_v202,Field CA1,8,25,-17
LatentSpace_v202,Field CA2,7,14,-7
LatentSpace_v202,Field CA3,6,8,-2
LatentSpace_v202,Dentate gyrus,6,3,3
LatentSpace_v202,Anterior cingulate area,38,39,-1
LatentSpace_v202,Infralimbic area,11,26,-15
LatentSpace_v202,Retrosplenial area,30,36,-6
LatentSpace_v202,Prelimbic area,29,35,-6
LatentSpace_v202,Primary auditory area,35,38,-3
LatentSpace_v202,Dorsal auditory area,35,38,-3
LatentSpace_v202,Ventral auditory area,38,38,0
LatentSpace_v202,Agranular insular area,27,37,-10
LatentSpace_v202,Ectorhinal area,26,33,-7
LatentSpace_v202,Primary motor area,35,38,-3
LatentSpace_v202,Secondary motor area,37,38,-1
LatentSpace_v202,"Frontal pole, cerebral cortex",33,40,-7
LatentSpace_v202,Orbital area,28,35,-7
LatentSpace_v202,Posterior parietal association areas,35,38,-3
LatentSpace_v202,Perirhinal area,24,32,-8
LatentSpace_v202,Primary somatosensory area,26,35,-9
LatentSpace_v202,Supplemental somatosensory area,36,38,-2
LatentSpace_v202,Temporal association areas,32,33,-1
LatentSpace_v202,Visual areas,35,38,-3
LatentSpace_v202,Pallidum,11,6,5
LatentSpace_v202,Striatum ventral region,6,3,3
LatentSpace_v202,Lateral septal complex,8,4,4
LatentSpace_v202,Caudoputamen,4,3,1
LatentSpace_v202,Medial amygdalar nucleus,4,7,-3
LatentSpace_v202,Hypothalamus,7,9,-2
LatentSpace_v202,Thalamus,2,1,1
LatentSpace_v202,Inferior colliculus,13,9,4
LatentSpace_v202,"Superior colliculus, sensory related",6,10,-4
LatentSpace_v202,Midbrain raphe nuclei,14,12,2
LatentSpace_v202,Midbrain-other,13,10,3
LatentSpace_v202,Periaqueductal gray,11,11,0
LatentSpace_v202,Pons,12,9,3
LatentSpace_v202,Medulla,13,9,4
LatentSpace_v202,Lingula (I),13,34,-21
LatentSpace_v202,Central lobule,31,34,-3
LatentSpace_v202,Culmen,23,34,-11
LatentSpace_v202,Declive (VI),23,28,-5
LatentSpace_v202,Folium-tuber vermis (VII),23,31,-8
LatentSpace_v202,Pyramus (VIII),23,32,-9
LatentSpace_v202,Uvula (IX),31,34,-3
LatentSpace_v202,Nodulus (X),20,35,-15
LatentSpace_v202,Simple lobule,23,29,-6
LatentSpace_v202,Crus 1,23,26,-3
LatentSpace_v202,Crus 2,22,27,-5
LatentSpace_v202,Paramedian lobule,23,33,-10
LatentSpace_v202,Copula pyramidis,23,34,-11
LatentSpace_v202,Flocculus,26,34,-8
LatentSpace_v202,Paraflocculus,28,36,-8
LatentSpace_v202,Cerebellar nuclei,32,11,21
LatentSpace_v203,Cortical subplate-other,9,15,-6
LatentSpace_v203,Claustrum,26,33,-7
LatentSpace_v203,Endopiriform nucleus,14,32,-18
LatentSpace_v203,Olfactory areas-other,18,33,-15
LatentSpace_v203,Postpiriform transition area,10,27,-17
LatentSpace_v203,Piriform area,9,34,-25
LatentSpace_v203,Taenia tecta,14,28,-14
LatentSpace_v203,Cortical amygdalar area,8,19,-11
LatentSpace_v203,Piriform-amygdalar area,5,28,-23
LatentSpace_v203,Main olfactory bulb,25,10,15
LatentSpace_v203,Accessory olfactory bulb,15,19,-4
LatentSpace_v203,Anterior olfactory nucleus,15,32,-17
LatentSpace_v203,Subiculum,6,35,-29
LatentSpace_v203,Entorhinal area,9,22,-13
LatentSpace_v203,Field CA1,7,25,-18
LatentSpace_v203,Field CA2,7,14,-7
LatentSpace_v203,Field CA3,6,8,-2
LatentSpace_v203,Dentate gyrus,6,3,3
LatentSpace_v203,Anterior cingulate area,33,39,-6
LatentSpace_v203,Infralimbic area,10,26,-16
LatentSpace_v203,Retrosplenial area,24,36,-12
LatentSpace_v203,Prelimbic area,24,35,-11
LatentSpace_v203,Primary auditory area,35,38,-3
LatentSpace_v203,Dorsal auditory area,35,38,-3
LatentSpace_v203,Ventral auditory area,37,38,-1
LatentSpace_v203,Agranular insular area,21,37,-16
LatentSpace_v203,Ectorhinal area,23,33,-10
LatentSpace_v203,Primary motor area,35,38,-3
LatentSpace_v203,Secondary motor area,35,38,-3
LatentSpace_v203,"Frontal pole, cerebral cortex",29,40,-11
LatentSpace_v203,Orbital area,21,35,-14
LatentSpace_v203,Posterior parietal association areas,33,38,-5
LatentSpace_v203,Perirhinal area,15,32,-17
LatentSpace_v203,Primary somatosensory area,31,35,-4
LatentSpace_v203,Supplemental somatosensory area,35,38,-3
LatentSpace_v203,Temporal association areas,28,33,-5
LatentSpace_v203,Visual areas,34,38,-4
LatentSpace_v203,Pallidum,7,6,1
LatentSpace_v203,Striatum ventral region,5,3,2
LatentSpace_v203,Lateral septal complex,10,4,6
LatentSpace_v203,Caudoputamen,3,3,0
LatentSpace_v203,Medial amygdalar nucleus,9,7,2
LatentSpace_v203,Hypothalamus,8,9,-1
LatentSpace_v203,Thalamus,5,1,4
LatentSpace_v203,Inferior colliculus,9,9,0
LatentSpace_v203,"Superior colliculus, sensory related",8,10,-2
LatentSpace_v203,Midbrain raphe nuclei,15,12,3
LatentSpace_v203,Midbrain-other,13,10,3
LatentSpace_v203,Periaqueductal gray,13,11,2
LatentSpace_v203,Pons,12,9,3
LatentSpace_v203,Medulla,15,9,6
LatentSpace_v203,Lingula (I),32,34,-2
LatentSpace_v203,Central lobule,27,34,-7
LatentSpace_v203,Culmen,23,34,-11
LatentSpace_v203,Declive (VI),23,28,-5
LatentSpace_v203,Folium-tuber vermis (VII),23,31,-8
LatentSpace_v203,Pyramus (VIII),23,32,-9
LatentSpace_v203,Uvula (IX),31,34,-3
LatentSpace_v203,Nodulus (X),32,35,-3
LatentSpace_v203,Simple lobule,22,29,-7
LatentSpace_v203,Crus 1,22,26,-4
LatentSpace_v203,Crus 2,23,27,-4
LatentSpace_v203,Paramedian lobule,23,33,-10
LatentSpace_v203,Copula pyramidis,26,34,-8
LatentSpace_v203,Flocculus,33,34,-1
LatentSpace_v203,Paraflocculus,24,36,-12
LatentSpace_v203,Cerebellar nuclei,34,11,23
LatentSpace_v204,Cortical subplate-other,10,15,-5
LatentSpace_v204,Claustrum,13,33,-20
LatentSpace_v204,Endopiriform nucleus,8,32,-24
LatentSpace_v204,Olfactory areas-other,9,33,-24
LatentSpace_v204,Postpiriform transition area,9,27,-18
LatentSpace_v204,Piriform area,8,34,-26
LatentSpace_v204,Taenia tecta,12,28,-16
LatentSpace_v204,Cortical amygdalar area,7,19,-12
LatentSpace_v204,Piriform-amygdalar area,7,28,-21
LatentSpace_v204,Main olfactory bulb,11,10,1
LatentSpace_v204,Accessory olfactory bulb,25,19,6
LatentSpace_v204,Anterior olfactory nucleus,11,32,-21
LatentSpace_v204,Subiculum,5,35,-30
LatentSpace_v204,Entorhinal area,11,22,-11
LatentSpace_v204,Field CA1,8,25,-17
LatentSpace_v204,Field CA2,8,14,-6
LatentSpace_v204,Field CA3,5,8,-3
LatentSpace_v204,Dentate gyrus,8,3,5
LatentSpace_v204,Anterior cingulate area,38,39,-1
LatentSpace_v204,Infralimbic area,11,26,-15
LatentSpace_v204,Retrosplenial area,27,36,-9
LatentSpace_v204,Prelimbic area,30,35,-5
LatentSpace_v204,Primary auditory area,35,38,-3
LatentSpace_v204,Dorsal auditory area,35,38,-3
LatentSpace_v204,Ventral auditory area,37,38,-1
LatentSpace_v204,Agranular insular area,23,37,-14
LatentSpace_v204,Ectorhinal area,22,33,-11
LatentSpace_v204,Primary motor area,35,38,-3
LatentSpace_v204,Secondary motor area,36,38,-2
LatentSpace_v204,"Frontal pole, cerebral cortex",35,40,-5
LatentSpace_v204,Orbital area,23,35,-12
LatentSpace_v204,Posterior parietal association areas,35,38,-3
LatentSpace_v204,Perirhinal area,14,32,-18
LatentSpace_v204,Primary somatosensory area,32,35,-3
LatentSpace_v204,Supplemental somatosensory area,36,38,-2
LatentSpace_v204,Temporal association areas,27,33,-6
LatentSpace_v204,Visual areas,35,38,-3
LatentSpace_v204,Pallidum,10,6,4
LatentSpace_v204,Striatum ventral region,8,3,5
LatentSpace_v204,Lateral septal complex,7,4,3
LatentSpace_v204,Caudoputamen,3,3,0
LatentSpace_v204,Medial amygdalar nucleus,11,7,4
LatentSpace_v204,Hypothalamus,8,9,-1
LatentSpace_v204,Thalamus,12,1,11
LatentSpace_v204,Inferior colliculus,5,9,-4
LatentSpace_v204,"Superior colliculus, sensory related",6,10,-4
LatentSpace_v204,Midbrain raphe nuclei,14,12,2
LatentSpace_v204,Midbrain-other,13,10,3
LatentSpace_v204,Periaqueductal gray,12,11,1
LatentSpace_v204,Pons,10,9,1
LatentSpace_v204,Medulla,12,9,3
LatentSpace_v204,Lingula (I),13,34,-21
LatentSpace_v204,Central lobule,12,34,-22
LatentSpace_v204,Culmen,23,34,-11
LatentSpace_v204,Declive (VI),23,28,-5
LatentSpace_v204,Folium-tuber vermis (VII),23,31,-8
LatentSpace_v204,Pyramus (VIII),24,32,-8
LatentSpace_v204,Uvula (IX),19,34,-15
LatentSpace_v204,Nodulus (X),13,35,-22
LatentSpace_v204,Simple lobule,22,29,-7
LatentSpace_v204,Crus 1,22,26,-4
LatentSpace_v204,Crus 2,22,27,-5
LatentSpace_v204,Paramedian lobule,23,33,-10
LatentSpace_v204,Copula pyramidis,24,34,-10
LatentSpace_v204,Flocculus,17,34,-17
LatentSpace_v204,Paraflocculus,8,36,-28
LatentSpace_v204,Cerebellar nuclei,15,11,4
LatentSpace_v205,Cortical subplate-other,12,15,-3
LatentSpace_v205,Claustrum,25,33,-8
LatentSpace_v205,Endopiriform nucleus,14,32,-18
LatentSpace_v205,Olfactory areas-other,13,33,-20
LatentSpace_v205,Postpiriform transition area,10,27,-17
LatentSpace_v205,Piriform area,14,34,-20
LatentSpace_v205,Taenia tecta,12,28,-16
LatentSpace_v205,Cortical amygdalar area,6,19,-13
LatentSpace_v205,Piriform-amygdalar area,10,28,-18
LatentSpace_v205,Main olfactory bulb,28,10,18
LatentSpace_v205,Accessory olfactory bulb,29,19,10
LatentSpace_v205,Anterior olfactory nucleus,12,32,-20
LatentSpace_v205,Subiculum,7,35,-28
LatentSpace_v205,Entorhinal area,11,22,-11
LatentSpace_v205,Field CA1,10,25,-15
LatentSpace_v205,Field CA2,15,14,1
LatentSpace_v205,Field CA3,7,8,-1
LatentSpace_v205,Dentate gyrus,10,3,7
LatentSpace_v205,Anterior cingulate area,38,39,-1
LatentSpace_v205,Infralimbic area,10,26,-16
LatentSpace_v205,Retrosplenial area,34,36,-2
LatentSpace_v205,Prelimbic area,31,35,-4
LatentSpace_v205,Primary auditory area,37,38,-1
LatentSpace_v205,Dorsal auditory area,36,38,-2
LatentSpace_v205,Ventral auditory area,38,38,0
LatentSpace_v205,Agranular insular area,23,37,-14
LatentSpace_v205,Ectorhinal area,25,33,-8
LatentSpace_v205,Primary motor area,35,38,-3
LatentSpace_v205,Secondary motor area,37,38,-1
LatentSpace_v205,"Frontal pole, cerebral cortex",51,40,11
LatentSpace_v205,Orbital area,26,35,-9
LatentSpace_v205,Posterior parietal association areas,36,38,-2
LatentSpace_v205,Perirhinal area,19,32,-13
LatentSpace_v205,Primary somatosensory area,32,35,-3
LatentSpace_v205,Supplemental somatosensory area,36,38,-2
LatentSpace_v205,Temporal association areas,31,33,-2
LatentSpace_v205,Visual areas,35,38,-3
LatentSpace_v205,Pallidum,10,6,4
LatentSpace_v205,Striatum ventral region,6,3,3
LatentSpace_v205,Lateral septal complex,10,4,6
LatentSpace_v205,Caudoputamen,3,3,0
LatentSpace_v205,Medial amygdalar nucleus,10,7,3
LatentSpace_v205,Hypothalamus,12,9,3
LatentSpace_v205,Thalamus,9,1,8
LatentSpace_v205,Inferior colliculus,8,9,-1
LatentSpace_v205,"Superior colliculus, sensory related",5,10,-5
LatentSpace_v205,Midbrain raphe nuclei,19,12,7
LatentSpace_v205,Midbrain-other,13,10,3
LatentSpace_v205,Periaqueductal gray,11,11,0
LatentSpace_v205,Pons,12,9,3
LatentSpace_v205,Medulla,11,9,2
LatentSpace_v205,Lingula (I),17,34,-17
LatentSpace_v205,Central lobule,25,34,-9
LatentSpace_v205,Culmen,25,34,-9
LatentSpace_v205,Declive (VI),23,28,-5
LatentSpace_v205,Folium-tuber vermis (VII),23,31,-8
LatentSpace_v205,Pyramus (VIII),23,32,-9
LatentSpace_v205,Uvula (IX),21,34,-13
LatentSpace_v205,Nodulus (X),13,35,-22
LatentSpace_v205,Simple lobule,23,29,-6
LatentSpace_v205,Crus 1,23,26,-3
LatentSpace_v205,Crus 2,22,27,-5
LatentSpace_v205,Paramedian lobule,23,33,-10
LatentSpace_v205,Copula pyramidis,25,34,-9
LatentSpace_v205,Flocculus,26,34,-8
LatentSpace_v205,Paraflocculus,25,36,-11
LatentSpace_v205,Cerebellar nuclei,19,11,8
LatentSpace_v206,Cortical subplate-other,10,15,-5
LatentSpace_v206,Claustrum,27,33,-6
LatentSpace_v206,Endopiriform nucleus,18,32,-14
LatentSpace_v206,Olfactory areas-other,17,33,-16
LatentSpace_v206,Postpiriform transition area,7,27,-20
LatentSpace_v206,Piriform area,20,34,-14
LatentSpace_v206,Taenia tecta,14,28,-14
LatentSpace_v206,Cortical amygdalar area,5,19,-14
LatentSpace_v206,Piriform-amygdalar area,6,28,-22
LatentSpace_v206,Main olfactory bulb,33,10,23
LatentSpace_v206,Accessory olfactory bulb,15,19,-4
LatentSpace_v206,Anterior olfactory nucleus,13,32,-19
LatentSpace_v206,Subiculum,4,35,-31
LatentSpace_v206,Entorhinal area,12,22,-10
LatentSpace_v206,Field CA1,7,25,-18
LatentSpace_v206,Field CA2,7,14,-7
LatentSpace_v206,Field CA3,6,8,-2
LatentSpace_v206,Dentate gyrus,7,3,4
LatentSpace_v206,Anterior cingulate area,37,39,-2
LatentSpace_v206,Infralimbic area,12,26,-14
LatentSpace_v206,Retrosplenial area,26,36,-10
LatentSpace_v206,Prelimbic area,28,35,-7
LatentSpace_v206,Primary auditory area,37,38,-1
LatentSpace_v206,Dorsal auditory area,35,38,-3
LatentSpace_v206,Ventral auditory area,36,38,-2
LatentSpace_v206,Agranular insular area,23,37,-14
LatentSpace_v206,Ectorhinal area,25,33,-8
LatentSpace_v206,Primary motor area,35,38,-3
LatentSpace_v206,Secondary motor area,36,38,-2
LatentSpace_v206,"Frontal pole, cerebral cortex",24,40,-16
LatentSpace_v206,Orbital area,26,35,-9
LatentSpace_v206,Posterior parietal association areas,35,38,-3
LatentSpace_v206,Perirhinal area,21,32,-11
LatentSpace_v206,Primary somatosensory area,32,35,-3
LatentSpace_v206,Supplemental somatosensory area,37,38,-1
LatentSpace_v206,Temporal association areas,31,33,-2
LatentSpace_v206,Visual areas,35,38,-3
LatentSpace_v206,Pallidum,10,6,4
LatentSpace_v206,Striatum ventral region,7,3,4
LatentSpace_v206,Lateral septal complex,10,4,6
LatentSpace_v206,Caudoputamen,3,3,0
LatentSpace_v206,Medial amygdalar nucleus,10,7,3
LatentSpace_v206,Hypothalamus,10,9,1
LatentSpace_v206,Thalamus,6,1,5
LatentSpace_v206,Inferior colliculus,3,9,-6
LatentSpace_v206,"Superior colliculus, sensory related",4,10,-6
LatentSpace_v206,Midbrain raphe nuclei,14,12,2
LatentSpace_v206,Midbrain-other,10,10,0
LatentSpace_v206,Periaqueductal gray,12,11,1
LatentSpace_v206,Pons,9,9,0
LatentSpace_v206,Medulla,15,9,6
LatentSpace_v206,Lingula (I),10,34,-24
LatentSpace_v206,Central lobule,17,34,-17
LatentSpace_v206,Culmen,27,34,-7
LatentSpace_v206,Declive (VI),23,28,-5
LatentSpace_v206,Folium-tuber vermis (VII),25,31,-6
LatentSpace_v206,Pyramus (VIII),32,32,0
LatentSpace_v206,Uvula (IX),32,34,-2
LatentSpace_v206,Nodulus (X),15,35,-20
LatentSpace_v206,Simple lobule,22,29,-7
LatentSpace_v206,Crus 1,22,26,-4
LatentSpace_v206,Crus 2,22,27,-5
LatentSpace_v206,Paramedian lobule,24,33,-9
LatentSpace_v206,Copula pyramidis,31,34,-3
LatentSpace_v206,Flocculus,29,34,-5
LatentSpace_v206,Paraflocculus,23,36,-13
LatentSpace_v206,Cerebellar nuclei,33,11,22
LatentSpace_v207,Cortical subplate-other,11,15,-4
LatentSpace_v207,Claustrum,23,33,-10
LatentSpace_v207,Endopiriform nucleus,21,32,-11
LatentSpace_v207,Olfactory areas-other,16,33,-17
LatentSpace_v207,Postpiriform transition area,12,27,-15
LatentSpace_v207,Piriform area,20,34,-14
LatentSpace_v207,Taenia tecta,13,28,-15
LatentSpace_v207,Cortical amygdalar area,11,19,-8
LatentSpace_v207,Piriform-amygdalar area,13,28,-15
LatentSpace_v207,Main olfactory bulb,31,10,21
LatentSpace_v207,Accessory olfactory bulb,23,19,4
LatentSpace_v207,Anterior olfactory nucleus,11,32,-21
LatentSpace_v207,Subiculum,3,35,-32
LatentSpace_v207,Entorhinal area,12,22,-10
LatentSpace_v207,Field CA1,4,25,-21
LatentSpace_v207,Field CA2,8,14,-6
LatentSpace_v207,Field CA3,6,8,-2
LatentSpace_v207,Dentate gyrus,8,3,5
LatentSpace_v207,Anterior cingulate area,36,39,-3
LatentSpace_v207,Infralimbic area,10,26,-16
LatentSpace_v207,Retrosplenial area,21,36,-15
LatentSpace_v207,Prelimbic area,26,35,-9
LatentSpace_v207,Primary auditory area,35,38,-3
LatentSpace_v207,Dorsal auditory area,35,38,-3
LatentSpace_v207,Ventral auditory area,34,38,-4
LatentSpace_v207,Agranular insular area,23,37,-14
LatentSpace_v207,Ectorhinal area,22,33,-11
LatentSpace_v207,Primary motor area,34,38,-4
LatentSpace_v207,Secondary motor area,33,38,-5
LatentSpace_v207,"Frontal pole, cerebral cortex",30,40,-10
LatentSpace_v207,Orbital area,17,35,-18
LatentSpace_v207,Posterior parietal association areas,31,38,-7
LatentSpace_v207,Perirhinal area,18,32,-14
LatentSpace_v207,Primary somatosensory area,26,35,-9
LatentSpace_v207,Supplemental somatosensory area,36,38,-2
LatentSpace_v207,Temporal association areas,29,33,-4
LatentSpace_v207,Visual areas,31,38,-7
LatentSpace_v207,Pallidum,8,6,2
LatentSpace_v207,Striatum ventral region,9,3,6
LatentSpace_v207,Lateral septal complex,6,4,2
LatentSpace_v207,Caudoputamen,3,3,0
LatentSpace_v207,Medial amygdalar nucleus,10,7,3
LatentSpace_v207,Hypothalamus,7,9,-2
LatentSpace_v207,Thalamus,11,1,10
LatentSpace_v207,Inferior colliculus,10,9,1
LatentSpace_v207,"Superior colliculus, sensory related",8,10,-2
LatentSpace_v207,Midbrain raphe nuclei,14,12,2
LatentSpace_v207,Midbrain-other,11,10,1
LatentSpace_v207,Periaqueductal gray,12,11,1
LatentSpace_v207,Pons,10,9,1
LatentSpace_v207,Medulla,7,9,-2
LatentSpace_v207,Lingula (I),30,34,-4
LatentSpace_v207,Central lobule,31,34,-3
LatentSpace_v207,Culmen,29,34,-5
LatentSpace_v207,Declive (VI),22,28,-6
LatentSpace_v207,Folium-tuber vermis (VII),23,31,-8
LatentSpace_v207,Pyramus (VIII),25,32,-7
LatentSpace_v207,Uvula (IX),33,34,-1
LatentSpace_v207,Nodulus (X),19,35,-16
LatentSpace_v207,Simple lobule,22,29,-7
LatentSpace_v207,Crus 1,22,26,-4
LatentSpace_v207,Crus 2,21,27,-6
LatentSpace_v207,Paramedian lobule,21,33,-12
LatentSpace_v207,Copula pyramidis,25,34,-9
LatentSpace_v207,Flocculus,34,34,0
LatentSpace_v207,Paraflocculus,28,36,-8
LatentSpace_v207,Cerebellar nuclei,33,11,22
LatentSpace_v208,Cortical subplate-other,14,15,-1
LatentSpace_v208,Claustrum,20,33,-13
LatentSpace_v208,Endopiriform nucleus,16,32,-16
LatentSpace_v208,Olfactory areas-other,7,33,-26
LatentSpace_v208,Postpiriform transition area,13,27,-14
LatentSpace_v208,Piriform area,14,34,-20
LatentSpace_v208,Taenia tecta,12,28,-16
LatentSpace_v208,Cortical amygdalar area,9,19,-10
LatentSpace_v208,Piriform-amygdalar area,4,28,-24
LatentSpace_v208,Main olfactory bulb,21,10,11
LatentSpace_v208,Accessory olfactory bulb,53,19,34
LatentSpace_v208,Anterior olfactory nucleus,5,32,-27
LatentSpace_v208,Subiculum,8,35,-27
LatentSpace_v208,Entorhinal area,17,22,-5
LatentSpace_v208,Field CA1,14,25,-11
LatentSpace_v208,Field CA2,20,14,6
LatentSpace_v208,Field CA3,8,8,0
LatentSpace_v208,Dentate gyrus,10,3,7
LatentSpace_v208,Anterior cingulate area,36,39,-3
LatentSpace_v208,Infralimbic area,12,26,-14
LatentSpace_v208,Retrosplenial area,26,36,-10
LatentSpace_v208,Prelimbic area,25,35,-10
LatentSpace_v208,Primary auditory area,36,38,-2
LatentSpace_v208,Dorsal auditory area,35,38,-3
LatentSpace_v208,Ventral auditory area,33,38,-5
LatentSpace_v208,Agranular insular area,23,37,-14
LatentSpace_v208,Ectorhinal area,22,33,-11
LatentSpace_v208,Primary motor area,36,38,-2
LatentSpace_v208,Secondary motor area,36,38,-2
LatentSpace_v208,"Frontal pole, cerebral cortex",34,40,-6
LatentSpace_v208,Orbital area,25,35,-10
LatentSpace_v208,Posterior parietal association areas,33,38,-5
LatentSpace_v208,Perirhinal area,20,32,-12
LatentSpace_v208,Primary somatosensory area,28,35,-7
LatentSpace_v208,Supplemental somatosensory area,36,38,-2
LatentSpace_v208,Temporal association areas,25,33,-8
LatentSpace_v208,Visual areas,32,38,-6
LatentSpace_v208,Pallidum,10,6,4
LatentSpace_v208,Striatum ventral region,7,3,4
LatentSpace_v208,Lateral septal complex,11,4,7
LatentSpace_v208,Caudoputamen,3,3,0
LatentSpace_v208,Medial amygdalar nucleus,9,7,2
LatentSpace_v208,Hypothalamus,8,9,-1
LatentSpace_v208,Thalamus,6,1,5
LatentSpace_v208,Inferior colliculus,10,9,1
LatentSpace_v208,"Superior colliculus, sensory related",9,10,-1
LatentSpace_v208,Midbrain raphe nuclei,14,12,2
LatentSpace_v208,Midbrain-other,13,10,3
LatentSpace_v208,Periaqueductal gray,13,11,2
LatentSpace_v208,Pons,10,9,1
LatentSpace_v208,Medulla,12,9,3
LatentSpace_v208,Lingula (I),13,34,-21
LatentSpace_v208,Central lobule,15,34,-19
LatentSpace_v208,Culmen,25,34,-9
LatentSpace_v208,Declive (VI),23,28,-5
LatentSpace_v208,Folium-tuber vermis (VII),23,31,-8
LatentSpace_v208,Pyramus (VIII),25,32,-7
LatentSpace_v208,Uvula (IX),22,34,-12
LatentSpace_v208,Nodulus (X),15,35,-20
LatentSpace_v208,Simple lobule,22,29,-7
LatentSpace_v208,Crus 1,22,26,-4
LatentSpace_v208,Crus 2,22,27,-5
LatentSpace_v208,Paramedian lobule,23,33,-10
LatentSpace_v208,Copula pyramidis,25,34,-9
LatentSpace_v208,Flocculus,30,34,-4
LatentSpace_v208,Paraflocculus,25,36,-11
LatentSpace_v208,Cerebellar nuclei,13,11,2
LatentSpace_v209,Cortical subplate-other,10,15,-5
LatentSpace_v209,Claustrum,22,33,-11
LatentSpace_v209,Endopiriform nucleus,10,32,-22
LatentSpace_v209,Olfactory areas-other,13,33,-20
LatentSpace_v209,Postpiriform transition area,11,27,-16
LatentSpace_v209,Piriform area,17,34,-17
LatentSpace_v209,Taenia tecta,11,28,-17
LatentSpace_v209,Cortical amygdalar area,12,19,-7
LatentSpace_v209,Piriform-amygdalar area,17,28,-11
LatentSpace_v209,Main olfactory bulb,20,10,10
LatentSpace_v209,Accessory olfactory bulb,1,19,-18
LatentSpace_v209,Anterior olfactory nucleus,10,32,-22
LatentSpace_v209,Subiculum,2,35,-33
LatentSpace_v209,Entorhinal area,11,22,-11
LatentSpace_v209,Field CA1,6,25,-19
LatentSpace_v209,Field CA2,6,14,-8
LatentSpace_v209,Field CA3,5,8,-3
LatentSpace_v209,Dentate gyrus,8,3,5
LatentSpace_v209,Anterior cingulate area,36,39,-3
LatentSpace_v209,Infralimbic area,10,26,-16
LatentSpace_v209,Retrosplenial area,24,36,-12
LatentSpace_v209,Prelimbic area,28,35,-7
LatentSpace_v209,Primary auditory area,38,38,0
LatentSpace_v209,Dorsal auditory area,35,38,-3
LatentSpace_v209,Ventral auditory area,39,38,1
LatentSpace_v209,Agranular insular area,21,37,-16
LatentSpace_v209,Ectorhinal area,23,33,-10
LatentSpace_v209,Primary motor area,36,38,-2
LatentSpace_v209,Secondary motor area,37,38,-1
LatentSpace_v209,"Frontal pole, cerebral cortex",27,40,-13
LatentSpace_v209,Orbital area,23,35,-12
LatentSpace_v209,Posterior parietal association areas,35,38,-3
LatentSpace_v209,Perirhinal area,19,32,-13
LatentSpace_v209,Primary somatosensory area,28,35,-7
LatentSpace_v209,Supplemental somatosensory area,37,38,-1
LatentSpace_v209,Temporal association areas,31,33,-2
LatentSpace_v209,Visual areas,35,38,-3
LatentSpace_v209,Pallidum,9,6,3
LatentSpace_v209,Striatum ventral region,6,3,3
LatentSpace_v209,Lateral septal complex,6,4,2
LatentSpace_v209,Caudoputamen,3,3,0
LatentSpace_v209,Medial amygdalar nucleus,8,7,1
LatentSpace_v209,Hypothalamus,6,9,-3
LatentSpace_v209,Thalamus,4,1,3
LatentSpace_v209,Inferior colliculus,26,9,17
LatentSpace_v209,"Superior colliculus, sensory related",5,10,-5
LatentSpace_v209,Midbrain raphe nuclei,14,12,2
LatentSpace_v209,Midbrain-other,10,10,0
LatentSpace_v209,Periaqueductal gray,11,11,0
LatentSpace_v209,Pons,11,9,2
LatentSpace_v209,Medulla,9,9,0
LatentSpace_v209,Lingula (I),22,34,-12
LatentSpace_v209,Central lobule,27,34,-7
LatentSpace_v209,Culmen,25,34,-9
LatentSpace_v209,Declive (VI),23,28,-5
LatentSpace_v209,Folium-tuber vermis (VII),23,31,-8
LatentSpace_v209,Pyramus (VIII),24,32,-8
LatentSpace_v209,Uvula (IX),17,34,-17
LatentSpace_v209,Nodulus (X),14,35,-21
LatentSpace_v209,Simple lobule,23,29,-6
LatentSpace_v209,Crus 1,22,26,-4
LatentSpace_v209,Crus 2,22,27,-5
LatentSpace_v209,Paramedian lobule,23,33,-10
LatentSpace_v209,Copula pyramidis,26,34,-8
LatentSpace_v209,Flocculus,17,34,-17
LatentSpace_v209,Paraflocculus,23,36,-13
LatentSpace_v209,Cerebellar nuclei,20,11,9
LatentSpace_v210,Cortical subplate-other,7,15,-8
LatentSpace_v210,Claustrum,27,33,-6
LatentSpace_v210,Endopiriform nucleus,7,32,-25
LatentSpace_v210,Olfactory areas-other,7,33,-26
LatentSpace_v210,Postpiriform transition area,3,27,-24
LatentSpace_v210,Piriform area,13,34,-21
LatentSpace_v210,Taenia tecta,9,28,-19
LatentSpace_v210,Cortical amygdalar area,2,19,-17
LatentSpace_v210,Piriform-amygdalar area,2,28,-26
LatentSpace_v210,Main olfactory bulb,22,10,12
LatentSpace_v210,Accessory olfactory bulb,23,19,4
LatentSpace_v210,Anterior olfactory nucleus,4,32,-28
LatentSpace_v210,Subiculum,4,35,-31
LatentSpace_v210,Entorhinal area,8,22,-14
LatentSpace_v210,Field CA1,7,25,-18
LatentSpace_v210,Field CA2,7,14,-7
LatentSpace_v210,Field CA3,6,8,-2
LatentSpace_v210,Dentate gyrus,7,3,4
LatentSpace_v210,Anterior cingulate area,36,39,-3
LatentSpace_v210,Infralimbic area,8,26,-18
LatentSpace_v210,Retrosplenial area,25,36,-11
LatentSpace_v210,Prelimbic area,25,35,-10
LatentSpace_v210,Primary auditory area,35,38,-3
LatentSpace_v210,Dorsal auditory area,35,38,-3
LatentSpace_v210,Ventral auditory area,37,38,-1
LatentSpace_v210,Agranular insular area,20,37,-17
LatentSpace_v210,Ectorhinal area,22,33,-11
LatentSpace_v210,Primary motor area,35,38,-3
LatentSpace_v210,Secondary motor area,36,38,-2
LatentSpace_v210,"Frontal pole, cerebral cortex",32,40,-8
LatentSpace_v210,Orbital area,22,35,-13
LatentSpace_v210,Posterior parietal association areas,35,38,-3
LatentSpace_v210,Perirhinal area,17,32,-15
LatentSpace_v210,Primary somatosensory area,35,35,0
LatentSpace_v210,Supplemental somatosensory area,37,38,-1
LatentSpace_v210,Temporal association areas,29,33,-4
LatentSpace_v210,Visual areas,35,38,-3
LatentSpace_v210,Pallidum,8,6,2
LatentSpace_v210,Striatum ventral region,6,3,3
LatentSpace_v210,Lateral septal complex,11,4,7
LatentSpace_v210,Caudoputamen,3,3,0
LatentSpace_v210,Medial amygdalar nucleus,7,7,0
LatentSpace_v210,Hypothalamus,9,9,0
LatentSpace_v210,Thalamus,6,1,5
LatentSpace_v210,Inferior colliculus,10,9,1
LatentSpace_v210,"Superior colliculus, sensory related",10,10,0
LatentSpace_v210,Midbrain raphe nuclei,16,12,4
LatentSpace_v210,Midbrain-other,13,10,3
LatentSpace_v210,Periaqueductal gray,13,11,2
LatentSpace_v210,Pons,9,9,0
LatentSpace_v210,Medulla,10,9,1
LatentSpace_v210,Lingula (I),13,34,-21
LatentSpace_v210,Central lobule,15,34,-19
LatentSpace_v210,Culmen,26,34,-8
LatentSpace_v210,Declive (VI),23,28,-5
LatentSpace_v210,Folium-tuber vermis (VII),24,31,-7
LatentSpace_v210,Pyramus (VIII),30,32,-2
LatentSpace_v210,Uvula (IX),22,34,-12
LatentSpace_v210,Nodulus (X),17,35,-18
LatentSpace_v210,Simple lobule,22,29,-7
LatentSpace_v210,Crus 1,22,26,-4
LatentSpace_v210,Crus 2,21,27,-6
LatentSpace_v210,Paramedian lobule,22,33,-11
LatentSpace_v210,Copula pyramidis,27,34,-7
LatentSpace_v210,Flocculus,31,34,-3
LatentSpace_v210,Paraflocculus,24,36,-12
LatentSpace_v210,Cerebellar nuclei,13,11,2
LatentSpace_v211,Cortical subplate-other,13,15,-2
LatentSpace_v211,Claustrum,14,33,-19
LatentSpace_v211,Endopiriform nucleus,13,32,-19
LatentSpace_v211,Olfactory areas-other,17,33,-16
LatentSpace_v211,Postpiriform transition area,12,27,-15
LatentSpace_v211,Piriform area,12,34,-22
LatentSpace_v211,Taenia tecta,14,28,-14
LatentSpace_v211,Cortical amygdalar area,12,19,-7
LatentSpace_v211,Piriform-amygdalar area,12,28,-16
LatentSpace_v211,Main olfactory bulb,20,10,10
LatentSpace_v211,Accessory olfactory bulb,8,19,-11
LatentSpace_v211,Anterior olfactory nucleus,13,32,-19
LatentSpace_v211,Subiculum,3,35,-32
LatentSpace_v211,Entorhinal area,15,22,-7
LatentSpace_v211,Field CA1,8,25,-17
LatentSpace_v211,Field CA2,10,14,-4
LatentSpace_v211,Field CA3,7,8,-1
LatentSpace_v211,Dentate gyrus,8,3,5
LatentSpace_v211,Anterior cingulate area,33,39,-6
LatentSpace_v211,Infralimbic area,12,26,-14
LatentSpace_v211,Retrosplenial area,23,36,-13
LatentSpace_v211,Prelimbic area,25,35,-10
LatentSpace_v211,Primary auditory area,35,38,-3
LatentSpace_v211,Dorsal auditory area,35,38,-3
LatentSpace_v211,Ventral auditory area,35,38,-3
LatentSpace_v211,Agranular insular area,23,37,-14
LatentSpace_v211,Ectorhinal area,23,33,-10
LatentSpace_v211,Primary motor area,34,38,-4
LatentSpace_v211,Secondary motor area,35,38,-3
LatentSpace_v211,"Frontal pole, cerebral cortex",30,40,-10
LatentSpace_v211,Orbital area,26,35,-9
LatentSpace_v211,Posterior parietal association areas,34,38,-4
LatentSpace_v211,Perirhinal area,17,32,-15
LatentSpace_v211,Primary somatosensory area,29,35,-6
LatentSpace_v211,Supplemental somatosensory area,36,38,-2
LatentSpace_v211,Temporal association areas,31,33,-2
LatentSpace_v211,Visual areas,33,38,-5
LatentSpace_v211,Pallidum,10,6,4
LatentSpace_v211,Striatum ventral region,9,3,6
LatentSpace_v211,Lateral septal complex,11,4,7
LatentSpace_v211,Caudoputamen,3,3,0
LatentSpace_v211,Medial amygdalar nucleus,12,7,5
LatentSpace_v211,Hypothalamus,8,9,-1
LatentSpace_v211,Thalamus,8,1,7
LatentSpace_v211,Inferior colliculus,8,9,-1
LatentSpace_v211,"Superior colliculus, sensory related",7,10,-3
LatentSpace_v211,Midbrain raphe nuclei,12,12,0
LatentSpace_v211,Midbrain-other,12,10,2
LatentSpace_v211,Periaqueductal gray,12,11,1
LatentSpace_v211,Pons,11,9,2
LatentSpace_v211,Medulla,10,9,1
LatentSpace_v211,Lingula (I),18,34,-16
LatentSpace_v211,Central lobule,33,34,-1
LatentSpace_v211,Culmen,29,34,-5
LatentSpace_v211,Declive (VI),23,28,-5
LatentSpace_v211,Folium-tuber vermis (VII),23,31,-8
LatentSpace_v211,Pyramus (VIII),24,32,-8
LatentSpace_v211,Uvula (IX),18,34,-16
LatentSpace_v211,Nodulus (X),13,35,-22
LatentSpace_v211,Simple lobule,22,29,-7
LatentSpace_v211,Crus 1,22,26,-4
LatentSpace_v211,Crus 2,22,27,-5
LatentSpace_v211,Paramedian lobule,23,33,-10
LatentSpace_v211,Copula pyramidis,28,34,-6
LatentSpace_v211,Flocculus,12,34,-22
LatentSpace_v211,Paraflocculus,26,36,-10
LatentSpace_v211,Cerebellar nuclei,13,11,2
LatentSpace_v212,Cortical subplate-other,8,15,-7
LatentSpace_v212,Claustrum,30,33,-3
LatentSpace_v212,Endopiriform nucleus,12,32,-20
LatentSpace_v212,Olfactory areas-other,10,33,-23
LatentSpace_v212,Postpiriform transition area,11,27,-16
LatentSpace_v212,Piriform area,11,34,-23
LatentSpace_v212,Taenia tecta,11,28,-17
LatentSpace_v212,Cortical amygdalar area,5,19,-14
LatentSpace_v212,Piriform-amygdalar area,5,28,-23
LatentSpace_v212,Main olfactory bulb,11,10,1
LatentSpace_v212,Accessory olfactory bulb,32,19,13
LatentSpace_v212,Anterior olfactory nucleus,9,32,-23
LatentSpace_v212,Subiculum,6,35,-29
LatentSpace_v212,Entorhinal area,11,22,-11
LatentSpace_v212,Field CA1,8,25,-17
LatentSpace_v212,Field CA2,8,14,-6
LatentSpace_v212,Field CA3,6,8,-2
LatentSpace_v212,Dentate gyrus,9,3,6
LatentSpace_v212,Anterior cingulate area,36,39,-3
LatentSpace_v212,Infralimbic area,11,26,-15
LatentSpace_v212,Retrosplenial area,25,36,-11
LatentSpace_v212,Prelimbic area,28,35,-7
LatentSpace_v212,Primary auditory area,35,38,-3
LatentSpace_v212,Dorsal auditory area,35,38,-3
LatentSpace_v212,Ventral auditory area,37,38,-1
LatentSpace_v212,Agranular insular area,23,37,-14
LatentSpace_v212,Ectorhinal area,27,33,-6
LatentSpace_v212,Primary motor area,35,38,-3
LatentSpace_v212,Secondary motor area,36,38,-2
LatentSpace_v212,"Frontal pole, cerebral cortex",27,40,-13
LatentSpace_v212,Orbital area,23,35,-12
LatentSpace_v212,Posterior parietal association areas,35,38,-3
LatentSpace_v212,Perirhinal area,22,32,-10
LatentSpace_v212,Primary somatosensory area,30,35,-5
LatentSpace_v212,Supplemental somatosensory area,36,38,-2
LatentSpace_v212,Temporal association areas,34,33,1
LatentSpace_v212,Visual areas,33,38,-5
LatentSpace_v212,Pallidum,7,6,1
LatentSpace_v212,Striatum ventral region,4,3,1
LatentSpace_v212,Lateral septal complex,9,4,5
LatentSpace_v212,Caudoputamen,3,3,0
LatentSpace_v212,Medial amygdalar nucleus,7,7,0
LatentSpace_v212,Hypothalamus,5,9,-4
LatentSpace_v212,Thalamus,5,1,4
LatentSpace_v212,Inferior colliculus,9,9,0
LatentSpace_v212,"Superior colliculus, sensory related",6,10,-4
LatentSpace_v212,Midbrain raphe nuclei,14,12,2
LatentSpace_v212,Midbrain-other,12,10,2
LatentSpace_v212,Periaqueductal gray,12,11,1
LatentSpace_v212,Pons,9,9,0
LatentSpace_v212,Medulla,9,9,0
LatentSpace_v212,Lingula (I),13,34,-21
LatentSpace_v212,Central lobule,13,34,-21
LatentSpace_v212,Culmen,30,34,-4
LatentSpace_v212,Declive (VI),24,28,-4
LatentSpace_v212,Folium-tuber vermis (VII),23,31,-8
LatentSpace_v212,Pyramus (VIII),24,32,-8
LatentSpace_v212,Uvula (IX),34,34,0
LatentSpace_v212,Nodulus (X),33,35,-2
LatentSpace_v212,Simple lobule,24,29,-5
LatentSpace_v212,Crus 1,22,26,-4
LatentSpace_v212,Crus 2,22,27,-5
LatentSpace_v212,Paramedian lobule,23,33,-10
LatentSpace_v212,Copula pyramidis,26,34,-8
LatentSpace_v212,Flocculus,33,34,-1
LatentSpace_v212,Paraflocculus,24,36,-12
LatentSpace_v212,Cerebellar nuclei,12,11,1
LatentSpace_v213,Cortical subplate-other,13,15,-2
LatentSpace_v213,Claustrum,28,33,-5
LatentSpace_v213,Endopiriform nucleus,16,32,-16
LatentSpace_v213,Olfactory areas-other,14,33,-19
LatentSpace_v213,Postpiriform transition area,14,27,-13
LatentSpace_v213,Piriform area,17,34,-17
LatentSpace_v213,Taenia tecta,16,28,-12
LatentSpace_v213,Cortical amygdalar area,10,19,-9
LatentSpace_v213,Piriform-amygdalar area,13,28,-15
LatentSpace_v213,Main olfactory bulb,35,10,25
LatentSpace_v213,Accessory olfactory bulb,24,19,5
LatentSpace_v213,Anterior olfactory nucleus,14,32,-18
LatentSpace_v213,Subiculum,7,35,-28
LatentSpace_v213,Entorhinal area,13,22,-9
LatentSpace_v213,Field CA1,8,25,-17
LatentSpace_v213,Field CA2,10,14,-4
LatentSpace_v213,Field CA3,8,8,0
LatentSpace_v213,Dentate gyrus,9,3,6
LatentSpace_v213,Anterior cingulate area,35,39,-4
LatentSpace_v213,Infralimbic area,14,26,-12
LatentSpace_v213,Retrosplenial area,29,36,-7
LatentSpace_v213,Prelimbic area,25,35,-10
LatentSpace_v213,Primary auditory area,37,38,-1
LatentSpace_v213,Dorsal auditory area,35,38,-3
LatentSpace_v213,Ventral auditory area,38,38,0
LatentSpace_v213,Agranular insular area,23,37,-14
LatentSpace_v213,Ectorhinal area,26,33,-7
LatentSpace_v213,Primary motor area,35,38,-3
LatentSpace_v213,Secondary motor area,36,38,-2
LatentSpace_v213,"Frontal pole, cerebral cortex",35,40,-5
LatentSpace_v213,Orbital area,23,35,-12
LatentSpace_v213,Posterior parietal association areas,35,38,-3
LatentSpace_v213,Perirhinal area,21,32,-11
LatentSpace_v213,Primary somatosensory area,29,35,-6
LatentSpace_v213,Supplemental somatosensory area,36,38,-2
LatentSpace_v213,Temporal association areas,31,33,-2
LatentSpace_v213,Visual areas,35,38,-3
LatentSpace_v213,Pallidum,15,6,9
LatentSpace_v213,Striatum ventral region,9,3,6
LatentSpace_v213,Lateral septal complex,11,4,7
LatentSpace_v213,Caudoputamen,3,3,0
LatentSpace_v213,Medial amygdalar nucleus,12,7,5
LatentSpace_v213,Hypothalamus,14,9,5
LatentSpace_v213,Thalamus,14,1,13
LatentSpace_v213,Inferior colliculus,7,9,-2
LatentSpace_v213,"Superior colliculus, sensory related",10,10,0
LatentSpace_v213,Midbrain raphe nuclei,14,12,2
LatentSpace_v213,Midbrain-other,13,10,3
LatentSpace_v213,Periaqueductal gray,13,11,2
LatentSpace_v213,Pons,10,9,1
LatentSpace_v213,Medulla,32,9,23
LatentSpace_v213,Lingula (I),12,34,-22
LatentSpace_v213,Central lobule,23,34,-11
LatentSpace_v213,Culmen,26,34,-8
LatentSpace_v213,Declive (VI),22,28,-6
LatentSpace_v213,Folium-tuber vermis (VII),23,31,-8
LatentSpace_v213,Pyramus (VIII),25,32,-7
LatentSpace_v213,Uvula (IX),34,34,0
LatentSpace_v213,Nodulus (X),30,35,-5
LatentSpace_v213,Simple lobule,22,29,-7
LatentSpace_v213,Crus 1,22,26,-4
LatentSpace_v213,Crus 2,22,27,-5
LatentSpace_v213,Paramedian lobule,23,33,-10
LatentSpace_v213,Copula pyramidis,27,34,-7
LatentSpace_v213,Flocculus,34,34,0
LatentSpace_v213,Paraflocculus,24,36,-12
LatentSpace_v213,Cerebellar nuclei,31,11,20
LatentSpace_v214,Cortical subplate-other,10,15,-5
LatentSpace_v214,Claustrum,26,33,-7
LatentSpace_v214,Endopiriform nucleus,10,32,-22
LatentSpace_v214,Olfactory areas-other,15,33,-18
LatentSpace_v214,Postpiriform transition area,13,27,-14
LatentSpace_v214,Piriform area,18,34,-16
LatentSpace_v214,Taenia tecta,12,28,-16
LatentSpace_v214,Cortical amygdalar area,11,19,-8
LatentSpace_v214,Piriform-amygdalar area,10,28,-18
LatentSpace_v214,Main olfactory bulb,14,10,4
LatentSpace_v214,Accessory olfactory bulb,22,19,3
LatentSpace_v214,Anterior olfactory nucleus,10,32,-22
LatentSpace_v214,Subiculum,3,35,-32
LatentSpace_v214,Entorhinal area,15,22,-7
LatentSpace_v214,Field CA1,6,25,-19
LatentSpace_v214,Field CA2,5,14,-9
LatentSpace_v214,Field CA3,5,8,-3
LatentSpace_v214,Dentate gyrus,11,3,8
LatentSpace_v214,Anterior cingulate area,33,39,-6
LatentSpace_v214,Infralimbic area,14,26,-12
LatentSpace_v214,Retrosplenial area,24,36,-12
LatentSpace_v214,Prelimbic area,25,35,-10
LatentSpace_v214,Primary auditory area,36,38,-2
LatentSpace_v214,Dorsal auditory area,35,38,-3
LatentSpace_v214,Ventral auditory area,35,38,-3
LatentSpace_v214,Agranular insular area,19,37,-18
LatentSpace_v214,Ectorhinal area,23,33,-10
LatentSpace_v214,Primary motor area,35,38,-3
LatentSpace_v214,Secondary motor area,34,38,-4
LatentSpace_v214,"Frontal pole, cerebral cortex",23,40,-17
LatentSpace_v214,Orbital area,21,35,-14
LatentSpace_v214,Posterior parietal association areas,34,38,-4
LatentSpace_v214,Perirhinal area,19,32,-13
LatentSpace_v214,Primary somatosensory area,28,35,-7
LatentSpace_v214,Supplemental somatosensory area,37,38,-1
LatentSpace_v214,Temporal association areas,28,33,-5
LatentSpace_v214,Visual areas,35,38,-3
LatentSpace_v214,Pallidum,7,6,1
LatentSpace_v214,Striatum ventral region,9,3,6
LatentSpace_v214,Lateral septal complex,12,4,8
LatentSpace_v214,Caudoputamen,3,3,0
LatentSpace_v214,Medial amygdalar nucleus,12,7,5
LatentSpace_v214,Hypothalamus,7,9,-2
LatentSpace_v214,Thalamus,16,1,15
LatentSpace_v214,Inferior colliculus,6,9,-3
LatentSpace_v214,"Superior colliculus, sensory related",6,10,-4
LatentSpace_v214,Midbrain raphe nuclei,16,12,4
LatentSpace_v214,Midbrain-other,11,10,1
LatentSpace_v214,Periaqueductal gray,12,11,1
LatentSpace_v214,Pons,8,9,-1
LatentSpace_v214,Medulla,9,9,0
LatentSpace_v214,Lingula (I),12,34,-22
LatentSpace_v214,Central lobule,13,34,-21
LatentSpace_v214,Culmen,26,34,-8
LatentSpace_v214,Declive (VI),25,28,-3
LatentSpace_v214,Folium-tuber vermis (VII),25,31,-6
LatentSpace_v214,Pyramus (VIII),31,32,-1
LatentSpace_v214,Uvula (IX),20,34,-14
LatentSpace_v214,Nodulus (X),12,35,-23
LatentSpace_v214,Simple lobule,24,29,-5
LatentSpace_v214,Crus 1,23,26,-3
LatentSpace_v214,Crus 2,22,27,-5
LatentSpace_v214,Paramedian lobule,27,33,-6
LatentSpace_v214,Copula pyramidis,34,34,0
LatentSpace_v214,Flocculus,13,34,-21
LatentSpace_v214,Paraflocculus,24,36,-12
LatentSpace_v214,Cerebellar nuclei,12,11,1
LatentSpace_v215,Cortical subplate-other,7,15,-8
LatentSpace_v215,Claustrum,21,33,-12
LatentSpace_v215,Endopiriform nucleus,7,32,-25
LatentSpace_v215,Olfactory areas-other,14,33,-19
LatentSpace_v215,Postpiriform transition area,10,27,-17
LatentSpace_v215,Piriform area,9,34,-25
LatentSpace_v215,Taenia tecta,12,28,-16
LatentSpace_v215,Cortical amygdalar area,7,19,-12
LatentSpace_v215,Piriform-amygdalar area,9,28,-19
LatentSpace_v215,Main olfactory bulb,26,10,16
LatentSpace_v215,Accessory olfactory bulb,30,19,11
LatentSpace_v215,Anterior olfactory nucleus,13,32,-19
LatentSpace_v215,Subiculum,2,35,-33
LatentSpace_v215,Entorhinal area,5,22,-17
LatentSpace_v215,Field CA1,5,25,-20
LatentSpace_v215,Field CA2,20,14,6
LatentSpace_v215,Field CA3,6,8,-2
LatentSpace_v215,Dentate gyrus,6,3,3
LatentSpace_v215,Anterior cingulate area,35,39,-4
LatentSpace_v215,Infralimbic area,12,26,-14
LatentSpace_v215,Retrosplenial area,25,36,-11
LatentSpace_v215,Prelimbic area,28,35,-7
LatentSpace_v215,Primary auditory area,35,38,-3
LatentSpace_v215,Dorsal auditory area,35,38,-3
LatentSpace_v215,Ventral auditory area,37,38,-1
LatentSpace_v215,Agranular insular area,18,37,-19
LatentSpace_v215,Ectorhinal area,22,33,-11
LatentSpace_v215,Primary motor area,35,38,-3
LatentSpace_v215,Secondary motor area,36,38,-2
LatentSpace_v215,"Frontal pole, cerebral cortex",28,40,-12
LatentSpace_v215,Orbital area,19,35,-16
LatentSpace_v215,Posterior parietal association areas,35,38,-3
LatentSpace_v215,Perirhinal area,10,32,-22
LatentSpace_v215,Primary somatosensory area,30,35,-5
LatentSpace_v215,Supplemental somatosensory area,36,38,-2
LatentSpace_v215,Temporal association areas,30,33,-3
LatentSpace_v215,Visual areas,33,38,-5
LatentSpace_v215,Pallidum,9,6,3
LatentSpace_v215,Striatum ventral region,7,3,4
LatentSpace_v215,Lateral septal complex,9,4,5
LatentSpace_v215,Caudoputamen,3,3,0
LatentSpace_v215,Medial amygdalar nucleus,11,7,4
LatentSpace_v215,Hypothalamus,12,9,3
LatentSpace_v215,Thalamus,4,1,3
LatentSpace_v215,Inferior colliculus,11,9,2
LatentSpace_v215,"Superior colliculus, sensory related",7,10,-3
LatentSpace_v215,Midbrain raphe nuclei,15,12,3
LatentSpace_v215,Midbrain-other,10,10,0
LatentSpace_v215,Periaqueductal gray,13,11,2
LatentSpace_v215,Pons,7,9,-2
LatentSpace_v215,Medulla,8,9,-1
LatentSpace_v215,Lingula (I),13,34,-21
LatentSpace_v215,Central lobule,32,34,-2
LatentSpace_v215,Culmen,30,34,-4
LatentSpace_v215,Declive (VI),24,28,-4
LatentSpace_v215,Folium-tuber vermis (VII),24,31,-7
LatentSpace_v215,Pyramus (VIII),29,32,-3
LatentSpace_v215,Uvula (IX),22,34,-12
LatentSpace_v215,Nodulus (X),18,35,-17
LatentSpace_v215,Simple lobule,22,29,-7
LatentSpace_v215,Crus 1,22,26,-4
LatentSpace_v215,Crus 2,22,27,-5
LatentSpace_v215,Paramedian lobule,23,33,-10
LatentSpace_v215,Copula pyramidis,28,34,-6
LatentSpace_v215,Flocculus,22,34,-12
LatentSpace_v215,Paraflocculus,24,36,-12
LatentSpace_v215,Cerebellar nuclei,12,11,1
LatentSpace_v216,Cortical subplate-other,10,15,-5
LatentSpace_v216,Claustrum,17,33,-16
LatentSpace_v216,Endopiriform nucleus,10,32,-22
LatentSpace_v216,Olfactory areas-other,17,33,-16
LatentSpace_v216,Postpiriform transition area,12,27,-15
LatentSpace_v216,Piriform area,15,34,-19
LatentSpace_v216,Taenia tecta,14,28,-14
LatentSpace_v216,Cortical amygdalar area,11,19,-8
LatentSpace_v216,Piriform-amygdalar area,9,28,-19
LatentSpace_v216,Main olfactory bulb,26,10,16
LatentSpace_v216,Accessory olfactory bulb,31,19,12
LatentSpace_v216,Anterior olfactory nucleus,13,32,-19
LatentSpace_v216,Subiculum,8,35,-27
LatentSpace_v216,Entorhinal area,9,22,-13
LatentSpace_v216,Field CA1,8,25,-17
LatentSpace_v216,Field CA2,12,14,-2
LatentSpace_v216,Field CA3,6,8,-2
LatentSpace_v216,Dentate gyrus,7,3,4
LatentSpace_v216,Anterior cingulate area,33,39,-6
LatentSpace_v216,Infralimbic area,13,26,-13
LatentSpace_v216,Retrosplenial area,25,36,-11
LatentSpace_v216,Prelimbic area,23,35,-12
LatentSpace_v216,Primary auditory area,35,38,-3
LatentSpace_v216,Dorsal auditory area,35,38,-3
LatentSpace_v216,Ventral auditory area,37,38,-1
LatentSpace_v216,Agranular insular area,24,37,-13
LatentSpace_v216,Ectorhinal area,22,33,-11
LatentSpace_v216,Primary motor area,35,38,-3
LatentSpace_v216,Secondary motor area,35,38,-3
LatentSpace_v216,"Frontal pole, cerebral cortex",33,40,-7
LatentSpace_v216,Orbital area,23,35,-12
LatentSpace_v216,Posterior parietal association areas,30,38,-8
LatentSpace_v216,Perirhinal area,17,32,-15
LatentSpace_v216,Primary somatosensory area,30,35,-5
LatentSpace_v216,Supplemental somatosensory area,36,38,-2
LatentSpace_v216,Temporal association areas,31,33,-2
LatentSpace_v216,Visual areas,31,38,-7
LatentSpace_v216,Pallidum,12,6,6
LatentSpace_v216,Striatum ventral region,10,3,7
LatentSpace_v216,Lateral septal complex,14,4,10
LatentSpace_v216,Caudoputamen,3,3,0
LatentSpace_v216,Medial amygdalar nucleus,11,7,4
LatentSpace_v216,Hypothalamus,10,9,1
LatentSpace_v216,Thalamus,7,1,6
LatentSpace_v216,Inferior colliculus,8,9,-1
LatentSpace_v216,"Superior colliculus, sensory related",5,10,-5
LatentSpace_v216,Midbrain raphe nuclei,14,12,2
LatentSpace_v216,Midbrain-other,10,10,0
LatentSpace_v216,Periaqueductal gray,12,11,1
LatentSpace_v216,Pons,8,9,-1
LatentSpace_v216,Medulla,7,9,-2
LatentSpace_v216,Lingula (I),15,34,-19
LatentSpace_v216,Central lobule,30,34,-4
LatentSpace_v216,Culmen,30,34,-4
LatentSpace_v216,Declive (VI),23,28,-5
LatentSpace_v216,Folium-tuber vermis (VII),23,31,-8
LatentSpace_v216,Pyramus (VIII),24,32,-8
LatentSpace_v216,Uvula (IX),16,34,-18
LatentSpace_v216,Nodulus (X),12,35,-23
LatentSpace_v216,Simple lobule,23,29,-6
LatentSpace_v216,Crus 1,23,26,-3
LatentSpace_v216,Crus 2,23,27,-4
LatentSpace_v216,Paramedian lobule,23,33,-10
LatentSpace_v216,Copula pyramidis,24,34,-10
LatentSpace_v216,Flocculus,25,34,-9
LatentSpace_v216,Paraflocculus,27,36,-9
LatentSpace_v216,Cerebellar nuclei,24,11,13
LatentSpace_v217,Cortical subplate-other,10,15,-5
LatentSpace_v217,Claustrum,21,33,-12
LatentSpace_v217,Endopiriform nucleus,14,32,-18
LatentSpace_v217,Olfactory areas-other,17,33,-16
LatentSpace_v217,Postpiriform transition area,12,27,-15
LatentSpace_v217,Piriform area,19,34,-15
LatentSpace_v217,Taenia tecta,13,28,-15
LatentSpace_v217,Cortical amygdalar area,10,19,-9
LatentSpace_v217,Piriform-amygdalar area,11,28,-17
LatentSpace_v217,Main olfactory bulb,3,10,-7
LatentSpace_v217,Accessory olfactory bulb,32,19,13
LatentSpace_v217,Anterior olfactory nucleus,15,32,-17
LatentSpace_v217,Subiculum,4,35,-31
LatentSpace_v217,Entorhinal area,10,22,-12
LatentSpace_v217,Field CA1,4,25,-21
LatentSpace_v217,Field CA2,6,14,-8
LatentSpace_v217,Field CA3,7,8,-1
LatentSpace_v217,Dentate gyrus,8,3,5
LatentSpace_v217,Anterior cingulate area,35,39,-4
LatentSpace_v217,Infralimbic area,12,26,-14
LatentSpace_v217,Retrosplenial area,23,36,-13
LatentSpace_v217,Prelimbic area,26,35,-9
LatentSpace_v217,Primary auditory area,35,38,-3
LatentSpace_v217,Dorsal auditory area,32,38,-6
LatentSpace_v217,Ventral auditory area,36,38,-2
LatentSpace_v217,Agranular insular area,22,37,-15
LatentSpace_v217,Ectorhinal area,24,33,-9
LatentSpace_v217,Primary motor area,31,38,-7
LatentSpace_v217,Secondary motor area,35,38,-3
LatentSpace_v217,"Frontal pole, cerebral cortex",30,40,-10
LatentSpace_v217,Orbital area,24,35,-11
LatentSpace_v217,Posterior parietal association areas,33,38,-5
LatentSpace_v217,Perirhinal area,18,32,-14
LatentSpace_v217,Primary somatosensory area,23,35,-12
LatentSpace_v217,Supplemental somatosensory area,35,38,-3
LatentSpace_v217,Temporal association areas,30,33,-3
LatentSpace_v217,Visual areas,31,38,-7
LatentSpace_v217,Pallidum,14,6,8
LatentSpace_v217,Striatum ventral region,6,3,3
LatentSpace_v217,Lateral septal complex,10,4,6
LatentSpace_v217,Caudoputamen,3,3,0
LatentSpace_v217,Medial amygdalar nucleus,10,7,3
LatentSpace_v217,Hypothalamus,10,9,1
LatentSpace_v217,Thalamus,13,1,12
LatentSpace_v217,Inferior colliculus,9,9,0
LatentSpace_v217,"Superior colliculus, sensory related",10,10,0
LatentSpace_v217,Midbrain raphe nuclei,14,12,2
LatentSpace_v217,Midbrain-other,13,10,3
LatentSpace_v217,Periaqueductal gray,11,11,0
LatentSpace_v217,Pons,12,9,3
LatentSpace_v217,Medulla,12,9,3
LatentSpace_v217,Lingula (I),16,34,-18
LatentSpace_v217,Central lobule,29,34,-5
LatentSpace_v217,Culmen,31,34,-3
LatentSpace_v217,Declive (VI),24,28,-4
LatentSpace_v217,Folium-tuber vermis (VII),23,31,-8
LatentSpace_v217,Pyramus (VIII),23,32,-9
LatentSpace_v217,Uvula (IX),33,34,-1
LatentSpace_v217,Nodulus (X),22,35,-13
LatentSpace_v217,Simple lobule,25,29,-4
LatentSpace_v217,Crus 1,22,26,-4
LatentSpace_v217,Crus 2,22,27,-5
LatentSpace_v217,Paramedian lobule,22,33,-11
LatentSpace_v217,Copula pyramidis,25,34,-9
LatentSpace_v217,Flocculus,34,34,0
LatentSpace_v217,Paraflocculus,23,36,-13
LatentSpace_v217,Cerebellar nuclei,29,11,18
LatentSpace_v218,Cortical subplate-other,10,15,-5
LatentSpace_v218,Claustrum,25,33,-8
LatentSpace_v218,Endopiriform nucleus,13,32,-19
LatentSpace_v218,Olfactory areas-other,13,33,-20
LatentSpace_v218,Postpiriform transition area,13,27,-14
LatentSpace_v218,Piriform area,17,34,-17
LatentSpace_v218,Taenia tecta,15,28,-13
LatentSpace_v218,Cortical amygdalar area,8,19,-11
LatentSpace_v218,Piriform-amygdalar area,11,28,-17
LatentSpace_v218,Main olfactory bulb,10,10,0
LatentSpace_v218,Accessory olfactory bulb,11,19,-8
LatentSpace_v218,Anterior olfactory nucleus,12,32,-20
LatentSpace_v218,Subiculum,3,35,-32
LatentSpace_v218,Entorhinal area,12,22,-10
LatentSpace_v218,Field CA1,5,25,-20
LatentSpace_v218,Field CA2,7,14,-7
LatentSpace_v218,Field CA3,7,8,-1
LatentSpace_v218,Dentate gyrus,10,3,7
LatentSpace_v218,Anterior cingulate area,32,39,-7
LatentSpace_v218,Infralimbic area,18,26,-8
LatentSpace_v218,Retrosplenial area,23,36,-13
LatentSpace_v218,Prelimbic area,25,35,-10
LatentSpace_v218,Primary auditory area,37,38,-1
LatentSpace_v218,Dorsal auditory area,35,38,-3
LatentSpace_v218,Ventral auditory area,36,38,-2
LatentSpace_v218,Agranular insular area,19,37,-18
LatentSpace_v218,Ectorhinal area,24,33,-9
LatentSpace_v218,Primary motor area,35,38,-3
LatentSpace_v218,Secondary motor area,35,38,-3
LatentSpace_v218,"Frontal pole, cerebral cortex",30,40,-10
LatentSpace_v218,Orbital area,20,35,-15
LatentSpace_v218,Posterior parietal association areas,28,38,-10
LatentSpace_v218,Perirhinal area,16,32,-16
LatentSpace_v218,Primary somatosensory area,31,35,-4
LatentSpace_v218,Supplemental somatosensory area,39,38,1
LatentSpace_v218,Temporal association areas,26,33,-7
LatentSpace_v218,Visual areas,31,38,-7
LatentSpace_v218,Pallidum,7,6,1
LatentSpace_v218,Striatum ventral region,5,3,2
LatentSpace_v218,Lateral septal complex,10,4,6
LatentSpace_v218,Caudoputamen,3,3,0
LatentSpace_v218,Medial amygdalar nucleus,13,7,6
LatentSpace_v218,Hypothalamus,7,9,-2
LatentSpace_v218,Thalamus,9,1,8
LatentSpace_v218,Inferior colliculus,7,9,-2
LatentSpace_v218,"Superior colliculus, sensory related",7,10,-3
LatentSpace_v218,Midbrain raphe nuclei,14,12,2
LatentSpace_v218,Midbrain-other,13,10,3
LatentSpace_v218,Periaqueductal gray,12,11,1
LatentSpace_v218,Pons,6,9,-3
LatentSpace_v218,Medulla,6,9,-3
LatentSpace_v218,Lingula (I),14,34,-20
LatentSpace_v218,Central lobule,25,34,-9
LatentSpace_v218,Culmen,24,34,-10
LatentSpace_v218,Declive (VI),22,28,-6
LatentSpace_v218,Folium-tuber vermis (VII),23,31,-8
LatentSpace_v218,Pyramus (VIII),23,32,-9
LatentSpace_v218,Uvula (IX),34,34,0
LatentSpace_v218,Nodulus (X),15,35,-20
LatentSpace_v218,Simple lobule,22,29,-7
LatentSpace_v218,Crus 1,21,26,-5
LatentSpace_v218,Crus 2,21,27,-6
LatentSpace_v218,Paramedian lobule,21,33,-12
LatentSpace_v218,Copula pyramidis,23,34,-11
LatentSpace_v218,Flocculus,30,34,-4
LatentSpace_v218,Paraflocculus,31,36,-5
LatentSpace_v218,Cerebellar nuclei,10,11,-1
LatentSpace_v219,Cortical subplate-other,12,15,-3
LatentSpace_v219,Claustrum,26,33,-7
LatentSpace_v219,Endopiriform nucleus,16,32,-16
LatentSpace_v219,Olfactory areas-other,18,33,-15
LatentSpace_v219,Postpiriform transition area,17,27,-10
LatentSpace_v219,Piriform area,23,34,-11
LatentSpace_v219,Taenia tecta,14,28,-14
LatentSpace_v219,Cortical amygdalar area,7,19,-12
LatentSpace_v219,Piriform-amygdalar area,15,28,-13
LatentSpace_v219,Main olfactory bulb,18,10,8
LatentSpace_v219,Accessory olfactory bulb,29,19,10
LatentSpace_v219,Anterior olfactory nucleus,11,32,-21
LatentSpace_v219,Subiculum,5,35,-30
LatentSpace_v219,Entorhinal area,17,22,-5
LatentSpace_v219,Field CA1,9,25,-16
LatentSpace_v219,Field CA2,10,14,-4
LatentSpace_v219,Field CA3,6,8,-2
LatentSpace_v219,Dentate gyrus,11,3,8
LatentSpace_v219,Anterior cingulate area,36,39,-3
LatentSpace_v219,Infralimbic area,13,26,-13
LatentSpace_v219,Retrosplenial area,31,36,-5
LatentSpace_v219,Prelimbic area,29,35,-6
LatentSpace_v219,Primary auditory area,36,38,-2
LatentSpace_v219,Dorsal auditory area,35,38,-3
LatentSpace_v219,Ventral auditory area,38,38,0
LatentSpace_v219,Agranular insular area,27,37,-10
LatentSpace_v219,Ectorhinal area,25,33,-8
LatentSpace_v219,Primary motor area,35,38,-3
LatentSpace_v219,Secondary motor area,37,38,-1
LatentSpace_v219,"Frontal pole, cerebral cortex",34,40,-6
LatentSpace_v219,Orbital area,29,35,-6
LatentSpace_v219,Posterior parietal association areas,35,38,-3
LatentSpace_v219,Perirhinal area,26,32,-6
LatentSpace_v219,Primary somatosensory area,31,35,-4
LatentSpace_v219,Supplemental somatosensory area,36,38,-2
LatentSpace_v219,Temporal association areas,34,33,1
LatentSpace_v219,Visual areas,35,38,-3
LatentSpace_v219,Pallidum,6,6,0
LatentSpace_v219,Striatum ventral region,7,3,4
LatentSpace_v219,Lateral septal complex,9,4,5
LatentSpace_v219,Caudoputamen,3,3,0
LatentSpace_v219,Medial amygdalar nucleus,8,7,1
LatentSpace_v219,Hypothalamus,6,9,-3
LatentSpace_v219,Thalamus,5,1,4
LatentSpace_v219,Inferior colliculus,7,9,-2
LatentSpace_v219,"Superior colliculus, sensory related",5,10,-5
LatentSpace_v219,Midbrain raphe nuclei,14,12,2
LatentSpace_v219,Midbrain-other,11,10,1
LatentSpace_v219,Periaqueductal gray,11,11,0
LatentSpace_v219,Pons,10,9,1
LatentSpace_v219,Medulla,12,9,3
LatentSpace_v219,Lingula (I),8,34,-26
LatentSpace_v219,Central lobule,24,34,-10
LatentSpace_v219,Culmen,23,34,-11
LatentSpace_v219,Declive (VI),23,28,-5
LatentSpace_v219,Folium-tuber vermis (VII),23,31,-8
LatentSpace_v219,Pyramus (VIII),25,32,-7
LatentSpace_v219,Uvula (IX),34,34,0
LatentSpace_v219,Nodulus (X),27,35,-8
LatentSpace_v219,Simple lobule,22,29,-7
LatentSpace_v219,Crus 1,22,26,-4
LatentSpace_v219,Crus 2,23,27,-4
LatentSpace_v219,Paramedian lobule,23,33,-10
LatentSpace_v219,Copula pyramidis,27,34,-7
LatentSpace_v219,Flocculus,35,34,1
LatentSpace_v219,Paraflocculus,24,36,-12
LatentSpace_v219,Cerebellar nuclei,29,11,18
LatentSpace_v220,Cortical subplate-other,7,15,-8
LatentSpace_v220,Claustrum,27,33,-6
LatentSpace_v220,Endopiriform nucleus,7,32,-25
LatentSpace_v220,Olfactory areas-other,12,33,-21
LatentSpace_v220,Postpiriform transition area,9,27,-18
LatentSpace_v220,Piriform area,5,34,-29
LatentSpace_v220,Taenia tecta,13,28,-15
LatentSpace_v220,Cortical amygdalar area,3,19,-16
LatentSpace_v220,Piriform-amygdalar area,3,28,-25
LatentSpace_v220,Main olfactory bulb,17,10,7
LatentSpace_v220,Accessory olfactory bulb,25,19,6
LatentSpace_v220,Anterior olfactory nucleus,13,32,-19
LatentSpace_v220,Subiculum,6,35,-29
LatentSpace_v220,Entorhinal area,10,22,-12
LatentSpace_v220,Field CA1,7,25,-18
LatentSpace_v220,Field CA2,9,14,-5
LatentSpace_v220,Field CA3,5,8,-3
LatentSpace_v220,Dentate gyrus,8,3,5
LatentSpace_v220,Anterior cingulate area,37,39,-2
LatentSpace_v220,Infralimbic area,13,26,-13
LatentSpace_v220,Retrosplenial area,25,36,-11
LatentSpace_v220,Prelimbic area,25,35,-10
LatentSpace_v220,Primary auditory area,35,38,-3
LatentSpace_v220,Dorsal auditory area,35,38,-3
LatentSpace_v220,Ventral auditory area,37,38,-1
LatentSpace_v220,Agranular insular area,16,37,-21
LatentSpace_v220,Ectorhinal area,22,33,-11
LatentSpace_v220,Primary motor area,35,38,-3
LatentSpace_v220,Secondary motor area,34,38,-4
LatentSpace_v220,"Frontal pole, cerebral cortex",26,40,-14
LatentSpace_v220,Orbital area,21,35,-14
LatentSpace_v220,Posterior parietal association areas,35,38,-3
LatentSpace_v220,Perirhinal area,16,32,-16
LatentSpace_v220,Primary somatosensory area,30,35,-5
LatentSpace_v220,Supplemental somatosensory area,36,38,-2
LatentSpace_v220,Temporal association areas,31,33,-2
LatentSpace_v220,Visual areas,35,38,-3
LatentSpace_v220,Pallidum,8,6,2
LatentSpace_v220,Striatum ventral region,6,3,3
LatentSpace_v220,Lateral septal complex,11,4,7
LatentSpace_v220,Caudoputamen,3,3,0
LatentSpace_v220,Medial amygdalar nucleus,6,7,-1
LatentSpace_v220,Hypothalamus,8,9,-1
LatentSpace_v220,Thalamus,3,1,2
LatentSpace_v220,Inferior colliculus,9,9,0
LatentSpace_v220,"Superior colliculus, sensory related",13,10,3
LatentSpace_v220,Midbrain raphe nuclei,14,12,2
LatentSpace_v220,Midbrain-other,14,10,4
LatentSpace_v220,Periaqueductal gray,14,11,3
LatentSpace_v220,Pons,12,9,3
LatentSpace_v220,Medulla,15,9,6
LatentSpace_v220,Lingula (I),13,34,-21
LatentSpace_v220,Central lobule,12,34,-22
LatentSpace_v220,Culmen,29,34,-5
LatentSpace_v220,Declive (VI),22,28,-6
LatentSpace_v220,Folium-tuber vermis (VII),23,31,-8
LatentSpace_v220,Pyramus (VIII),23,32,-9
LatentSpace_v220,Uvula (IX),28,34,-6
LatentSpace_v220,Nodulus (X),16,35,-19
LatentSpace_v220,Simple lobule,22,29,-7
LatentSpace_v220,Crus 1,22,26,-4
LatentSpace_v220,Crus 2,22,27,-5
LatentSpace_v220,Paramedian lobule,23,33,-10
LatentSpace_v220,Copula pyramidis,23,34,-11
LatentSpace_v220,Flocculus,29,34,-5
LatentSpace_v220,Paraflocculus,23,36,-13
LatentSpace_v220,Cerebellar nuclei,21,11,10
LatentSpace_v221,Cortical subplate-other,4,15,-11
LatentSpace_v221,Claustrum,28,33,-5
LatentSpace_v221,Endopiriform nucleus,8,32,-24
LatentSpace_v221,Olfactory areas-other,17,33,-16
LatentSpace_v221,Postpiriform transition area,8,27,-19
LatentSpace_v221,Piriform area,13,34,-21
LatentSpace_v221,Taenia tecta,8,28,-20
LatentSpace_v221,Cortical amygdalar area,2,19,-17
LatentSpace_v221,Piriform-amygdalar area,6,28,-22
LatentSpace_v221,Main olfactory bulb,11,10,1
LatentSpace_v221,Accessory olfactory bulb,27,19,8
LatentSpace_v221,Anterior olfactory nucleus,8,32,-24
LatentSpace_v221,Subiculum,5,35,-30
LatentSpace_v221,Entorhinal area,16,22,-6
LatentSpace_v221,Field CA1,6,25,-19
LatentSpace_v221,Field CA2,7,14,-7
LatentSpace_v221,Field CA3,4,8,-4
LatentSpace_v221,Dentate gyrus,7,3,4
LatentSpace_v221,Anterior cingulate area,36,39,-3
LatentSpace_v221,Infralimbic area,5,26,-21
LatentSpace_v221,Retrosplenial area,25,36,-11
LatentSpace_v221,Prelimbic area,27,35,-8
LatentSpace_v221,Primary auditory area,39,38,1
LatentSpace_v221,Dorsal auditory area,37,38,-1
LatentSpace_v221,Ventral auditory area,35,38,-3
LatentSpace_v221,Agranular insular area,24,37,-13
LatentSpace_v221,Ectorhinal area,22,33,-11
LatentSpace_v221,Primary motor area,35,38,-3
LatentSpace_v221,Secondary motor area,36,38,-2
LatentSpace_v221,"Frontal pole, cerebral cortex",30,40,-10
LatentSpace_v221,Orbital area,24,35,-11
LatentSpace_v221,Posterior parietal association areas,35,38,-3
LatentSpace_v221,Perirhinal area,22,32,-10
LatentSpace_v221,Primary somatosensory area,30,35,-5
LatentSpace_v221,Supplemental somatosensory area,39,38,1
LatentSpace_v221,Temporal association areas,27,33,-6
LatentSpace_v221,Visual areas,35,38,-3
LatentSpace_v221,Pallidum,7,6,1
LatentSpace_v221,Striatum ventral region,7,3,4
LatentSpace_v221,Lateral septal complex,7,4,3
LatentSpace_v221,Caudoputamen,3,3,0
LatentSpace_v221,Medial amygdalar nucleus,7,7,0
LatentSpace_v221,Hypothalamus,8,9,-1
LatentSpace_v221,Thalamus,5,1,4
LatentSpace_v221,Inferior colliculus,9,9,0
LatentSpace_v221,"Superior colliculus, sensory related",5,10,-5
LatentSpace_v221,Midbrain raphe nuclei,14,12,2
LatentSpace_v221,Midbrain-other,9,10,-1
LatentSpace_v221,Periaqueductal gray,8,11,-3
LatentSpace_v221,Pons,10,9,1
LatentSpace_v221,Medulla,8,9,-1
LatentSpace_v221,Lingula (I),11,34,-23
LatentSpace_v221,Central lobule,23,34,-11
LatentSpace_v221,Culmen,29,34,-5
LatentSpace_v221,Declive (VI),23,28,-5
LatentSpace_v221,Folium-tuber vermis (VII),23,31,-8
LatentSpace_v221,Pyramus (VIII),29,32,-3
LatentSpace_v221,Uvula (IX),19,34,-15
LatentSpace_v221,Nodulus (X),13,35,-22
LatentSpace_v221,Simple lobule,23,29,-6
LatentSpace_v221,Crus 1,23,26,-3
LatentSpace_v221,Crus 2,23,27,-4
LatentSpace_v221,Paramedian lobule,23,33,-10
LatentSpace_v221,Copula pyramidis,29,34,-5
LatentSpace_v221,Flocculus,29,34,-5
LatentSpace_v221,Paraflocculus,26,36,-10
LatentSpace_v221,Cerebellar nuclei,11,11,0
LatentSpace_v222,Cortical subplate-other,12,15,-3
LatentSpace_v222,Claustrum,28,33,-5
LatentSpace_v222,Endopiriform nucleus,16,32,-16
LatentSpace_v222,Olfactory areas-other,16,33,-17
LatentSpace_v222,Postpiriform transition area,10,27,-17
LatentSpace_v222,Piriform area,15,34,-19
LatentSpace_v222,Taenia tecta,13,28,-15
LatentSpace_v222,Cortical amygdalar area,10,19,-9
LatentSpace_v222,Piriform-amygdalar area,8,28,-20
LatentSpace_v222,Main olfactory bulb,34,10,24
LatentSpace_v222,Accessory olfactory bulb,34,19,15
LatentSpace_v222,Anterior olfactory nucleus,17,32,-15
LatentSpace_v222,Subiculum,4,35,-31
LatentSpace_v222,Entorhinal area,13,22,-9
LatentSpace_v222,Field CA1,7,25,-18
LatentSpace_v222,Field CA2,7,14,-7
LatentSpace_v222,Field CA3,7,8,-1
LatentSpace_v222,Dentate gyrus,9,3,6
LatentSpace_v222,Anterior cingulate area,36,39,-3
LatentSpace_v222,Infralimbic area,11,26,-15
LatentSpace_v222,Retrosplenial area,27,36,-9
LatentSpace_v222,Prelimbic area,31,35,-4
LatentSpace_v222,Primary auditory area,38,38,0
LatentSpace_v222,Dorsal auditory area,36,38,-2
LatentSpace_v222,Ventral auditory area,38,38,0
LatentSpace_v222,Agranular insular area,27,37,-10
LatentSpace_v222,Ectorhinal area,26,33,-7
LatentSpace_v222,Primary motor area,35,38,-3
LatentSpace_v222,Secondary motor area,37,38,-1
LatentSpace_v222,"Frontal pole, cerebral cortex",36,40,-4
LatentSpace_v222,Orbital area,24,35,-11
LatentSpace_v222,Posterior parietal association areas,35,38,-3
LatentSpace_v222,Perirhinal area,21,32,-11
LatentSpace_v222,Primary somatosensory area,29,35,-6
LatentSpace_v222,Supplemental somatosensory area,37,38,-1
LatentSpace_v222,Temporal association areas,30,33,-3
LatentSpace_v222,Visual areas,36,38,-2
LatentSpace_v222,Pallidum,10,6,4
LatentSpace_v222,Striatum ventral region,8,3,5
LatentSpace_v222,Lateral septal complex,16,4,12
LatentSpace_v222,Caudoputamen,3,3,0
LatentSpace_v222,Medial amygdalar nucleus,13,7,6
LatentSpace_v222,Hypothalamus,12,9,3
LatentSpace_v222,Thalamus,9,1,8
LatentSpace_v222,Inferior colliculus,6,9,-3
LatentSpace_v222,"Superior colliculus, sensory related",5,10,-5
LatentSpace_v222,Midbrain raphe nuclei,16,12,4
LatentSpace_v222,Midbrain-other,11,10,1
LatentSpace_v222,Periaqueductal gray,12,11,1
LatentSpace_v222,Pons,9,9,0
LatentSpace_v222,Medulla,9,9,0
LatentSpace_v222,Lingula (I),17,34,-17
LatentSpace_v222,Central lobule,32,34,-2
LatentSpace_v222,Culmen,25,34,-9
LatentSpace_v222,Declive (VI),23,28,-5
LatentSpace_v222,Folium-tuber vermis (VII),23,31,-8
LatentSpace_v222,Pyramus (VIII),27,32,-5
LatentSpace_v222,Uvula (IX),28,34,-6
LatentSpace_v222,Nodulus (X),15,35,-20
LatentSpace_v222,Simple lobule,23,29,-6
LatentSpace_v222,Crus 1,22,26,-4
LatentSpace_v222,Crus 2,22,27,-5
LatentSpace_v222,Paramedian lobule,22,33,-11
LatentSpace_v222,Copula pyramidis,28,34,-6
LatentSpace_v222,Flocculus,14,34,-20
LatentSpace_v222,Paraflocculus,29,36,-7
LatentSpace_v222,Cerebellar nuclei,13,11,2
LatentSpace_v223,Cortical subplate-other,9,15,-6
LatentSpace_v223,Claustrum,26,33,-7
LatentSpace_v223,Endopiriform nucleus,16,32,-16
LatentSpace_v223,Olfactory areas-other,13,33,-20
LatentSpace_v223,Postpiriform transition area,12,27,-15
LatentSpace_v223,Piriform area,14,34,-20
LatentSpace_v223,Taenia tecta,12,28,-16
LatentSpace_v223,Cortical amygdalar area,9,19,-10
LatentSpace_v223,Piriform-amygdalar area,13,28,-15
LatentSpace_v223,Main olfactory bulb,23,10,13
LatentSpace_v223,Accessory olfactory bulb,26,19,7
LatentSpace_v223,Anterior olfactory nucleus,12,32,-20
LatentSpace_v223,Subiculum,3,35,-32
LatentSpace_v223,Entorhinal area,16,22,-6
LatentSpace_v223,Field CA1,19,25,-6
LatentSpace_v223,Field CA2,26,14,12
LatentSpace_v223,Field CA3,6,8,-2
LatentSpace_v223,Dentate gyrus,6,3,3
LatentSpace_v223,Anterior cingulate area,37,39,-2
LatentSpace_v223,Infralimbic area,11,26,-15
LatentSpace_v223,Retrosplenial area,26,36,-10
LatentSpace_v223,Prelimbic area,29,35,-6
LatentSpace_v223,Primary auditory area,37,38,-1
LatentSpace_v223,Dorsal auditory area,35,38,-3
LatentSpace_v223,Ventral auditory area,37,38,-1
LatentSpace_v223,Agranular insular area,24,37,-13
LatentSpace_v223,Ectorhinal area,22,33,-11
LatentSpace_v223,Primary motor area,35,38,-3
LatentSpace_v223,Secondary motor area,35,38,-3
LatentSpace_v223,"Frontal pole, cerebral cortex",36,40,-4
LatentSpace_v223,Orbital area,25,35,-10
LatentSpace_v223,Posterior parietal association areas,35,38,-3
LatentSpace_v223,Perirhinal area,18,32,-14
LatentSpace_v223,Primary somatosensory area,33,35,-2
LatentSpace_v223,Supplemental somatosensory area,38,38,0
LatentSpace_v223,Temporal association areas,27,33,-6
LatentSpace_v223,Visual areas,35,38,-3
LatentSpace_v223,Pallidum,7,6,1
LatentSpace_v223,Striatum ventral region,6,3,3
LatentSpace_v223,Lateral septal complex,8,4,4
LatentSpace_v223,Caudoputamen,3,3,0
LatentSpace_v223,Medial amygdalar nucleus,10,7,3
LatentSpace_v223,Hypothalamus,9,9,0
LatentSpace_v223,Thalamus,2,1,1
LatentSpace_v223,Inferior colliculus,7,9,-2
LatentSpace_v223,"Superior colliculus, sensory related",5,10,-5
LatentSpace_v223,Midbrain raphe nuclei,14,12,2
LatentSpace_v223,Midbrain-other,11,10,1
LatentSpace_v223,Periaqueductal gray,12,11,1
LatentSpace_v223,Pons,10,9,1
LatentSpace_v223,Medulla,31,9,22
LatentSpace_v223,Lingula (I),12,34,-22
LatentSpace_v223,Central lobule,7,34,-27
LatentSpace_v223,Culmen,11,34,-23
LatentSpace_v223,Declive (VI),24,28,-4
LatentSpace_v223,Folium-tuber vermis (VII),23,31,-8
LatentSpace_v223,Pyramus (VIII),28,32,-4
LatentSpace_v223,Uvula (IX),35,34,1
LatentSpace_v223,Nodulus (X),34,35,-1
LatentSpace_v223,Simple lobule,25,29,-4
LatentSpace_v223,Crus 1,23,26,-3
LatentSpace_v223,Crus 2,23,27,-4
LatentSpace_v223,Paramedian lobule,24,33,-9
LatentSpace_v223,Copula pyramidis,31,34,-3
LatentSpace_v223,Flocculus,32,34,-2
LatentSpace_v223,Paraflocculus,30,36,-6
LatentSpace_v223,Cerebellar nuclei,23,11,12
LatentSpace_v224,Cortical subplate-other,13,15,-2
LatentSpace_v224,Claustrum,25,33,-8
LatentSpace_v224,Endopiriform nucleus,15,32,-17
LatentSpace_v224,Olfactory areas-other,13,33,-20
LatentSpace_v224,Postpiriform transition area,11,27,-16
LatentSpace_v224,Piriform area,15,34,-19
LatentSpace_v224,Taenia tecta,12,28,-16
LatentSpace_v224,Cortical amygdalar area,10,19,-9
LatentSpace_v224,Piriform-amygdalar area,10,28,-18
LatentSpace_v224,Main olfactory bulb,10,10,0
LatentSpace_v224,Accessory olfactory bulb,30,19,11
LatentSpace_v224,Anterior olfactory nucleus,13,32,-19
LatentSpace_v224,Subiculum,3,35,-32
LatentSpace_v224,Entorhinal area,15,22,-7
LatentSpace_v224,Field CA1,9,25,-16
LatentSpace_v224,Field CA2,30,14,16
LatentSpace_v224,Field CA3,6,8,-2
LatentSpace_v224,Dentate gyrus,8,3,5
LatentSpace_v224,Anterior cingulate area,37,39,-2
LatentSpace_v224,Infralimbic area,11,26,-15
LatentSpace_v224,Retrosplenial area,25,36,-11
LatentSpace_v224,Prelimbic area,29,35,-6
LatentSpace_v224,Primary auditory area,35,38,-3
LatentSpace_v224,Dorsal auditory area,35,38,-3
LatentSpace_v224,Ventral auditory area,36,38,-2
LatentSpace_v224,Agranular insular area,23,37,-14
LatentSpace_v224,Ectorhinal area,24,33,-9
LatentSpace_v224,Primary motor area,35,38,-3
LatentSpace_v224,Secondary motor area,35,38,-3
LatentSpace_v224,"Frontal pole, cerebral cortex",35,40,-5
LatentSpace_v224,Orbital area,28,35,-7
LatentSpace_v224,Posterior parietal association areas,31,38,-7
LatentSpace_v224,Perirhinal area,20,32,-12
LatentSpace_v224,Primary somatosensory area,29,35,-6
LatentSpace_v224,Supplemental somatosensory area,35,38,-3
LatentSpace_v224,Temporal association areas,32,33,-1
LatentSpace_v224,Visual areas,31,38,-7
LatentSpace_v224,Pallidum,8,6,2
LatentSpace_v224,Striatum ventral region,8,3,5
LatentSpace_v224,Lateral septal complex,13,4,9
LatentSpace_v224,Caudoputamen,3,3,0
LatentSpace_v224,Medial amygdalar nucleus,10,7,3
LatentSpace_v224,Hypothalamus,7,9,-2
LatentSpace_v224,Thalamus,12,1,11
LatentSpace_v224,Inferior colliculus,9,9,0
LatentSpace_v224,"Superior colliculus, sensory related",9,10,-1
LatentSpace_v224,Midbrain raphe nuclei,14,12,2
LatentSpace_v224,Midbrain-other,14,10,4
LatentSpace_v224,Periaqueductal gray,12,11,1
LatentSpace_v224,Pons,9,9,0
LatentSpace_v224,Medulla,12,9,3
LatentSpace_v224,Lingula (I),13,34,-21
LatentSpace_v224,Central lobule,30,34,-4
LatentSpace_v224,Culmen,27,34,-7
LatentSpace_v224,Declive (VI),23,28,-5
LatentSpace_v224,Folium-tuber vermis (VII),23,31,-8
LatentSpace_v224,Pyramus (VIII),23,32,-9
LatentSpace_v224,Uvula (IX),31,34,-3
LatentSpace_v224,Nodulus (X),30,35,-5
LatentSpace_v224,Simple lobule,22,29,-7
LatentSpace_v224,Crus 1,23,26,-3
LatentSpace_v224,Crus 2,23,27,-4
LatentSpace_v224,Paramedian lobule,23,33,-10
LatentSpace_v224,Copula pyramidis,23,34,-11
LatentSpace_v224,Flocculus,27,34,-7
LatentSpace_v224,Paraflocculus,24,36,-12
LatentSpace_v224,Cerebellar nuclei,31,11,20
LatentSpace_v225,Cortical subplate-other,10,15,-5
LatentSpace_v225,Claustrum,28,33,-5
LatentSpace_v225,Endopiriform nucleus,15,32,-17
LatentSpace_v225,Olfactory areas-other,15,33,-18
LatentSpace_v225,Postpiriform transition area,12,27,-15
LatentSpace_v225,Piriform area,18,34,-16
LatentSpace_v225,Taenia tecta,13,28,-15
LatentSpace_v225,Cortical amygdalar area,11,19,-8
LatentSpace_v225,Piriform-amygdalar area,12,28,-16
LatentSpace_v225,Main olfactory bulb,28,10,18
LatentSpace_v225,Accessory olfactory bulb,31,19,12
LatentSpace_v225,Anterior olfactory nucleus,10,32,-22
LatentSpace_v225,Subiculum,3,35,-32
LatentSpace_v225,Entorhinal area,10,22,-12
LatentSpace_v225,Field CA1,3,25,-22
LatentSpace_v225,Field CA2,6,14,-8
LatentSpace_v225,Field CA3,6,8,-2
LatentSpace_v225,Dentate gyrus,6,3,3
LatentSpace_v225,Anterior cingulate area,36,39,-3
LatentSpace_v225,Infralimbic area,12,26,-14
LatentSpace_v225,Retrosplenial area,26,36,-10
LatentSpace_v225,Prelimbic area,23,35,-12
LatentSpace_v225,Primary auditory area,35,38,-3
LatentSpace_v225,Dorsal auditory area,35,38,-3
LatentSpace_v225,Ventral auditory area,38,38,0
LatentSpace_v225,Agranular insular area,23,37,-14
LatentSpace_v225,Ectorhinal area,24,33,-9
LatentSpace_v225,Primary motor area,34,38,-4
LatentSpace_v225,Secondary motor area,36,38,-2
LatentSpace_v225,"Frontal pole, cerebral cortex",29,40,-11
LatentSpace_v225,Orbital area,22,35,-13
LatentSpace_v225,Posterior parietal association areas,35,38,-3
LatentSpace_v225,Perirhinal area,19,32,-13
LatentSpace_v225,Primary somatosensory area,29,35,-6
LatentSpace_v225,Supplemental somatosensory area,36,38,-2
LatentSpace_v225,Temporal association areas,32,33,-1
LatentSpace_v225,Visual areas,35,38,-3
LatentSpace_v225,Pallidum,8,6,2
LatentSpace_v225,Striatum ventral region,9,3,6
LatentSpace_v225,Lateral septal complex,9,4,5
LatentSpace_v225,Caudoputamen,3,3,0
LatentSpace_v225,Medial amygdalar nucleus,10,7,3
LatentSpace_v225,Hypothalamus,8,9,-1
LatentSpace_v225,Thalamus,6,1,5
LatentSpace_v225,Inferior colliculus,8,9,-1
LatentSpace_v225,"Superior colliculus, sensory related",8,10,-2
LatentSpace_v225,Midbrain raphe nuclei,14,12,2
LatentSpace_v225,Midbrain-other,11,10,1
LatentSpace_v225,Periaqueductal gray,12,11,1
LatentSpace_v225,Pons,10,9,1
LatentSpace_v225,Medulla,11,9,2
LatentSpace_v225,Lingula (I),13,34,-21
LatentSpace_v225,Central lobule,13,34,-21
LatentSpace_v225,Culmen,25,34,-9
LatentSpace_v225,Declive (VI),23,28,-5
LatentSpace_v225,Folium-tuber vermis (VII),23,31,-8
LatentSpace_v225,Pyramus (VIII),26,32,-6
LatentSpace_v225,Uvula (IX),19,34,-15
LatentSpace_v225,Nodulus (X),17,35,-18
LatentSpace_v225,Simple lobule,22,29,-7
LatentSpace_v225,Crus 1,22,26,-4
LatentSpace_v225,Crus 2,22,27,-5
LatentSpace_v225,Paramedian lobule,22,33,-11
LatentSpace_v225,Copula pyramidis,24,34,-10
LatentSpace_v225,Flocculus,31,34,-3
LatentSpace_v225,Paraflocculus,28,36,-8
LatentSpace_v225,Cerebellar nuclei,18,11,7
LatentSpace_v226,Cortical subplate-other,9,15,-6
LatentSpace_v226,Claustrum,29,33,-4
LatentSpace_v226,Endopiriform nucleus,11,32,-21
LatentSpace_v226,Olfactory areas-other,17,33,-16
LatentSpace_v226,Postpiriform transition area,12,27,-15
LatentSpace_v226,Piriform area,15,34,-19
LatentSpace_v226,Taenia tecta,13,28,-15
LatentSpace_v226,Cortical amygdalar area,5,19,-14
LatentSpace_v226,Piriform-amygdalar area,8,28,-20
LatentSpace_v226,Main olfactory bulb,9,10,-1
LatentSpace_v226,Accessory olfactory bulb,25,19,6
LatentSpace_v226,Anterior olfactory nucleus,17,32,-15
LatentSpace_v226,Subiculum,2,35,-33
LatentSpace_v226,Entorhinal area,13,22,-9
LatentSpace_v226,Field CA1,7,25,-18
LatentSpace_v226,Field CA2,9,14,-5
LatentSpace_v226,Field CA3,8,8,0
LatentSpace_v226,Dentate gyrus,12,3,9
LatentSpace_v226,Anterior cingulate area,35,39,-4
LatentSpace_v226,Infralimbic area,12,26,-14
LatentSpace_v226,Retrosplenial area,28,36,-8
LatentSpace_v226,Prelimbic area,32,35,-3
LatentSpace_v226,Primary auditory area,36,38,-2
LatentSpace_v226,Dorsal auditory area,35,38,-3
LatentSpace_v226,Ventral auditory area,39,38,1
LatentSpace_v226,Agranular insular area,23,37,-14
LatentSpace_v226,Ectorhinal area,25,33,-8
LatentSpace_v226,Primary motor area,35,38,-3
LatentSpace_v226,Secondary motor area,37,38,-1
LatentSpace_v226,"Frontal pole, cerebral cortex",36,40,-4
LatentSpace_v226,Orbital area,23,35,-12
LatentSpace_v226,Posterior parietal association areas,35,38,-3
LatentSpace_v226,Perirhinal area,21,32,-11
LatentSpace_v226,Primary somatosensory area,31,35,-4
LatentSpace_v226,Supplemental somatosensory area,37,38,-1
LatentSpace_v226,Temporal association areas,31,33,-2
LatentSpace_v226,Visual areas,35,38,-3
LatentSpace_v226,Pallidum,9,6,3
LatentSpace_v226,Striatum ventral region,6,3,3
LatentSpace_v226,Lateral septal complex,10,4,6
LatentSpace_v226,Caudoputamen,3,3,0
LatentSpace_v226,Medial amygdalar nucleus,10,7,3
LatentSpace_v226,Hypothalamus,9,9,0
LatentSpace_v226,Thalamus,8,1,7
LatentSpace_v226,Inferior colliculus,8,9,-1
LatentSpace_v226,"Superior colliculus, sensory related",8,10,-2
LatentSpace_v226,Midbrain raphe nuclei,16,12,4
LatentSpace_v226,Midbrain-other,12,10,2
LatentSpace_v226,Periaqueductal gray,13,11,2
LatentSpace_v226,Pons,10,9,1
LatentSpace_v226,Medulla,12,9,3
LatentSpace_v226,Lingula (I),16,34,-18
LatentSpace_v226,Central lobule,14,34,-20
LatentSpace_v226,Culmen,21,34,-13
LatentSpace_v226,Declive (VI),22,28,-6
LatentSpace_v226,Folium-tuber vermis (VII),23,31,-8
LatentSpace_v226,Pyramus (VIII),23,32,-9
LatentSpace_v226,Uvula (IX),20,34,-14
LatentSpace_v226,Nodulus (X),16,35,-19
LatentSpace_v226,Simple lobule,22,29,-7
LatentSpace_v226,Crus 1,22,26,-4
LatentSpace_v226,Crus 2,22,27,-5
LatentSpace_v226,Paramedian lobule,23,33,-10
LatentSpace_v226,Copula pyramidis,23,34,-11
LatentSpace_v226,Flocculus,24,34,-10
LatentSpace_v226,Paraflocculus,23,36,-13
LatentSpace_v226,Cerebellar nuclei,12,11,1
LatentSpace_v227,Cortical subplate-other,6,15,-9
LatentSpace_v227,Claustrum,16,33,-17
LatentSpace_v227,Endopiriform nucleus,15,32,-17
LatentSpace_v227,Olfactory areas-other,21,33,-12
LatentSpace_v227,Postpiriform transition area,8,27,-19
LatentSpace_v227,Piriform area,19,34,-15
LatentSpace_v227,Taenia tecta,11,28,-17
LatentSpace_v227,Cortical amygdalar area,4,19,-15
LatentSpace_v227,Piriform-amygdalar area,5,28,-23
LatentSpace_v227,Main olfactory bulb,7,10,-3
LatentSpace_v227,Accessory olfactory bulb,38,19,19
LatentSpace_v227,Anterior olfactory nucleus,12,32,-20
LatentSpace_v227,Subiculum,4,35,-31
LatentSpace_v227,Entorhinal area,15,22,-7
LatentSpace_v227,Field CA1,7,25,-18
LatentSpace_v227,Field CA2,10,14,-4
LatentSpace_v227,Field CA3,6,8,-2
LatentSpace_v227,Dentate gyrus,8,3,5
LatentSpace_v227,Anterior cingulate area,37,39,-2
LatentSpace_v227,Infralimbic area,19,26,-7
LatentSpace_v227,Retrosplenial area,25,36,-11
LatentSpace_v227,Prelimbic area,33,35,-2
LatentSpace_v227,Primary auditory area,38,38,0
LatentSpace_v227,Dorsal auditory area,35,38,-3
LatentSpace_v227,Ventral auditory area,35,38,-3
LatentSpace_v227,Agranular insular area,27,37,-10
LatentSpace_v227,Ectorhinal area,23,33,-10
LatentSpace_v227,Primary motor area,35,38,-3
LatentSpace_v227,Secondary motor area,36,38,-2
LatentSpace_v227,"Frontal pole, cerebral cortex",36,40,-4
LatentSpace_v227,Orbital area,29,35,-6
LatentSpace_v227,Posterior parietal association areas,35,38,-3
LatentSpace_v227,Perirhinal area,21,32,-11
LatentSpace_v227,Primary somatosensory area,26,35,-9
LatentSpace_v227,Supplemental somatosensory area,37,38,-1
LatentSpace_v227,Temporal association areas,29,33,-4
LatentSpace_v227,Visual areas,35,38,-3
LatentSpace_v227,Pallidum,7,6,1
LatentSpace_v227,Striatum ventral region,7,3,4
LatentSpace_v227,Lateral septal complex,7,4,3
LatentSpace_v227,Caudoputamen,3,3,0
LatentSpace_v227,Medial amygdalar nucleus,6,7,-1
LatentSpace_v227,Hypothalamus,4,9,-5
LatentSpace_v227,Thalamus,8,1,7
LatentSpace_v227,Inferior colliculus,6,9,-3
LatentSpace_v227,"Superior colliculus, sensory related",4,10,-6
LatentSpace_v227,Midbrain raphe nuclei,12,12,0
LatentSpace_v227,Midbrain-other,9,10,-1
LatentSpace_v227,Periaqueductal gray,10,11,-1
LatentSpace_v227,Pons,11,9,2
LatentSpace_v227,Medulla,11,9,2
LatentSpace_v227,Lingula (I),9,34,-25
LatentSpace_v227,Central lobule,8,34,-26
LatentSpace_v227,Culmen,26,34,-8
LatentSpace_v227,Declive (VI),23,28,-5
LatentSpace_v227,Folium-tuber vermis (VII),23,31,-8
LatentSpace_v227,Pyramus (VIII),23,32,-9
LatentSpace_v227,Uvula (IX),19,34,-15
LatentSpace_v227,Nodulus (X),13,35,-22
LatentSpace_v227,Simple lobule,22,29,-7
LatentSpace_v227,Crus 1,22,26,-4
LatentSpace_v227,Crus 2,23,27,-4
LatentSpace_v227,Paramedian lobule,23,33,-10
LatentSpace_v227,Copula pyramidis,23,34,-11
LatentSpace_v227,Flocculus,20,34,-14
LatentSpace_v227,Paraflocculus,25,36,-11
LatentSpace_v227,Cerebellar nuclei,33,11,22
LatentSpace_v228,Cortical subplate-other,9,15,-6
LatentSpace_v228,Claustrum,18,33,-15
LatentSpace_v228,Endopiriform nucleus,15,32,-17
LatentSpace_v228,Olfactory areas-other,15,33,-18
LatentSpace_v228,Postpiriform transition area,11,27,-16
LatentSpace_v228,Piriform area,17,34,-17
LatentSpace_v228,Taenia tecta,12,28,-16
LatentSpace_v228,Cortical amygdalar area,9,19,-10
LatentSpace_v228,Piriform-amygdalar area,12,28,-16
LatentSpace_v228,Main olfactory bulb,32,10,22
LatentSpace_v228,Accessory olfactory bulb,26,19,7
LatentSpace_v228,Anterior olfactory nucleus,10,32,-22
LatentSpace_v228,Subiculum,6,35,-29
LatentSpace_v228,Entorhinal area,9,22,-13
LatentSpace_v228,Field CA1,7,25,-18
LatentSpace_v228,Field CA2,17,14,3
LatentSpace_v228,Field CA3,6,8,-2
LatentSpace_v228,Dentate gyrus,8,3,5
LatentSpace_v228,Anterior cingulate area,34,39,-5
LatentSpace_v228,Infralimbic area,12,26,-14
LatentSpace_v228,Retrosplenial area,22,36,-14
LatentSpace_v228,Prelimbic area,29,35,-6
LatentSpace_v228,Primary auditory area,35,38,-3
LatentSpace_v228,Dorsal auditory area,35,38,-3
LatentSpace_v228,Ventral auditory area,38,38,0
LatentSpace_v228,Agranular insular area,24,37,-13
LatentSpace_v228,Ectorhinal area,23,33,-10
LatentSpace_v228,Primary motor area,35,38,-3
LatentSpace_v228,Secondary motor area,36,38,-2
LatentSpace_v228,"Frontal pole, cerebral cortex",32,40,-8
LatentSpace_v228,Orbital area,29,35,-6
LatentSpace_v228,Posterior parietal association areas,35,38,-3
LatentSpace_v228,Perirhinal area,16,32,-16
LatentSpace_v228,Primary somatosensory area,30,35,-5
LatentSpace_v228,Supplemental somatosensory area,36,38,-2
LatentSpace_v228,Temporal association areas,30,33,-3
LatentSpace_v228,Visual areas,31,38,-7
LatentSpace_v228,Pallidum,7,6,1
LatentSpace_v228,Striatum ventral region,7,3,4
LatentSpace_v228,Lateral septal complex,8,4,4
LatentSpace_v228,Caudoputamen,3,3,0
LatentSpace_v228,Medial amygdalar nucleus,10,7,3
LatentSpace_v228,Hypothalamus,7,9,-2
LatentSpace_v228,Thalamus,3,1,2
LatentSpace_v228,Inferior colliculus,7,9,-2
LatentSpace_v228,"Superior colliculus, sensory related",10,10,0
LatentSpace_v228,Midbrain raphe nuclei,13,12,1
LatentSpace_v228,Midbrain-other,14,10,4
LatentSpace_v228,Periaqueductal gray,11,11,0
LatentSpace_v228,Pons,11,9,2
LatentSpace_v228,Medulla,10,9,1
LatentSpace_v228,Lingula (I),12,34,-22
LatentSpace_v228,Central lobule,9,34,-25
LatentSpace_v228,Culmen,30,34,-4
LatentSpace_v228,Declive (VI),26,28,-2
LatentSpace_v228,Folium-tuber vermis (VII),25,31,-6
LatentSpace_v228,Pyramus (VIII),27,32,-5
LatentSpace_v228,Uvula (IX),22,34,-12
LatentSpace_v228,Nodulus (X),14,35,-21
LatentSpace_v228,Simple lobule,24,29,-5
LatentSpace_v228,Crus 1,22,26,-4
LatentSpace_v228,Crus 2,22,27,-5
LatentSpace_v228,Paramedian lobule,24,33,-9
LatentSpace_v228,Copula pyramidis,29,34,-5
LatentSpace_v228,Flocculus,13,34,-21
LatentSpace_v228,Paraflocculus,23,36,-13
LatentSpace_v228,Cerebellar nuclei,14,11,3
LatentSpace_v229,Cortical subplate-other,7,15,-8
LatentSpace_v229,Claustrum,24,33,-9
LatentSpace_v229,Endopiriform nucleus,7,32,-25
LatentSpace_v229,Olfactory areas-other,10,33,-23
LatentSpace_v229,Postpiriform transition area,6,27,-21
LatentSpace_v229,Piriform area,8,34,-26
LatentSpace_v229,Taenia tecta,12,28,-16
LatentSpace_v229,Cortical amygdalar area,3,19,-16
LatentSpace_v229,Piriform-amygdalar area,5,28,-23
LatentSpace_v229,Main olfactory bulb,23,10,13
LatentSpace_v229,Accessory olfactory bulb,31,19,12
LatentSpace_v229,Anterior olfactory nucleus,9,32,-23
LatentSpace_v229,Subiculum,3,35,-32
LatentSpace_v229,Entorhinal area,5,22,-17
LatentSpace_v229,Field CA1,6,25,-19
LatentSpace_v229,Field CA2,7,14,-7
LatentSpace_v229,Field CA3,6,8,-2
LatentSpace_v229,Dentate gyrus,9,3,6
LatentSpace_v229,Anterior cingulate area,37,39,-2
LatentSpace_v229,Infralimbic area,12,26,-14
LatentSpace_v229,Retrosplenial area,29,36,-7
LatentSpace_v229,Prelimbic area,27,35,-8
LatentSpace_v229,Primary auditory area,35,38,-3
LatentSpace_v229,Dorsal auditory area,35,38,-3
LatentSpace_v229,Ventral auditory area,37,38,-1
LatentSpace_v229,Agranular insular area,24,37,-13
LatentSpace_v229,Ectorhinal area,23,33,-10
LatentSpace_v229,Primary motor area,36,38,-2
LatentSpace_v229,Secondary motor area,37,38,-1
LatentSpace_v229,"Frontal pole, cerebral cortex",33,40,-7
LatentSpace_v229,Orbital area,26,35,-9
LatentSpace_v229,Posterior parietal association areas,35,38,-3
LatentSpace_v229,Perirhinal area,16,32,-16
LatentSpace_v229,Primary somatosensory area,31,35,-4
LatentSpace_v229,Supplemental somatosensory area,36,38,-2
LatentSpace_v229,Temporal association areas,29,33,-4
LatentSpace_v229,Visual areas,35,38,-3
LatentSpace_v229,Pallidum,11,6,5
LatentSpace_v229,Striatum ventral region,6,3,3
LatentSpace_v229,Lateral septal complex,6,4,2
LatentSpace_v229,Caudoputamen,3,3,0
LatentSpace_v229,Medial amygdalar nucleus,10,7,3
LatentSpace_v229,Hypothalamus,7,9,-2
LatentSpace_v229,Thalamus,10,1,9
LatentSpace_v229,Inferior colliculus,7,9,-2
LatentSpace_v229,"Superior colliculus, sensory related",5,10,-5
LatentSpace_v229,Midbrain raphe nuclei,14,12,2
LatentSpace_v229,Midbrain-other,11,10,1
LatentSpace_v229,Periaqueductal gray,12,11,1
LatentSpace_v229,Pons,10,9,1
LatentSpace_v229,Medulla,9,9,0
LatentSpace_v229,Lingula (I),13,34,-21
LatentSpace_v229,Central lobule,12,34,-22
LatentSpace_v229,Culmen,15,34,-19
LatentSpace_v229,Declive (VI),23,28,-5
LatentSpace_v229,Folium-tuber vermis (VII),23,31,-8
LatentSpace_v229,Pyramus (VIII),23,32,-9
LatentSpace_v229,Uvula (IX),27,34,-7
LatentSpace_v229,Nodulus (X),13,35,-22
LatentSpace_v229,Simple lobule,23,29,-6
LatentSpace_v229,Crus 1,22,26,-4
LatentSpace_v229,Crus 2,22,27,-5
LatentSpace_v229,Paramedian lobule,23,33,-10
LatentSpace_v229,Copula pyramidis,23,34,-11
LatentSpace_v229,Flocculus,26,34,-8
LatentSpace_v229,Paraflocculus,23,36,-13
LatentSpace_v229,Cerebellar nuclei,7,11,-4
LatentSpace_v230,Cortical subplate-other,8,15,-7
LatentSpace_v230,Claustrum,18,33,-15
LatentSpace_v230,Endopiriform nucleus,8,32,-24
LatentSpace_v230,Olfactory areas-other,14,33,-19
LatentSpace_v230,Postpiriform transition area,10,27,-17
LatentSpace_v230,Piriform area,8,34,-26
LatentSpace_v230,Taenia tecta,12,28,-16
LatentSpace_v230,Cortical amygdalar area,8,19,-11
LatentSpace_v230,Piriform-amygdalar area,9,28,-19
LatentSpace_v230,Main olfactory bulb,7,10,-3
LatentSpace_v230,Accessory olfactory bulb,16,19,-3
LatentSpace_v230,Anterior olfactory nucleus,14,32,-18
LatentSpace_v230,Subiculum,7,35,-28
LatentSpace_v230,Entorhinal area,9,22,-13
LatentSpace_v230,Field CA1,8,25,-17
LatentSpace_v230,Field CA2,6,14,-8
LatentSpace_v230,Field CA3,5,8,-3
LatentSpace_v230,Dentate gyrus,6,3,3
LatentSpace_v230,Anterior cingulate area,35,39,-4
LatentSpace_v230,Infralimbic area,11,26,-15
LatentSpace_v230,Retrosplenial area,28,36,-8
LatentSpace_v230,Prelimbic area,28,35,-7
LatentSpace_v230,Primary auditory area,36,38,-2
LatentSpace_v230,Dorsal auditory area,35,38,-3
LatentSpace_v230,Ventral auditory area,36,38,-2
LatentSpace_v230,Agranular insular area,25,37,-12
LatentSpace_v230,Ectorhinal area,22,33,-11
LatentSpace_v230,Primary motor area,35,38,-3
LatentSpace_v230,Secondary motor area,37,38,-1
LatentSpace_v230,"Frontal pole, cerebral cortex",34,40,-6
LatentSpace_v230,Orbital area,24,35,-11
LatentSpace_v230,Posterior parietal association areas,35,38,-3
LatentSpace_v230,Perirhinal area,15,32,-17
LatentSpace_v230,Primary somatosensory area,30,35,-5
LatentSpace_v230,Supplemental somatosensory area,36,38,-2
LatentSpace_v230,Temporal association areas,30,33,-3
LatentSpace_v230,Visual areas,35,38,-3
LatentSpace_v230,Pallidum,7,6,1
LatentSpace_v230,Striatum ventral region,8,3,5
LatentSpace_v230,Lateral septal complex,10,4,6
LatentSpace_v230,Caudoputamen,3,3,0
LatentSpace_v230,Medial amygdalar nucleus,9,7,2
LatentSpace_v230,Hypothalamus,6,9,-3
LatentSpace_v230,Thalamus,9,1,8
LatentSpace_v230,Inferior colliculus,10,9,1
LatentSpace_v230,"Superior colliculus, sensory related",6,10,-4
LatentSpace_v230,Midbrain raphe nuclei,14,12,2
LatentSpace_v230,Midbrain-other,11,10,1
LatentSpace_v230,Periaqueductal gray,11,11,0
LatentSpace_v230,Pons,10,9,1
LatentSpace_v230,Medulla,10,9,1
LatentSpace_v230,Lingula (I),12,34,-22
LatentSpace_v230,Central lobule,13,34,-21
LatentSpace_v230,Culmen,26,34,-8
LatentSpace_v230,Declive (VI),23,28,-5
LatentSpace_v230,Folium-tuber vermis (VII),23,31,-8
LatentSpace_v230,Pyramus (VIII),23,32,-9
LatentSpace_v230,Uvula (IX),16,34,-18
LatentSpace_v230,Nodulus (X),12,35,-23
LatentSpace_v230,Simple lobule,22,29,-7
LatentSpace_v230,Crus 1,22,26,-4
LatentSpace_v230,Crus 2,22,27,-5
LatentSpace_v230,Paramedian lobule,23,33,-10
LatentSpace_v230,Copula pyramidis,24,34,-10
LatentSpace_v230,Flocculus,17,34,-17
LatentSpace_v230,Paraflocculus,24,36,-12
LatentSpace_v230,Cerebellar nuclei,9,11,-2
LatentSpace_v231,Cortical subplate-other,10,15,-5
LatentSpace_v231,Claustrum,24,33,-9
LatentSpace_v231,Endopiriform nucleus,18,32,-14
LatentSpace_v231,Olfactory areas-other,17,33,-16
LatentSpace_v231,Postpiriform transition area,13,27,-14
LatentSpace_v231,Piriform area,16,34,-18
LatentSpace_v231,Taenia tecta,12,28,-16
LatentSpace_v231,Cortical amygdalar area,7,19,-12
LatentSpace_v231,Piriform-amygdalar area,9,28,-19
LatentSpace_v231,Main olfactory bulb,3,10,-7
LatentSpace_v231,Accessory olfactory bulb,27,19,8
LatentSpace_v231,Anterior olfactory nucleus,13,32,-19
LatentSpace_v231,Subiculum,3,35,-32
LatentSpace_v231,Entorhinal area,17,22,-5
LatentSpace_v231,Field CA1,7,25,-18
LatentSpace_v231,Field CA2,7,14,-7
LatentSpace_v231,Field CA3,9,8,1
LatentSpace_v231,Dentate gyrus,9,3,6
LatentSpace_v231,Anterior cingulate area,37,39,-2
LatentSpace_v231,Infralimbic area,11,26,-15
LatentSpace_v231,Retrosplenial area,24,36,-12
LatentSpace_v231,Prelimbic area,27,35,-8
LatentSpace_v231,Primary auditory area,35,38,-3
LatentSpace_v231,Dorsal auditory area,35,38,-3
LatentSpace_v231,Ventral auditory area,36,38,-2
LatentSpace_v231,Agranular insular area,23,37,-14
LatentSpace_v231,Ectorhinal area,24,33,-9
LatentSpace_v231,Primary motor area,32,38,-6
LatentSpace_v231,Secondary motor area,35,38,-3
LatentSpace_v231,"Frontal pole, cerebral cortex",36,40,-4
LatentSpace_v231,Orbital area,23,35,-12
LatentSpace_v231,Posterior parietal association areas,30,38,-8
LatentSpace_v231,Perirhinal area,20,32,-12
LatentSpace_v231,Primary somatosensory area,27,35,-8
LatentSpace_v231,Supplemental somatosensory area,36,38,-2
LatentSpace_v231,Temporal association areas,30,33,-3
LatentSpace_v231,Visual areas,31,38,-7
LatentSpace_v231,Pallidum,12,6,6
LatentSpace_v231,Striatum ventral region,8,3,5
LatentSpace_v231,Lateral septal complex,10,4,6
LatentSpace_v231,Caudoputamen,3,3,0
LatentSpace_v231,Medial amygdalar nucleus,10,7,3
LatentSpace_v231,Hypothalamus,10,9,1
LatentSpace_v231,Thalamus,10,1,9
LatentSpace_v231,Inferior colliculus,7,9,-2
LatentSpace_v231,"Superior colliculus, sensory related",5,10,-5
LatentSpace_v231,Midbrain raphe nuclei,13,12,1
LatentSpace_v231,Midbrain-other,14,10,4
LatentSpace_v231,Periaqueductal gray,12,11,1
LatentSpace_v231,Pons,12,9,3
LatentSpace_v231,Medulla,10,9,1
LatentSpace_v231,Lingula (I),13,34,-21
LatentSpace_v231,Central lobule,13,34,-21
LatentSpace_v231,Culmen,27,34,-7
LatentSpace_v231,Declive (VI),23,28,-5
LatentSpace_v231,Folium-tuber vermis (VII),23,31,-8
LatentSpace_v231,Pyramus (VIII),27,32,-5
LatentSpace_v231,Uvula (IX),22,34,-12
LatentSpace_v231,Nodulus (X),13,35,-22
LatentSpace_v231,Simple lobule,23,29,-6
LatentSpace_v231,Crus 1,23,26,-3
LatentSpace_v231,Crus 2,23,27,-4
LatentSpace_v231,Paramedian lobule,23,33,-10
LatentSpace_v231,Copula pyramidis,28,34,-6
LatentSpace_v231,Flocculus,14,34,-20
LatentSpace_v231,Paraflocculus,31,36,-5
LatentSpace_v231,Cerebellar nuclei,14,11,3
LatentSpace_v232,Cortical subplate-other,10,15,-5
LatentSpace_v232,Claustrum,26,33,-7
LatentSpace_v232,Endopiriform nucleus,11,32,-21
LatentSpace_v232,Olfactory areas-other,11,33,-22
LatentSpace_v232,Postpiriform transition area,8,27,-19
LatentSpace_v232,Piriform area,16,34,-18
LatentSpace_v232,Taenia tecta,14,28,-14
LatentSpace_v232,Cortical amygdalar area,5,19,-14
LatentSpace_v232,Piriform-amygdalar area,6,28,-22
LatentSpace_v232,Main olfactory bulb,35,10,25
LatentSpace_v232,Accessory olfactory bulb,42,19,23
LatentSpace_v232,Anterior olfactory nucleus,4,32,-28
LatentSpace_v232,Subiculum,4,35,-31
LatentSpace_v232,Entorhinal area,11,22,-11
LatentSpace_v232,Field CA1,9,25,-16
LatentSpace_v232,Field CA2,20,14,6
LatentSpace_v232,Field CA3,7,8,-1
LatentSpace_v232,Dentate gyrus,7,3,4
LatentSpace_v232,Anterior cingulate area,36,39,-3
LatentSpace_v232,Infralimbic area,12,26,-14
LatentSpace_v232,Retrosplenial area,30,36,-6
LatentSpace_v232,Prelimbic area,31,35,-4
LatentSpace_v232,Primary auditory area,38,38,0
LatentSpace_v232,Dorsal auditory area,35,38,-3
LatentSpace_v232,Ventral auditory area,38,38,0
LatentSpace_v232,Agranular insular area,23,37,-14
LatentSpace_v232,Ectorhinal area,24,33,-9
LatentSpace_v232,Primary motor area,35,38,-3
LatentSpace_v232,Secondary motor area,37,38,-1
LatentSpace_v232,"Frontal pole, cerebral cortex",38,40,-2
LatentSpace_v232,Orbital area,28,35,-7
LatentSpace_v232,Posterior parietal association areas,35,38,-3
LatentSpace_v232,Perirhinal area,22,32,-10
LatentSpace_v232,Primary somatosensory area,33,35,-2
LatentSpace_v232,Supplemental somatosensory area,37,38,-1
LatentSpace_v232,Temporal association areas,32,33,-1
LatentSpace_v232,Visual areas,35,38,-3
LatentSpace_v232,Pallidum,7,6,1
LatentSpace_v232,Striatum ventral region,6,3,3
LatentSpace_v232,Lateral septal complex,9,4,5
LatentSpace_v232,Caudoputamen,3,3,0
LatentSpace_v232,Medial amygdalar nucleus,10,7,3
LatentSpace_v232,Hypothalamus,7,9,-2
LatentSpace_v232,Thalamus,9,1,8
LatentSpace_v232,Inferior colliculus,8,9,-1
LatentSpace_v232,"Superior colliculus, sensory related",10,10,0
LatentSpace_v232,Midbrain raphe nuclei,14,12,2
LatentSpace_v232,Midbrain-other,13,10,3
LatentSpace_v232,Periaqueductal gray,14,11,3
LatentSpace_v232,Pons,11,9,2
LatentSpace_v232,Medulla,12,9,3
LatentSpace_v232,Lingula (I),13,34,-21
LatentSpace_v232,Central lobule,12,34,-22
LatentSpace_v232,Culmen,23,34,-11
LatentSpace_v232,Declive (VI),23,28,-5
LatentSpace_v232,Folium-tuber vermis (VII),23,31,-8
LatentSpace_v232,Pyramus (VIII),23,32,-9
LatentSpace_v232,Uvula (IX),30,34,-4
LatentSpace_v232,Nodulus (X),19,35,-16
LatentSpace_v232,Simple lobule,23,29,-6
LatentSpace_v232,Crus 1,21,26,-5
LatentSpace_v232,Crus 2,21,27,-6
LatentSpace_v232,Paramedian lobule,23,33,-10
LatentSpace_v232,Copula pyramidis,23,34,-11
LatentSpace_v232,Flocculus,20,34,-14
LatentSpace_v232,Paraflocculus,24,36,-12
LatentSpace_v232,Cerebellar nuclei,13,11,2
LatentSpace_v233,Cortical subplate-other,10,15,-5
LatentSpace_v233,Claustrum,21,33,-12
LatentSpace_v233,Endopiriform nucleus,15,32,-17
LatentSpace_v233,Olfactory areas-other,21,33,-12
LatentSpace_v233,Postpiriform transition area,8,27,-19
LatentSpace_v233,Piriform area,19,34,-15
LatentSpace_v233,Taenia tecta,12,28,-16
LatentSpace_v233,Cortical amygdalar area,6,19,-13
LatentSpace_v233,Piriform-amygdalar area,5,28,-23
LatentSpace_v233,Main olfactory bulb,23,10,13
LatentSpace_v233,Accessory olfactory bulb,35,19,16
LatentSpace_v233,Anterior olfactory nucleus,20,32,-12
LatentSpace_v233,Subiculum,7,35,-28
LatentSpace_v233,Entorhinal area,16,22,-6
LatentSpace_v233,Field CA1,10,25,-15
LatentSpace_v233,Field CA2,11,14,-3
LatentSpace_v233,Field CA3,8,8,0
LatentSpace_v233,Dentate gyrus,9,3,6
LatentSpace_v233,Anterior cingulate area,36,39,-3
LatentSpace_v233,Infralimbic area,11,26,-15
LatentSpace_v233,Retrosplenial area,30,36,-6
LatentSpace_v233,Prelimbic area,31,35,-4
LatentSpace_v233,Primary auditory area,37,38,-1
LatentSpace_v233,Dorsal auditory area,35,38,-3
LatentSpace_v233,Ventral auditory area,38,38,0
LatentSpace_v233,Agranular insular area,24,37,-13
LatentSpace_v233,Ectorhinal area,24,33,-9
LatentSpace_v233,Primary motor area,35,38,-3
LatentSpace_v233,Secondary motor area,36,38,-2
LatentSpace_v233,"Frontal pole, cerebral cortex",36,40,-4
LatentSpace_v233,Orbital area,27,35,-8
LatentSpace_v233,Posterior parietal association areas,35,38,-3
LatentSpace_v233,Perirhinal area,18,32,-14
LatentSpace_v233,Primary somatosensory area,24,35,-11
LatentSpace_v233,Supplemental somatosensory area,37,38,-1
LatentSpace_v233,Temporal association areas,30,33,-3
LatentSpace_v233,Visual areas,35,38,-3
LatentSpace_v233,Pallidum,7,6,1
LatentSpace_v233,Striatum ventral region,7,3,4
LatentSpace_v233,Lateral septal complex,11,4,7
LatentSpace_v233,Caudoputamen,3,3,0
LatentSpace_v233,Medial amygdalar nucleus,8,7,1
LatentSpace_v233,Hypothalamus,7,9,-2
LatentSpace_v233,Thalamus,4,1,3
LatentSpace_v233,Inferior colliculus,10,9,1
LatentSpace_v233,"Superior colliculus, sensory related",11,10,1
LatentSpace_v233,Midbrain raphe nuclei,15,12,3
LatentSpace_v233,Midbrain-other,14,10,4
LatentSpace_v233,Periaqueductal gray,12,11,1
LatentSpace_v233,Pons,10,9,1
LatentSpace_v233,Medulla,9,9,0
LatentSpace_v233,Lingula (I),23,34,-11
LatentSpace_v233,Central lobule,33,34,-1
LatentSpace_v233,Culmen,28,34,-6
LatentSpace_v233,Declive (VI),23,28,-5
LatentSpace_v233,Folium-tuber vermis (VII),23,31,-8
LatentSpace_v233,Pyramus (VIII),23,32,-9
LatentSpace_v233,Uvula (IX),15,34,-19
LatentSpace_v233,Nodulus (X),14,35,-21
LatentSpace_v233,Simple lobule,23,29,-6
LatentSpace_v233,Crus 1,23,26,-3
LatentSpace_v233,Crus 2,23,27,-4
LatentSpace_v233,Paramedian lobule,23,33,-10
LatentSpace_v233,Copula pyramidis,23,34,-11
LatentSpace_v233,Flocculus,16,34,-18
LatentSpace_v233,Paraflocculus,23,36,-13
LatentSpace_v233,Cerebellar nuclei,13,11,2
LatentSpace_v234,Cortical subplate-other,10,15,-5
LatentSpace_v234,Claustrum,16,33,-17
LatentSpace_v234,Endopiriform nucleus,12,32,-20
LatentSpace_v234,Olfactory areas-other,9,33,-24
LatentSpace_v234,Postpiriform transition area,14,27,-13
LatentSpace_v234,Piriform area,14,34,-20
LatentSpace_v234,Taenia tecta,14,28,-14
LatentSpace_v234,Cortical amygdalar area,7,19,-12
LatentSpace_v234,Piriform-amygdalar area,7,28,-21
LatentSpace_v234,Main olfactory bulb,4,10,-6
LatentSpace_v234,Accessory olfactory bulb,28,19,9
LatentSpace_v234,Anterior olfactory nucleus,7,32,-25
LatentSpace_v234,Subiculum,6,35,-29
LatentSpace_v234,Entorhinal area,12,22,-10
LatentSpace_v234,Field CA1,10,25,-15
LatentSpace_v234,Field CA2,9,14,-5
LatentSpace_v234,Field CA3,6,8,-2
LatentSpace_v234,Dentate gyrus,8,3,5
LatentSpace_v234,Anterior cingulate area,33,39,-6
LatentSpace_v234,Infralimbic area,12,26,-14
LatentSpace_v234,Retrosplenial area,25,36,-11
LatentSpace_v234,Prelimbic area,26,35,-9
LatentSpace_v234,Primary auditory area,36,38,-2
LatentSpace_v234,Dorsal auditory area,35,38,-3
LatentSpace_v234,Ventral auditory area,37,38,-1
LatentSpace_v234,Agranular insular area,23,37,-14
LatentSpace_v234,Ectorhinal area,18,33,-15
LatentSpace_v234,Primary motor area,32,38,-6
LatentSpace_v234,Secondary motor area,35,38,-3
LatentSpace_v234,"Frontal pole, cerebral cortex",32,40,-8
LatentSpace_v234,Orbital area,26,35,-9
LatentSpace_v234,Posterior parietal association areas,32,38,-6
LatentSpace_v234,Perirhinal area,14,32,-18
LatentSpace_v234,Primary somatosensory area,28,35,-7
LatentSpace_v234,Supplemental somatosensory area,36,38,-2
LatentSpace_v234,Temporal association areas,27,33,-6
LatentSpace_v234,Visual areas,31,38,-7
LatentSpace_v234,Pallidum,7,6,1
LatentSpace_v234,Striatum ventral region,7,3,4
LatentSpace_v234,Lateral septal complex,8,4,4
LatentSpace_v234,Caudoputamen,3,3,0
LatentSpace_v234,Medial amygdalar nucleus,8,7,1
LatentSpace_v234,Hypothalamus,6,9,-3
LatentSpace_v234,Thalamus,2,1,1
LatentSpace_v234,Inferior colliculus,10,9,1
LatentSpace_v234,"Superior colliculus, sensory related",6,10,-4
LatentSpace_v234,Midbrain raphe nuclei,14,12,2
LatentSpace_v234,Midbrain-other,12,10,2
LatentSpace_v234,Periaqueductal gray,12,11,1
LatentSpace_v234,Pons,12,9,3
LatentSpace_v234,Medulla,11,9,2
LatentSpace_v234,Lingula (I),13,34,-21
LatentSpace_v234,Central lobule,10,34,-24
LatentSpace_v234,Culmen,30,34,-4
LatentSpace_v234,Declive (VI),23,28,-5
LatentSpace_v234,Folium-tuber vermis (VII),23,31,-8
LatentSpace_v234,Pyramus (VIII),23,32,-9
LatentSpace_v234,Uvula (IX),17,34,-17
LatentSpace_v234,Nodulus (X),16,35,-19
LatentSpace_v234,Simple lobule,23,29,-6
LatentSpace_v234,Crus 1,23,26,-3
LatentSpace_v234,Crus 2,22,27,-5
LatentSpace_v234,Paramedian lobule,23,33,-10
LatentSpace_v234,Copula pyramidis,23,34,-11
LatentSpace_v234,Flocculus,27,34,-7
LatentSpace_v234,Paraflocculus,23,36,-13
LatentSpace_v234,Cerebellar nuclei,12,11,1
LatentSpace_v235,Cortical subplate-other,13,15,-2
LatentSpace_v235,Claustrum,13,33,-20
LatentSpace_v235,Endopiriform nucleus,15,32,-17
LatentSpace_v235,Olfactory areas-other,14,33,-19
LatentSpace_v235,Postpiriform transition area,12,27,-15
LatentSpace_v235,Piriform area,20,34,-14
LatentSpace_v235,Taenia tecta,9,28,-19
LatentSpace_v235,Cortical amygdalar area,12,19,-7
LatentSpace_v235,Piriform-amygdalar area,11,28,-17
LatentSpace_v235,Main olfactory bulb,11,10,1
LatentSpace_v235,Accessory olfactory bulb,28,19,9
LatentSpace_v235,Anterior olfactory nucleus,9,32,-23
LatentSpace_v235,Subiculum,4,35,-31
LatentSpace_v235,Entorhinal area,17,22,-5
LatentSpace_v235,Field CA1,8,25,-17
LatentSpace_v235,Field CA2,12,14,-2
LatentSpace_v235,Field CA3,7,8,-1
LatentSpace_v235,Dentate gyrus,9,3,6
LatentSpace_v235,Anterior cingulate area,38,39,-1
LatentSpace_v235,Infralimbic area,10,26,-16
LatentSpace_v235,Retrosplenial area,26,36,-10
LatentSpace_v235,Prelimbic area,31,35,-4
LatentSpace_v235,Primary auditory area,38,38,0
LatentSpace_v235,Dorsal auditory area,36,38,-2
LatentSpace_v235,Ventral auditory area,35,38,-3
LatentSpace_v235,Agranular insular area,26,37,-11
LatentSpace_v235,Ectorhinal area,24,33,-9
LatentSpace_v235,Primary motor area,35,38,-3
LatentSpace_v235,Secondary motor area,36,38,-2
LatentSpace_v235,"Frontal pole, cerebral cortex",37,40,-3
LatentSpace_v235,Orbital area,26,35,-9
LatentSpace_v235,Posterior parietal association areas,35,38,-3
LatentSpace_v235,Perirhinal area,22,32,-10
LatentSpace_v235,Primary somatosensory area,31,35,-4
LatentSpace_v235,Supplemental somatosensory area,38,38,0
LatentSpace_v235,Temporal association areas,27,33,-6
LatentSpace_v235,Visual areas,35,38,-3
LatentSpace_v235,Pallidum,7,6,1
LatentSpace_v235,Striatum ventral region,7,3,4
LatentSpace_v235,Lateral septal complex,8,4,4
LatentSpace_v235,Caudoputamen,3,3,0
LatentSpace_v235,Medial amygdalar nucleus,14,7,7
LatentSpace_v235,Hypothalamus,14,9,5
LatentSpace_v235,Thalamus,10,1,9
LatentSpace_v235,Inferior colliculus,6,9,-3
LatentSpace_v235,"Superior colliculus, sensory related",7,10,-3
LatentSpace_v235,Midbrain raphe nuclei,15,12,3
LatentSpace_v235,Midbrain-other,14,10,4
LatentSpace_v235,Periaqueductal gray,13,11,2
LatentSpace_v235,Pons,12,9,3
LatentSpace_v235,Medulla,7,9,-2
LatentSpace_v235,Lingula (I),16,34,-18
LatentSpace_v235,Central lobule,14,34,-20
LatentSpace_v235,Culmen,20,34,-14
LatentSpace_v235,Declive (VI),23,28,-5
LatentSpace_v235,Folium-tuber vermis (VII),23,31,-8
LatentSpace_v235,Pyramus (VIII),23,32,-9
LatentSpace_v235,Uvula (IX),20,34,-14
LatentSpace_v235,Nodulus (X),14,35,-21
LatentSpace_v235,Simple lobule,23,29,-6
LatentSpace_v235,Crus 1,22,26,-4
LatentSpace_v235,Crus 2,22,27,-5
LatentSpace_v235,Paramedian lobule,22,33,-11
LatentSpace_v235,Copula pyramidis,23,34,-11
LatentSpace_v235,Flocculus,25,34,-9
LatentSpace_v235,Paraflocculus,27,36,-9
LatentSpace_v235,Cerebellar nuclei,13,11,2
LatentSpace_v236,Cortical subplate-other,12,15,-3
LatentSpace_v236,Claustrum,25,33,-8
LatentSpace_v236,Endopiriform nucleus,20,32,-12
LatentSpace_v236,Olfactory areas-other,17,33,-16
LatentSpace_v236,Postpiriform transition area,12,27,-15
LatentSpace_v236,Piriform area,19,34,-15
LatentSpace_v236,Taenia tecta,13,28,-15
LatentSpace_v236,Cortical amygdalar area,11,19,-8
LatentSpace_v236,Piriform-amygdalar area,13,28,-15
LatentSpace_v236,Main olfactory bulb,23,10,13
LatentSpace_v236,Accessory olfactory bulb,36,19,17
LatentSpace_v236,Anterior olfactory nucleus,18,32,-14
LatentSpace_v236,Subiculum,3,35,-32
LatentSpace_v236,Entorhinal area,13,22,-9
LatentSpace_v236,Field CA1,7,25,-18
LatentSpace_v236,Field CA2,7,14,-7
LatentSpace_v236,Field CA3,5,8,-3
LatentSpace_v236,Dentate gyrus,5,3,2
LatentSpace_v236,Anterior cingulate area,34,39,-5
LatentSpace_v236,Infralimbic area,12,26,-14
LatentSpace_v236,Retrosplenial area,24,36,-12
LatentSpace_v236,Prelimbic area,23,35,-12
LatentSpace_v236,Primary auditory area,32,38,-6
LatentSpace_v236,Dorsal auditory area,29,38,-9
LatentSpace_v236,Ventral auditory area,34,38,-4
LatentSpace_v236,Agranular insular area,23,37,-14
LatentSpace_v236,Ectorhinal area,23,33,-10
LatentSpace_v236,Primary motor area,35,38,-3
LatentSpace_v236,Secondary motor area,35,38,-3
LatentSpace_v236,"Frontal pole, cerebral cortex",30,40,-10
LatentSpace_v236,Orbital area,23,35,-12
LatentSpace_v236,Posterior parietal association areas,34,38,-4
LatentSpace_v236,Perirhinal area,16,32,-16
LatentSpace_v236,Primary somatosensory area,30,35,-5
LatentSpace_v236,Supplemental somatosensory area,36,38,-2
LatentSpace_v236,Temporal association areas,33,33,0
LatentSpace_v236,Visual areas,31,38,-7
LatentSpace_v236,Pallidum,10,6,4
LatentSpace_v236,Striatum ventral region,10,3,7
LatentSpace_v236,Lateral septal complex,10,4,6
LatentSpace_v236,Caudoputamen,3,3,0
LatentSpace_v236,Medial amygdalar nucleus,11,7,4
LatentSpace_v236,Hypothalamus,10,9,1
LatentSpace_v236,Thalamus,10,1,9
LatentSpace_v236,Inferior colliculus,9,9,0
LatentSpace_v236,"Superior colliculus, sensory related",11,10,1
LatentSpace_v236,Midbrain raphe nuclei,14,12,2
LatentSpace_v236,Midbrain-other,13,10,3
LatentSpace_v236,Periaqueductal gray,13,11,2
LatentSpace_v236,Pons,11,9,2
LatentSpace_v236,Medulla,14,9,5
LatentSpace_v236,Lingula (I),17,34,-17
LatentSpace_v236,Central lobule,31,34,-3
LatentSpace_v236,Culmen,30,34,-4
LatentSpace_v236,Declive (VI),23,28,-5
LatentSpace_v236,Folium-tuber vermis (VII),23,31,-8
LatentSpace_v236,Pyramus (VIII),23,32,-9
LatentSpace_v236,Uvula (IX),11,34,-23
LatentSpace_v236,Nodulus (X),12,35,-23
LatentSpace_v236,Simple lobule,23,29,-6
LatentSpace_v236,Crus 1,22,26,-4
LatentSpace_v236,Crus 2,22,27,-5
LatentSpace_v236,Paramedian lobule,23,33,-10
LatentSpace_v236,Copula pyramidis,23,34,-11
LatentSpace_v236,Flocculus,21,34,-13
LatentSpace_v236,Paraflocculus,25,36,-11
LatentSpace_v236,Cerebellar nuclei,19,11,8
LatentSpace_v237,Cortical subplate-other,10,15,-5
LatentSpace_v237,Claustrum,15,33,-18
LatentSpace_v237,Endopiriform nucleus,8,32,-24
LatentSpace_v237,Olfactory areas-other,14,33,-19
LatentSpace_v237,Postpiriform transition area,8,27,-19
LatentSpace_v237,Piriform area,9,34,-25
LatentSpace_v237,Taenia tecta,12,28,-16
LatentSpace_v237,Cortical amygdalar area,8,19,-11
LatentSpace_v237,Piriform-amygdalar area,5,28,-23
LatentSpace_v237,Main olfactory bulb,8,10,-2
LatentSpace_v237,Accessory olfactory bulb,36,19,17
LatentSpace_v237,Anterior olfactory nucleus,13,32,-19
LatentSpace_v237,Subiculum,6,35,-29
LatentSpace_v237,Entorhinal area,8,22,-14
LatentSpace_v237,Field CA1,9,25,-16
LatentSpace_v237,Field CA2,9,14,-5
LatentSpace_v237,Field CA3,6,8,-2
LatentSpace_v237,Dentate gyrus,7,3,4
LatentSpace_v237,Anterior cingulate area,33,39,-6
LatentSpace_v237,Infralimbic area,11,26,-15
LatentSpace_v237,Retrosplenial area,23,36,-13
LatentSpace_v237,Prelimbic area,29,35,-6
LatentSpace_v237,Primary auditory area,35,38,-3
LatentSpace_v237,Dorsal auditory area,35,38,-3
LatentSpace_v237,Ventral auditory area,35,38,-3
LatentSpace_v237,Agranular insular area,24,37,-13
LatentSpace_v237,Ectorhinal area,18,33,-15
LatentSpace_v237,Primary motor area,35,38,-3
LatentSpace_v237,Secondary motor area,35,38,-3
LatentSpace_v237,"Frontal pole, cerebral cortex",29,40,-11
LatentSpace_v237,Orbital area,20,35,-15
LatentSpace_v237,Posterior parietal association areas,31,38,-7
LatentSpace_v237,Perirhinal area,9,32,-23
LatentSpace_v237,Primary somatosensory area,31,35,-4
LatentSpace_v237,Supplemental somatosensory area,36,38,-2
LatentSpace_v237,Temporal association areas,29,33,-4
LatentSpace_v237,Visual areas,30,38,-8
LatentSpace_v237,Pallidum,10,6,4
LatentSpace_v237,Striatum ventral region,8,3,5
LatentSpace_v237,Lateral septal complex,14,4,10
LatentSpace_v237,Caudoputamen,3,3,0
LatentSpace_v237,Medial amygdalar nucleus,10,7,3
LatentSpace_v237,Hypothalamus,11,9,2
LatentSpace_v237,Thalamus,3,1,2
LatentSpace_v237,Inferior colliculus,5,9,-4
LatentSpace_v237,"Superior colliculus, sensory related",7,10,-3
LatentSpace_v237,Midbrain raphe nuclei,14,12,2
LatentSpace_v237,Midbrain-other,13,10,3
LatentSpace_v237,Periaqueductal gray,12,11,1
LatentSpace_v237,Pons,12,9,3
LatentSpace_v237,Medulla,12,9,3
LatentSpace_v237,Lingula (I),13,34,-21
LatentSpace_v237,Central lobule,13,34,-21
LatentSpace_v237,Culmen,30,34,-4
LatentSpace_v237,Declive (VI),23,28,-5
LatentSpace_v237,Folium-tuber vermis (VII),23,31,-8
LatentSpace_v237,Pyramus (VIII),27,32,-5
LatentSpace_v237,Uvula (IX),25,34,-9
LatentSpace_v237,Nodulus (X),13,35,-22
LatentSpace_v237,Simple lobule,22,29,-7
LatentSpace_v237,Crus 1,22,26,-4
LatentSpace_v237,Crus 2,23,27,-4
LatentSpace_v237,Paramedian lobule,24,33,-9
LatentSpace_v237,Copula pyramidis,31,34,-3
LatentSpace_v237,Flocculus,24,34,-10
LatentSpace_v237,Paraflocculus,31,36,-5
LatentSpace_v237,Cerebellar nuclei,12,11,1
LatentSpace_v238,Cortical subplate-other,12,15,-3
LatentSpace_v238,Claustrum,26,33,-7
LatentSpace_v238,Endopiriform nucleus,16,32,-16
LatentSpace_v238,Olfactory areas-other,23,33,-10
LatentSpace_v238,Postpiriform transition area,12,27,-15
LatentSpace_v238,Piriform area,26,34,-8
LatentSpace_v238,Taenia tecta,11,28,-17
LatentSpace_v238,Cortical amygdalar area,11,19,-8
LatentSpace_v238,Piriform-amygdalar area,13,28,-15
LatentSpace_v238,Main olfactory bulb,13,10,3
LatentSpace_v238,Accessory olfactory bulb,38,19,19
LatentSpace_v238,Anterior olfactory nucleus,19,32,-13
LatentSpace_v238,Subiculum,4,35,-31
LatentSpace_v238,Entorhinal area,17,22,-5
LatentSpace_v238,Field CA1,9,25,-16
LatentSpace_v238,Field CA2,8,14,-6
LatentSpace_v238,Field CA3,6,8,-2
LatentSpace_v238,Dentate gyrus,6,3,3
LatentSpace_v238,Anterior cingulate area,37,39,-2
LatentSpace_v238,Infralimbic area,11,26,-15
LatentSpace_v238,Retrosplenial area,25,36,-11
LatentSpace_v238,Prelimbic area,30,35,-5
LatentSpace_v238,Primary auditory area,38,38,0
LatentSpace_v238,Dorsal auditory area,36,38,-2
LatentSpace_v238,Ventral auditory area,39,38,1
LatentSpace_v238,Agranular insular area,32,37,-5
LatentSpace_v238,Ectorhinal area,27,33,-6
LatentSpace_v238,Primary motor area,36,38,-2
LatentSpace_v238,Secondary motor area,39,38,1
LatentSpace_v238,"Frontal pole, cerebral cortex",36,40,-4
LatentSpace_v238,Orbital area,31,35,-4
LatentSpace_v238,Posterior parietal association areas,35,38,-3
LatentSpace_v238,Perirhinal area,24,32,-8
LatentSpace_v238,Primary somatosensory area,34,35,-1
LatentSpace_v238,Supplemental somatosensory area,37,38,-1
LatentSpace_v238,Temporal association areas,31,33,-2
LatentSpace_v238,Visual areas,35,38,-3
LatentSpace_v238,Pallidum,12,6,6
LatentSpace_v238,Striatum ventral region,8,3,5
LatentSpace_v238,Lateral septal complex,12,4,8
LatentSpace_v238,Caudoputamen,3,3,0
LatentSpace_v238,Medial amygdalar nucleus,13,7,6
LatentSpace_v238,Hypothalamus,15,9,6
LatentSpace_v238,Thalamus,9,1,8
LatentSpace_v238,Inferior colliculus,7,9,-2
LatentSpace_v238,"Superior colliculus, sensory related",6,10,-4
LatentSpace_v238,Midbrain raphe nuclei,14,12,2
LatentSpace_v238,Midbrain-other,12,10,2
LatentSpace_v238,Periaqueductal gray,13,11,2
LatentSpace_v238,Pons,12,9,3
LatentSpace_v238,Medulla,12,9,3
LatentSpace_v238,Lingula (I),15,34,-19
LatentSpace_v238,Central lobule,27,34,-7
LatentSpace_v238,Culmen,26,34,-8
LatentSpace_v238,Declive (VI),23,28,-5
LatentSpace_v238,Folium-tuber vermis (VII),23,31,-8
LatentSpace_v238,Pyramus (VIII),28,32,-4
LatentSpace_v238,Uvula (IX),22,34,-12
LatentSpace_v238,Nodulus (X),15,35,-20
LatentSpace_v238,Simple lobule,22,29,-7
LatentSpace_v238,Crus 1,22,26,-4
LatentSpace_v238,Crus 2,23,27,-4
LatentSpace_v238,Paramedian lobule,24,33,-9
LatentSpace_v238,Copula pyramidis,30,34,-4
LatentSpace_v238,Flocculus,27,34,-7
LatentSpace_v238,Paraflocculus,29,36,-7
LatentSpace_v238,Cerebellar nuclei,16,11,5
LatentSpace_v239,Cortical subplate-other,7,15,-8
LatentSpace_v239,Claustrum,22,33,-11
LatentSpace_v239,Endopiriform nucleus,10,32,-22
LatentSpace_v239,Olfactory areas-other,5,33,-28
LatentSpace_v239,Postpiriform transition area,8,27,-19
LatentSpace_v239,Piriform area,10,34,-24
LatentSpace_v239,Taenia tecta,8,28,-20
LatentSpace_v239,Cortical amygdalar area,5,19,-14
LatentSpace_v239,Piriform-amygdalar area,6,28,-22
LatentSpace_v239,Main olfactory bulb,7,10,-3
LatentSpace_v239,Accessory olfactory bulb,38,19,19
LatentSpace_v239,Anterior olfactory nucleus,6,32,-26
LatentSpace_v239,Subiculum,4,35,-31
LatentSpace_v239,Entorhinal area,13,22,-9
LatentSpace_v239,Field CA1,7,25,-18
LatentSpace_v239,Field CA2,6,14,-8
LatentSpace_v239,Field CA3,6,8,-2
LatentSpace_v239,Dentate gyrus,7,3,4
LatentSpace_v239,Anterior cingulate area,35,39,-4
LatentSpace_v239,Infralimbic area,12,26,-14
LatentSpace_v239,Retrosplenial area,23,36,-13
LatentSpace_v239,Prelimbic area,28,35,-7
LatentSpace_v239,Primary auditory area,37,38,-1
LatentSpace_v239,Dorsal auditory area,35,38,-3
LatentSpace_v239,Ventral auditory area,35,38,-3
LatentSpace_v239,Agranular insular area,23,37,-14
LatentSpace_v239,Ectorhinal area,22,33,-11
LatentSpace_v239,Primary motor area,35,38,-3
LatentSpace_v239,Secondary motor area,35,38,-3
LatentSpace_v239,"Frontal pole, cerebral cortex",34,40,-6
LatentSpace_v239,Orbital area,23,35,-12
LatentSpace_v239,Posterior parietal association areas,32,38,-6
LatentSpace_v239,Perirhinal area,15,32,-17
LatentSpace_v239,Primary somatosensory area,32,35,-3
LatentSpace_v239,Supplemental somatosensory area,37,38,-1
LatentSpace_v239,Temporal association areas,26,33,-7
LatentSpace_v239,Visual areas,34,38,-4
LatentSpace_v239,Pallidum,8,6,2
LatentSpace_v239,Striatum ventral region,7,3,4
LatentSpace_v239,Lateral septal complex,7,4,3
LatentSpace_v239,Caudoputamen,3,3,0
LatentSpace_v239,Medial amygdalar nucleus,8,7,1
LatentSpace_v239,Hypothalamus,6,9,-3
LatentSpace_v239,Thalamus,2,1,1
LatentSpace_v239,Inferior colliculus,7,9,-2
LatentSpace_v239,"Superior colliculus, sensory related",4,10,-6
LatentSpace_v239,Midbrain raphe nuclei,13,12,1
LatentSpace_v239,Midbrain-other,9,10,-1
LatentSpace_v239,Periaqueductal gray,9,11,-2
LatentSpace_v239,Pons,8,9,-1
LatentSpace_v239,Medulla,9,9,0
LatentSpace_v239,Lingula (I),9,34,-25
LatentSpace_v239,Central lobule,10,34,-24
LatentSpace_v239,Culmen,28,34,-6
LatentSpace_v239,Declive (VI),23,28,-5
LatentSpace_v239,Folium-tuber vermis (VII),23,31,-8
LatentSpace_v239,Pyramus (VIII),28,32,-4
LatentSpace_v239,Uvula (IX),16,34,-18
LatentSpace_v239,Nodulus (X),11,35,-24
LatentSpace_v239,Simple lobule,24,29,-5
LatentSpace_v239,Crus 1,23,26,-3
LatentSpace_v239,Crus 2,23,27,-4
LatentSpace_v239,Paramedian lobule,25,33,-8
LatentSpace_v239,Copula pyramidis,27,34,-7
LatentSpace_v239,Flocculus,19,34,-15
LatentSpace_v239,Paraflocculus,24,36,-12
LatentSpace_v239,Cerebellar nuclei,11,11,0
LatentSpace_v240,Cortical subplate-other,11,15,-4
LatentSpace_v240,Claustrum,22,33,-11
LatentSpace_v240,Endopiriform nucleus,10,32,-22
LatentSpace_v240,Olfactory areas-other,8,33,-25
LatentSpace_v240,Postpiriform transition area,6,27,-21
LatentSpace_v240,Piriform area,9,34,-25
LatentSpace_v240,Taenia tecta,13,28,-15
LatentSpace_v240,Cortical amygdalar area,6,19,-13
LatentSpace_v240,Piriform-amygdalar area,6,28,-22
LatentSpace_v240,Main olfactory bulb,21,10,11
LatentSpace_v240,Accessory olfactory bulb,28,19,9
LatentSpace_v240,Anterior olfactory nucleus,6,32,-26
LatentSpace_v240,Subiculum,10,35,-25
LatentSpace_v240,Entorhinal area,6,22,-16
LatentSpace_v240,Field CA1,8,25,-17
LatentSpace_v240,Field CA2,8,14,-6
LatentSpace_v240,Field CA3,8,8,0
LatentSpace_v240,Dentate gyrus,7,3,4
LatentSpace_v240,Anterior cingulate area,29,39,-10
LatentSpace_v240,Infralimbic area,13,26,-13
LatentSpace_v240,Retrosplenial area,25,36,-11
LatentSpace_v240,Prelimbic area,22,35,-13
LatentSpace_v240,Primary auditory area,35,38,-3
LatentSpace_v240,Dorsal auditory area,35,38,-3
LatentSpace_v240,Ventral auditory area,38,38,0
LatentSpace_v240,Agranular insular area,21,37,-16
LatentSpace_v240,Ectorhinal area,22,33,-11
LatentSpace_v240,Primary motor area,35,38,-3
LatentSpace_v240,Secondary motor area,33,38,-5
LatentSpace_v240,"Frontal pole, cerebral cortex",26,40,-14
LatentSpace_v240,Orbital area,19,35,-16
LatentSpace_v240,Posterior parietal association areas,35,38,-3
LatentSpace_v240,Perirhinal area,12,32,-20
LatentSpace_v240,Primary somatosensory area,29,35,-6
LatentSpace_v240,Supplemental somatosensory area,35,38,-3
LatentSpace_v240,Temporal association areas,30,33,-3
LatentSpace_v240,Visual areas,34,38,-4
LatentSpace_v240,Pallidum,8,6,2
LatentSpace_v240,Striatum ventral region,7,3,4
LatentSpace_v240,Lateral septal complex,8,4,4
LatentSpace_v240,Caudoputamen,3,3,0
LatentSpace_v240,Medial amygdalar nucleus,14,7,7
LatentSpace_v240,Hypothalamus,13,9,4
LatentSpace_v240,Thalamus,11,1,10
LatentSpace_v240,Inferior colliculus,23,9,14
LatentSpace_v240,"Superior colliculus, sensory related",11,10,1
LatentSpace_v240,Midbrain raphe nuclei,14,12,2
LatentSpace_v240,Midbrain-other,12,10,2
LatentSpace_v240,Periaqueductal gray,12,11,1
LatentSpace_v240,Pons,9,9,0
LatentSpace_v240,Medulla,7,9,-2
LatentSpace_v240,Lingula (I),17,34,-17
LatentSpace_v240,Central lobule,21,34,-13
LatentSpace_v240,Culmen,24,34,-10
LatentSpace_v240,Declive (VI),22,28,-6
LatentSpace_v240,Folium-tuber vermis (VII),23,31,-8
LatentSpace_v240,Pyramus (VIII),23,32,-9
LatentSpace_v240,Uvula (IX),24,34,-10
LatentSpace_v240,Nodulus (X),18,35,-17
LatentSpace_v240,Simple lobule,22,29,-7
LatentSpace_v240,Crus 1,21,26,-5
LatentSpace_v240,Crus 2,21,27,-6
LatentSpace_v240,Paramedian lobule,22,33,-11
LatentSpace_v240,Copula pyramidis,23,34,-11
LatentSpace_v240,Flocculus,25,34,-9
LatentSpace_v240,Paraflocculus,23,36,-13
LatentSpace_v240,Cerebellar nuclei,17,11,6
LatentSpace_v241,Cortical subplate-other,15,15,0
LatentSpace_v241,Claustrum,22,33,-11
LatentSpace_v241,Endopiriform nucleus,19,32,-13
LatentSpace_v241,Olfactory areas-other,16,33,-17
LatentSpace_v241,Postpiriform transition area,12,27,-15
LatentSpace_v241,Piriform area,17,34,-17
LatentSpace_v241,Taenia tecta,16,28,-12
LatentSpace_v241,Cortical amygdalar area,12,19,-7
LatentSpace_v241,Piriform-amygdalar area,12,28,-16
LatentSpace_v241,Main olfactory bulb,22,10,12
LatentSpace_v241,Accessory olfactory bulb,22,19,3
LatentSpace_v241,Anterior olfactory nucleus,13,32,-19
LatentSpace_v241,Subiculum,4,35,-31
LatentSpace_v241,Entorhinal area,14,22,-8
LatentSpace_v241,Field CA1,10,25,-15
LatentSpace_v241,Field CA2,19,14,5
LatentSpace_v241,Field CA3,6,8,-2
LatentSpace_v241,Dentate gyrus,8,3,5
LatentSpace_v241,Anterior cingulate area,33,39,-6
LatentSpace_v241,Infralimbic area,12,26,-14
LatentSpace_v241,Retrosplenial area,25,36,-11
LatentSpace_v241,Prelimbic area,25,35,-10
LatentSpace_v241,Primary auditory area,35,38,-3
LatentSpace_v241,Dorsal auditory area,35,38,-3
LatentSpace_v241,Ventral auditory area,35,38,-3
LatentSpace_v241,Agranular insular area,20,37,-17
LatentSpace_v241,Ectorhinal area,22,33,-11
LatentSpace_v241,Primary motor area,34,38,-4
LatentSpace_v241,Secondary motor area,35,38,-3
LatentSpace_v241,"Frontal pole, cerebral cortex",26,40,-14
LatentSpace_v241,Orbital area,18,35,-17
LatentSpace_v241,Posterior parietal association areas,34,38,-4
LatentSpace_v241,Perirhinal area,17,32,-15
LatentSpace_v241,Primary somatosensory area,28,35,-7
LatentSpace_v241,Supplemental somatosensory area,35,38,-3
LatentSpace_v241,Temporal association areas,29,33,-4
LatentSpace_v241,Visual areas,34,38,-4
LatentSpace_v241,Pallidum,12,6,6
LatentSpace_v241,Striatum ventral region,10,3,7
LatentSpace_v241,Lateral septal complex,11,4,7
LatentSpace_v241,Caudoputamen,3,3,0
LatentSpace_v241,Medial amygdalar nucleus,11,7,4
LatentSpace_v241,Hypothalamus,10,9,1
LatentSpace_v241,Thalamus,2,1,1
LatentSpace_v241,Inferior colliculus,12,9,3
LatentSpace_v241,"Superior colliculus, sensory related",14,10,4
LatentSpace_v241,Midbrain raphe nuclei,11,12,-1
LatentSpace_v241,Midbrain-other,10,10,0
LatentSpace_v241,Periaqueductal gray,9,11,-2
LatentSpace_v241,Pons,8,9,-1
LatentSpace_v241,Medulla,12,9,3
LatentSpace_v241,Lingula (I),19,34,-15
LatentSpace_v241,Central lobule,18,34,-16
LatentSpace_v241,Culmen,28,34,-6
LatentSpace_v241,Declive (VI),23,28,-5
LatentSpace_v241,Folium-tuber vermis (VII),26,31,-5
LatentSpace_v241,Pyramus (VIII),31,32,-1
LatentSpace_v241,Uvula (IX),34,34,0
LatentSpace_v241,Nodulus (X),30,35,-5
LatentSpace_v241,Simple lobule,22,29,-7
LatentSpace_v241,Crus 1,22,26,-4
LatentSpace_v241,Crus 2,23,27,-4
LatentSpace_v241,Paramedian lobule,27,33,-6
LatentSpace_v241,Copula pyramidis,29,34,-5
LatentSpace_v241,Flocculus,32,34,-2
LatentSpace_v241,Paraflocculus,33,36,-3
LatentSpace_v241,Cerebellar nuclei,33,11,22
LatentSpace_v242,Cortical subplate-other,10,15,-5
LatentSpace_v242,Claustrum,27,33,-6
LatentSpace_v242,Endopiriform nucleus,15,32,-17
LatentSpace_v242,Olfactory areas-other,13,33,-20
LatentSpace_v242,Postpiriform transition area,10,27,-17
LatentSpace_v242,Piriform area,10,34,-24
LatentSpace_v242,Taenia tecta,5,28,-23
LatentSpace_v242,Cortical amygdalar area,6,19,-13
LatentSpace_v242,Piriform-amygdalar area,5,28,-23
LatentSpace_v242,Main olfactory bulb,3,10,-7
LatentSpace_v242,Accessory olfactory bulb,30,19,11
LatentSpace_v242,Anterior olfactory nucleus,10,32,-22
LatentSpace_v242,Subiculum,3,35,-32
LatentSpace_v242,Entorhinal area,8,22,-14
LatentSpace_v242,Field CA1,4,25,-21
LatentSpace_v242,Field CA2,5,14,-9
LatentSpace_v242,Field CA3,4,8,-4
LatentSpace_v242,Dentate gyrus,7,3,4
LatentSpace_v242,Anterior cingulate area,36,39,-3
LatentSpace_v242,Infralimbic area,11,26,-15
LatentSpace_v242,Retrosplenial area,25,36,-11
LatentSpace_v242,Prelimbic area,25,35,-10
LatentSpace_v242,Primary auditory area,35,38,-3
LatentSpace_v242,Dorsal auditory area,35,38,-3
LatentSpace_v242,Ventral auditory area,39,38,1
LatentSpace_v242,Agranular insular area,24,37,-13
LatentSpace_v242,Ectorhinal area,24,33,-9
LatentSpace_v242,Primary motor area,35,38,-3
LatentSpace_v242,Secondary motor area,37,38,-1
LatentSpace_v242,"Frontal pole, cerebral cortex",35,40,-5
LatentSpace_v242,Orbital area,24,35,-11
LatentSpace_v242,Posterior parietal association areas,35,38,-3
LatentSpace_v242,Perirhinal area,16,32,-16
LatentSpace_v242,Primary somatosensory area,30,35,-5
LatentSpace_v242,Supplemental somatosensory area,37,38,-1
LatentSpace_v242,Temporal association areas,32,33,-1
LatentSpace_v242,Visual areas,35,38,-3
LatentSpace_v242,Pallidum,8,6,2
LatentSpace_v242,Striatum ventral region,9,3,6
LatentSpace_v242,Lateral septal complex,11,4,7
LatentSpace_v242,Caudoputamen,3,3,0
LatentSpace_v242,Medial amygdalar nucleus,10,7,3
LatentSpace_v242,Hypothalamus,11,9,2
LatentSpace_v242,Thalamus,8,1,7
LatentSpace_v242,Inferior colliculus,7,9,-2
LatentSpace_v242,"Superior colliculus, sensory related",5,10,-5
LatentSpace_v242,Midbrain raphe nuclei,13,12,1
LatentSpace_v242,Midbrain-other,10,10,0
LatentSpace_v242,Periaqueductal gray,13,11,2
LatentSpace_v242,Pons,9,9,0
LatentSpace_v242,Medulla,10,9,1
LatentSpace_v242,Lingula (I),7,34,-27
LatentSpace_v242,Central lobule,21,34,-13
LatentSpace_v242,Culmen,24,34,-10
LatentSpace_v242,Declive (VI),23,28,-5
LatentSpace_v242,Folium-tuber vermis (VII),23,31,-8
LatentSpace_v242,Pyramus (VIII),25,32,-7
LatentSpace_v242,Uvula (IX),12,34,-22
LatentSpace_v242,Nodulus (X),13,35,-22
LatentSpace_v242,Simple lobule,22,29,-7
LatentSpace_v242,Crus 1,22,26,-4
LatentSpace_v242,Crus 2,22,27,-5
LatentSpace_v242,Paramedian lobule,25,33,-8
LatentSpace_v242,Copula pyramidis,31,34,-3
LatentSpace_v242,Flocculus,14,34,-20
LatentSpace_v242,Paraflocculus,14,36,-22
LatentSpace_v242,Cerebellar nuclei,32,11,21
LatentSpace_v243,Cortical subplate-other,8,15,-7
LatentSpace_v243,Claustrum,21,33,-12
LatentSpace_v243,Endopiriform nucleus,16,32,-16
LatentSpace_v243,Olfactory areas-other,12,33,-21
LatentSpace_v243,Postpiriform transition area,8,27,-19
LatentSpace_v243,Piriform area,20,34,-14
LatentSpace_v243,Taenia tecta,9,28,-19
LatentSpace_v243,Cortical amygdalar area,6,19,-13
LatentSpace_v243,Piriform-amygdalar area,9,28,-19
LatentSpace_v243,Main olfactory bulb,16,10,6
LatentSpace_v243,Accessory olfactory bulb,11,19,-8
LatentSpace_v243,Anterior olfactory nucleus,10,32,-22
LatentSpace_v243,Subiculum,4,35,-31
LatentSpace_v243,Entorhinal area,13,22,-9
LatentSpace_v243,Field CA1,6,25,-19
LatentSpace_v243,Field CA2,6,14,-8
LatentSpace_v243,Field CA3,6,8,-2
LatentSpace_v243,Dentate gyrus,8,3,5
LatentSpace_v243,Anterior cingulate area,36,39,-3
LatentSpace_v243,Infralimbic area,9,26,-17
LatentSpace_v243,Retrosplenial area,25,36,-11
LatentSpace_v243,Prelimbic area,24,35,-11
LatentSpace_v243,Primary auditory area,37,38,-1
LatentSpace_v243,Dorsal auditory area,35,38,-3
LatentSpace_v243,Ventral auditory area,37,38,-1
LatentSpace_v243,Agranular insular area,22,37,-15
LatentSpace_v243,Ectorhinal area,23,33,-10
LatentSpace_v243,Primary motor area,35,38,-3
LatentSpace_v243,Secondary motor area,37,38,-1
LatentSpace_v243,"Frontal pole, cerebral cortex",31,40,-9
LatentSpace_v243,Orbital area,23,35,-12
LatentSpace_v243,Posterior parietal association areas,35,38,-3
LatentSpace_v243,Perirhinal area,22,32,-10
LatentSpace_v243,Primary somatosensory area,28,35,-7
LatentSpace_v243,Supplemental somatosensory area,37,38,-1
LatentSpace_v243,Temporal association areas,30,33,-3
LatentSpace_v243,Visual areas,35,38,-3
LatentSpace_v243,Pallidum,10,6,4
LatentSpace_v243,Striatum ventral region,8,3,5
LatentSpace_v243,Lateral septal complex,11,4,7
LatentSpace_v243,Caudoputamen,3,3,0
LatentSpace_v243,Medial amygdalar nucleus,9,7,2
LatentSpace_v243,Hypothalamus,7,9,-2
LatentSpace_v243,Thalamus,3,1,2
LatentSpace_v243,Inferior colliculus,8,9,-1
LatentSpace_v243,"Superior colliculus, sensory related",7,10,-3
LatentSpace_v243,Midbrain raphe nuclei,14,12,2
LatentSpace_v243,Midbrain-other,12,10,2
LatentSpace_v243,Periaqueductal gray,11,11,0
LatentSpace_v243,Pons,9,9,0
LatentSpace_v243,Medulla,9,9,0
LatentSpace_v243,Lingula (I),14,34,-20
LatentSpace_v243,Central lobule,14,34,-20
LatentSpace_v243,Culmen,27,34,-7
LatentSpace_v243,Declive (VI),23,28,-5
LatentSpace_v243,Folium-tuber vermis (VII),23,31,-8
LatentSpace_v243,Pyramus (VIII),23,32,-9
LatentSpace_v243,Uvula (IX),17,34,-17
LatentSpace_v243,Nodulus (X),13,35,-22
LatentSpace_v243,Simple lobule,23,29,-6
LatentSpace_v243,Crus 1,23,26,-3
LatentSpace_v243,Crus 2,22,27,-5
LatentSpace_v243,Paramedian lobule,23,33,-10
LatentSpace_v243,Copula pyramidis,23,34,-11
LatentSpace_v243,Flocculus,27,34,-7
LatentSpace_v243,Paraflocculus,23,36,-13
LatentSpace_v243,Cerebellar nuclei,17,11,6
LatentSpace_v244,Cortical subplate-other,9,15,-6
LatentSpace_v244,Claustrum,25,33,-8
LatentSpace_v244,Endopiriform nucleus,9,32,-23
LatentSpace_v244,Olfactory areas-other,14,33,-19
LatentSpace_v244,Postpiriform transition area,12,27,-15
LatentSpace_v244,Piriform area,9,34,-25
LatentSpace_v244,Taenia tecta,12,28,-16
LatentSpace_v244,Cortical amygdalar area,7,19,-12
LatentSpace_v244,Piriform-amygdalar area,6,28,-22
LatentSpace_v244,Main olfactory bulb,13,10,3
LatentSpace_v244,Accessory olfactory bulb,25,19,6
LatentSpace_v244,Anterior olfactory nucleus,10,32,-22
LatentSpace_v244,Subiculum,6,35,-29
LatentSpace_v244,Entorhinal area,15,22,-7
LatentSpace_v244,Field CA1,6,25,-19
LatentSpace_v244,Field CA2,6,14,-8
LatentSpace_v244,Field CA3,4,8,-4
LatentSpace_v244,Dentate gyrus,5,3,2
LatentSpace_v244,Anterior cingulate area,32,39,-7
LatentSpace_v244,Infralimbic area,10,26,-16
LatentSpace_v244,Retrosplenial area,23,36,-13
LatentSpace_v244,Prelimbic area,26,35,-9
LatentSpace_v244,Primary auditory area,35,38,-3
LatentSpace_v244,Dorsal auditory area,35,38,-3
LatentSpace_v244,Ventral auditory area,38,38,0
LatentSpace_v244,Agranular insular area,23,37,-14
LatentSpace_v244,Ectorhinal area,24,33,-9
LatentSpace_v244,Primary motor area,35,38,-3
LatentSpace_v244,Secondary motor area,34,38,-4
LatentSpace_v244,"Frontal pole, cerebral cortex",33,40,-7
LatentSpace_v244,Orbital area,23,35,-12
LatentSpace_v244,Posterior parietal association areas,30,38,-8
LatentSpace_v244,Perirhinal area,17,32,-15
LatentSpace_v244,Primary somatosensory area,23,35,-12
LatentSpace_v244,Supplemental somatosensory area,35,38,-3
LatentSpace_v244,Temporal association areas,31,33,-2
LatentSpace_v244,Visual areas,32,38,-6
LatentSpace_v244,Pallidum,7,6,1
LatentSpace_v244,Striatum ventral region,6,3,3
LatentSpace_v244,Lateral septal complex,10,4,6
LatentSpace_v244,Caudoputamen,3,3,0
LatentSpace_v244,Medial amygdalar nucleus,8,7,1
LatentSpace_v244,Hypothalamus,3,9,-6
LatentSpace_v244,Thalamus,4,1,3
LatentSpace_v244,Inferior colliculus,7,9,-2
LatentSpace_v244,"Superior colliculus, sensory related",12,10,2
LatentSpace_v244,Midbrain raphe nuclei,14,12,2
LatentSpace_v244,Midbrain-other,14,10,4
LatentSpace_v244,Periaqueductal gray,12,11,1
LatentSpace_v244,Pons,10,9,1
LatentSpace_v244,Medulla,10,9,1
LatentSpace_v244,Lingula (I),13,34,-21
LatentSpace_v244,Central lobule,16,34,-18
LatentSpace_v244,Culmen,24,34,-10
LatentSpace_v244,Declive (VI),23,28,-5
LatentSpace_v244,Folium-tuber vermis (VII),23,31,-8
LatentSpace_v244,Pyramus (VIII),23,32,-9
LatentSpace_v244,Uvula (IX),20,34,-14
LatentSpace_v244,Nodulus (X),15,35,-20
LatentSpace_v244,Simple lobule,22,29,-7
LatentSpace_v244,Crus 1,22,26,-4
LatentSpace_v244,Crus 2,23,27,-4
LatentSpace_v244,Paramedian lobule,23,33,-10
LatentSpace_v244,Copula pyramidis,23,34,-11
LatentSpace_v244,Flocculus,18,34,-16
LatentSpace_v244,Paraflocculus,15,36,-21
LatentSpace_v244,Cerebellar nuclei,13,11,2
LatentSpace_v245,Cortical subplate-other,8,15,-7
LatentSpace_v245,Claustrum,23,33,-10
LatentSpace_v245,Endopiriform nucleus,13,32,-19
LatentSpace_v245,Olfactory areas-other,12,33,-21
LatentSpace_v245,Postpiriform transition area,12,27,-15
LatentSpace_v245,Piriform area,16,34,-18
LatentSpace_v245,Taenia tecta,11,28,-17
LatentSpace_v245,Cortical amygdalar area,8,19,-11
LatentSpace_v245,Piriform-amygdalar area,9,28,-19
LatentSpace_v245,Main olfactory bulb,7,10,-3
LatentSpace_v245,Accessory olfactory bulb,34,19,15
LatentSpace_v245,Anterior olfactory nucleus,11,32,-21
LatentSpace_v245,Subiculum,2,35,-33
LatentSpace_v245,Entorhinal area,14,22,-8
LatentSpace_v245,Field CA1,4,25,-21
LatentSpace_v245,Field CA2,6,14,-8
LatentSpace_v245,Field CA3,6,8,-2
LatentSpace_v245,Dentate gyrus,6,3,3
LatentSpace_v245,Anterior cingulate area,34,39,-5
LatentSpace_v245,Infralimbic area,7,26,-19
LatentSpace_v245,Retrosplenial area,22,36,-14
LatentSpace_v245,Prelimbic area,27,35,-8
LatentSpace_v245,Primary auditory area,34,38,-4
LatentSpace_v245,Dorsal auditory area,35,38,-3
LatentSpace_v245,Ventral auditory area,35,38,-3
LatentSpace_v245,Agranular insular area,24,37,-13
LatentSpace_v245,Ectorhinal area,23,33,-10
LatentSpace_v245,Primary motor area,35,38,-3
LatentSpace_v245,Secondary motor area,37,38,-1
LatentSpace_v245,"Frontal pole, cerebral cortex",34,40,-6
LatentSpace_v245,Orbital area,19,35,-16
LatentSpace_v245,Posterior parietal association areas,32,38,-6
LatentSpace_v245,Perirhinal area,19,32,-13
LatentSpace_v245,Primary somatosensory area,31,35,-4
LatentSpace_v245,Supplemental somatosensory area,37,38,-1
LatentSpace_v245,Temporal association areas,28,33,-5
LatentSpace_v245,Visual areas,34,38,-4
LatentSpace_v245,Pallidum,5,6,-1
LatentSpace_v245,Striatum ventral region,8,3,5
LatentSpace_v245,Lateral septal complex,5,4,1
LatentSpace_v245,Caudoputamen,3,3,0
LatentSpace_v245,Medial amygdalar nucleus,7,7,0
LatentSpace_v245,Hypothalamus,8,9,-1
LatentSpace_v245,Thalamus,6,1,5
LatentSpace_v245,Inferior colliculus,7,9,-2
LatentSpace_v245,"Superior colliculus, sensory related",4,10,-6
LatentSpace_v245,Midbrain raphe nuclei,14,12,2
LatentSpace_v245,Midbrain-other,13,10,3
LatentSpace_v245,Periaqueductal gray,12,11,1
LatentSpace_v245,Pons,9,9,0
LatentSpace_v245,Medulla,9,9,0
LatentSpace_v245,Lingula (I),22,34,-12
LatentSpace_v245,Central lobule,34,34,0
LatentSpace_v245,Culmen,29,34,-5
LatentSpace_v245,Declive (VI),23,28,-5
LatentSpace_v245,Folium-tuber vermis (VII),24,31,-7
LatentSpace_v245,Pyramus (VIII),26,32,-6
LatentSpace_v245,Uvula (IX),33,34,-1
LatentSpace_v245,Nodulus (X),32,35,-3
LatentSpace_v245,Simple lobule,23,29,-6
LatentSpace_v245,Crus 1,22,26,-4
LatentSpace_v245,Crus 2,22,27,-5
LatentSpace_v245,Paramedian lobule,26,33,-7
LatentSpace_v245,Copula pyramidis,29,34,-5
LatentSpace_v245,Flocculus,33,34,-1
LatentSpace_v245,Paraflocculus,26,36,-10
LatentSpace_v245,Cerebellar nuclei,16,11,5
LatentSpace_v246,Cortical subplate-other,11,15,-4
LatentSpace_v246,Claustrum,14,33,-19
LatentSpace_v246,Endopiriform nucleus,10,32,-22
LatentSpace_v246,Olfactory areas-other,11,33,-22
LatentSpace_v246,Postpiriform transition area,12,27,-15
LatentSpace_v246,Piriform area,14,34,-20
LatentSpace_v246,Taenia tecta,12,28,-16
LatentSpace_v246,Cortical amygdalar area,9,19,-10
LatentSpace_v246,Piriform-amygdalar area,13,28,-15
LatentSpace_v246,Main olfactory bulb,9,10,-1
LatentSpace_v246,Accessory olfactory bulb,22,19,3
LatentSpace_v246,Anterior olfactory nucleus,11,32,-21
LatentSpace_v246,Subiculum,2,35,-33
LatentSpace_v246,Entorhinal area,5,22,-17
LatentSpace_v246,Field CA1,3,25,-22
LatentSpace_v246,Field CA2,7,14,-7
LatentSpace_v246,Field CA3,6,8,-2
LatentSpace_v246,Dentate gyrus,6,3,3
LatentSpace_v246,Anterior cingulate area,36,39,-3
LatentSpace_v246,Infralimbic area,10,26,-16
LatentSpace_v246,Retrosplenial area,24,36,-12
LatentSpace_v246,Prelimbic area,26,35,-9
LatentSpace_v246,Primary auditory area,37,38,-1
LatentSpace_v246,Dorsal auditory area,35,38,-3
LatentSpace_v246,Ventral auditory area,38,38,0
LatentSpace_v246,Agranular insular area,25,37,-12
LatentSpace_v246,Ectorhinal area,23,33,-10
LatentSpace_v246,Primary motor area,35,38,-3
LatentSpace_v246,Secondary motor area,35,38,-3
LatentSpace_v246,"Frontal pole, cerebral cortex",34,40,-6
LatentSpace_v246,Orbital area,24,35,-11
LatentSpace_v246,Posterior parietal association areas,35,38,-3
LatentSpace_v246,Perirhinal area,15,32,-17
LatentSpace_v246,Primary somatosensory area,35,35,0
LatentSpace_v246,Supplemental somatosensory area,38,38,0
LatentSpace_v246,Temporal association areas,30,33,-3
LatentSpace_v246,Visual areas,35,38,-3
LatentSpace_v246,Pallidum,12,6,6
LatentSpace_v246,Striatum ventral region,8,3,5
LatentSpace_v246,Lateral septal complex,16,4,12
LatentSpace_v246,Caudoputamen,3,3,0
LatentSpace_v246,Medial amygdalar nucleus,9,7,2
LatentSpace_v246,Hypothalamus,13,9,4
LatentSpace_v246,Thalamus,12,1,11
LatentSpace_v246,Inferior colliculus,6,9,-3
LatentSpace_v246,"Superior colliculus, sensory related",7,10,-3
LatentSpace_v246,Midbrain raphe nuclei,14,12,2
LatentSpace_v246,Midbrain-other,13,10,3
LatentSpace_v246,Periaqueductal gray,13,11,2
LatentSpace_v246,Pons,11,9,2
LatentSpace_v246,Medulla,20,9,11
LatentSpace_v246,Lingula (I),13,34,-21
LatentSpace_v246,Central lobule,20,34,-14
LatentSpace_v246,Culmen,26,34,-8
LatentSpace_v246,Declive (VI),23,28,-5
LatentSpace_v246,Folium-tuber vermis (VII),23,31,-8
LatentSpace_v246,Pyramus (VIII),27,32,-5
LatentSpace_v246,Uvula (IX),21,34,-13
LatentSpace_v246,Nodulus (X),16,35,-19
LatentSpace_v246,Simple lobule,23,29,-6
LatentSpace_v246,Crus 1,23,26,-3
LatentSpace_v246,Crus 2,23,27,-4
LatentSpace_v246,Paramedian lobule,24,33,-9
LatentSpace_v246,Copula pyramidis,31,34,-3
LatentSpace_v246,Flocculus,29,34,-5
LatentSpace_v246,Paraflocculus,26,36,-10
LatentSpace_v246,Cerebellar nuclei,16,11,5
LatentSpace_v247,Cortical subplate-other,5,15,-10
LatentSpace_v247,Claustrum,25,33,-8
LatentSpace_v247,Endopiriform nucleus,13,32,-19
LatentSpace_v247,Olfactory areas-other,10,33,-23
LatentSpace_v247,Postpiriform transition area,7,27,-20
LatentSpace_v247,Piriform area,13,34,-21
LatentSpace_v247,Taenia tecta,14,28,-14
LatentSpace_v247,Cortical amygdalar area,2,19,-17
LatentSpace_v247,Piriform-amygdalar area,6,28,-22
LatentSpace_v247,Main olfactory bulb,21,10,11
LatentSpace_v247,Accessory olfactory bulb,38,19,19
LatentSpace_v247,Anterior olfactory nucleus,8,32,-24
LatentSpace_v247,Subiculum,5,35,-30
LatentSpace_v247,Entorhinal area,13,22,-9
LatentSpace_v247,Field CA1,7,25,-18
LatentSpace_v247,Field CA2,11,14,-3
LatentSpace_v247,Field CA3,7,8,-1
LatentSpace_v247,Dentate gyrus,8,3,5
LatentSpace_v247,Anterior cingulate area,37,39,-2
LatentSpace_v247,Infralimbic area,12,26,-14
LatentSpace_v247,Retrosplenial area,22,36,-14
LatentSpace_v247,Prelimbic area,29,35,-6
LatentSpace_v247,Primary auditory area,37,38,-1
LatentSpace_v247,Dorsal auditory area,35,38,-3
LatentSpace_v247,Ventral auditory area,36,38,-2
LatentSpace_v247,Agranular insular area,24,37,-13
LatentSpace_v247,Ectorhinal area,22,33,-11
LatentSpace_v247,Primary motor area,35,38,-3
LatentSpace_v247,Secondary motor area,38,38,0
LatentSpace_v247,"Frontal pole, cerebral cortex",33,40,-7
LatentSpace_v247,Orbital area,26,35,-9
LatentSpace_v247,Posterior parietal association areas,35,38,-3
LatentSpace_v247,Perirhinal area,17,32,-15
LatentSpace_v247,Primary somatosensory area,31,35,-4
LatentSpace_v247,Supplemental somatosensory area,38,38,0
LatentSpace_v247,Temporal association areas,26,33,-7
LatentSpace_v247,Visual areas,35,38,-3
LatentSpace_v247,Pallidum,7,6,1
LatentSpace_v247,Striatum ventral region,6,3,3
LatentSpace_v247,Lateral septal complex,8,4,4
LatentSpace_v247,Caudoputamen,3,3,0
LatentSpace_v247,Medial amygdalar nucleus,8,7,1
LatentSpace_v247,Hypothalamus,3,9,-6
LatentSpace_v247,Thalamus,5,1,4
LatentSpace_v247,Inferior colliculus,13,9,4
LatentSpace_v247,"Superior colliculus, sensory related",5,10,-5
LatentSpace_v247,Midbrain raphe nuclei,12,12,0
LatentSpace_v247,Midbrain-other,12,10,2
LatentSpace_v247,Periaqueductal gray,9,11,-2
LatentSpace_v247,Pons,10,9,1
LatentSpace_v247,Medulla,11,9,2
LatentSpace_v247,Lingula (I),28,34,-6
LatentSpace_v247,Central lobule,32,34,-2
LatentSpace_v247,Culmen,26,34,-8
LatentSpace_v247,Declive (VI),23,28,-5
LatentSpace_v247,Folium-tuber vermis (VII),23,31,-8
LatentSpace_v247,Pyramus (VIII),28,32,-4
LatentSpace_v247,Uvula (IX),34,34,0
LatentSpace_v247,Nodulus (X),30,35,-5
LatentSpace_v247,Simple lobule,22,29,-7
LatentSpace_v247,Crus 1,23,26,-3
LatentSpace_v247,Crus 2,23,27,-4
LatentSpace_v247,Paramedian lobule,25,33,-8
LatentSpace_v247,Copula pyramidis,32,34,-2
LatentSpace_v247,Flocculus,33,34,-1
LatentSpace_v247,Paraflocculus,24,36,-12
LatentSpace_v247,Cerebellar nuclei,31,11,20
LatentSpace_v248,Cortical subplate-other,6,15,-9
LatentSpace_v248,Claustrum,27,33,-6
LatentSpace_v248,Endopiriform nucleus,17,32,-15
LatentSpace_v248,Olfactory areas-other,22,33,-11
LatentSpace_v248,Postpiriform transition area,10,27,-17
LatentSpace_v248,Piriform area,21,34,-13
LatentSpace_v248,Taenia tecta,12,28,-16
LatentSpace_v248,Cortical amygdalar area,7,19,-12
LatentSpace_v248,Piriform-amygdalar area,8,28,-20
LatentSpace_v248,Main olfactory bulb,5,10,-5
LatentSpace_v248,Accessory olfactory bulb,5,19,-14
LatentSpace_v248,Anterior olfactory nucleus,15,32,-17
LatentSpace_v248,Subiculum,8,35,-27
LatentSpace_v248,Entorhinal area,13,22,-9
LatentSpace_v248,Field CA1,8,25,-17
LatentSpace_v248,Field CA2,9,14,-5
LatentSpace_v248,Field CA3,6,8,-2
LatentSpace_v248,Dentate gyrus,8,3,5
LatentSpace_v248,Anterior cingulate area,35,39,-4
LatentSpace_v248,Infralimbic area,16,26,-10
LatentSpace_v248,Retrosplenial area,25,36,-11
LatentSpace_v248,Prelimbic area,29,35,-6
LatentSpace_v248,Primary auditory area,35,38,-3
LatentSpace_v248,Dorsal auditory area,31,38,-7
LatentSpace_v248,Ventral auditory area,37,38,-1
LatentSpace_v248,Agranular insular area,23,37,-14
LatentSpace_v248,Ectorhinal area,25,33,-8
LatentSpace_v248,Primary motor area,36,38,-2
LatentSpace_v248,Secondary motor area,34,38,-4
LatentSpace_v248,"Frontal pole, cerebral cortex",32,40,-8
LatentSpace_v248,Orbital area,28,35,-7
LatentSpace_v248,Posterior parietal association areas,33,38,-5
LatentSpace_v248,Perirhinal area,20,32,-12
LatentSpace_v248,Primary somatosensory area,25,35,-10
LatentSpace_v248,Supplemental somatosensory area,36,38,-2
LatentSpace_v248,Temporal association areas,30,33,-3
LatentSpace_v248,Visual areas,29,38,-9
LatentSpace_v248,Pallidum,4,6,-2
LatentSpace_v248,Striatum ventral region,6,3,3
LatentSpace_v248,Lateral septal complex,10,4,6
LatentSpace_v248,Caudoputamen,3,3,0
LatentSpace_v248,Medial amygdalar nucleus,6,7,-1
LatentSpace_v248,Hypothalamus,5,9,-4
LatentSpace_v248,Thalamus,8,1,7
LatentSpace_v248,Inferior colliculus,6,9,-3
LatentSpace_v248,"Superior colliculus, sensory related",4,10,-6
LatentSpace_v248,Midbrain raphe nuclei,14,12,2
LatentSpace_v248,Midbrain-other,9,10,-1
LatentSpace_v248,Periaqueductal gray,9,11,-2
LatentSpace_v248,Pons,10,9,1
LatentSpace_v248,Medulla,9,9,0
LatentSpace_v248,Lingula (I),13,34,-21
LatentSpace_v248,Central lobule,30,34,-4
LatentSpace_v248,Culmen,30,34,-4
LatentSpace_v248,Declive (VI),25,28,-3
LatentSpace_v248,Folium-tuber vermis (VII),25,31,-6
LatentSpace_v248,Pyramus (VIII),30,32,-2
LatentSpace_v248,Uvula (IX),15,34,-19
LatentSpace_v248,Nodulus (X),12,35,-23
LatentSpace_v248,Simple lobule,25,29,-4
LatentSpace_v248,Crus 1,24,26,-2
LatentSpace_v248,Crus 2,24,27,-3
LatentSpace_v248,Paramedian lobule,26,33,-7
LatentSpace_v248,Copula pyramidis,29,34,-5
LatentSpace_v248,Flocculus,17,34,-17
LatentSpace_v248,Paraflocculus,30,36,-6
LatentSpace_v248,Cerebellar nuclei,10,11,-1
LatentSpace_v249,Cortical subplate-other,8,15,-7
LatentSpace_v249,Claustrum,34,33,1
LatentSpace_v249,Endopiriform nucleus,12,32,-20
LatentSpace_v249,Olfactory areas-other,9,33,-24
LatentSpace_v249,Postpiriform transition area,10,27,-17
LatentSpace_v249,Piriform area,14,34,-20
LatentSpace_v249,Taenia tecta,8,28,-20
LatentSpace_v249,Cortical amygdalar area,6,19,-13
LatentSpace_v249,Piriform-amygdalar area,8,28,-20
LatentSpace_v249,Main olfactory bulb,32,10,22
LatentSpace_v249,Accessory olfactory bulb,30,19,11
LatentSpace_v249,Anterior olfactory nucleus,9,32,-23
LatentSpace_v249,Subiculum,3,35,-32
LatentSpace_v249,Entorhinal area,15,22,-7
LatentSpace_v249,Field CA1,7,25,-18
LatentSpace_v249,Field CA2,5,14,-9
LatentSpace_v249,Field CA3,5,8,-3
LatentSpace_v249,Dentate gyrus,11,3,8
LatentSpace_v249,Anterior cingulate area,39,39,0
LatentSpace_v249,Infralimbic area,4,26,-22
LatentSpace_v249,Retrosplenial area,27,36,-9
LatentSpace_v249,Prelimbic area,26,35,-9
LatentSpace_v249,Primary auditory area,38,38,0
LatentSpace_v249,Dorsal auditory area,35,38,-3
LatentSpace_v249,Ventral auditory area,40,38,2
LatentSpace_v249,Agranular insular area,23,37,-14
LatentSpace_v249,Ectorhinal area,31,33,-2
LatentSpace_v249,Primary motor area,36,38,-2
LatentSpace_v249,Secondary motor area,38,38,0
LatentSpace_v249,"Frontal pole, cerebral cortex",36,40,-4
LatentSpace_v249,Orbital area,23,35,-12
LatentSpace_v249,Posterior parietal association areas,35,38,-3
LatentSpace_v249,Perirhinal area,25,32,-7
LatentSpace_v249,Primary somatosensory area,34,35,-1
LatentSpace_v249,Supplemental somatosensory area,38,38,0
LatentSpace_v249,Temporal association areas,42,33,9
LatentSpace_v249,Visual areas,35,38,-3
LatentSpace_v249,Pallidum,8,6,2
LatentSpace_v249,Striatum ventral region,7,3,4
LatentSpace_v249,Lateral septal complex,10,4,6
LatentSpace_v249,Caudoputamen,3,3,0
LatentSpace_v249,Medial amygdalar nucleus,10,7,3
LatentSpace_v249,Hypothalamus,12,9,3
LatentSpace_v249,Thalamus,10,1,9
LatentSpace_v249,Inferior colliculus,6,9,-3
LatentSpace_v249,"Superior colliculus, sensory related",5,10,-5
LatentSpace_v249,Midbrain raphe nuclei,14,12,2
LatentSpace_v249,Midbrain-other,13,10,3
LatentSpace_v249,Periaqueductal gray,13,11,2
LatentSpace_v249,Pons,9,9,0
LatentSpace_v249,Medulla,11,9,2
LatentSpace_v249,Lingula (I),12,34,-22
LatentSpace_v249,Central lobule,10,34,-24
LatentSpace_v249,Culmen,25,34,-9
LatentSpace_v249,Declive (VI),23,28,-5
LatentSpace_v249,Folium-tuber vermis (VII),23,31,-8
LatentSpace_v249,Pyramus (VIII),23,32,-9
LatentSpace_v249,Uvula (IX),17,34,-17
LatentSpace_v249,Nodulus (X),15,35,-20
LatentSpace_v249,Simple lobule,22,29,-7
LatentSpace_v249,Crus 1,23,26,-3
LatentSpace_v249,Crus 2,23,27,-4
LatentSpace_v249,Paramedian lobule,23,33,-10
LatentSpace_v249,Copula pyramidis,23,34,-11
LatentSpace_v249,Flocculus,23,34,-11
LatentSpace_v249,Paraflocculus,25,36,-11
LatentSpace_v249,Cerebellar nuclei,19,11,8
LatentSpace_v250,Cortical subplate-other,13,15,-2
LatentSpace_v250,Claustrum,18,33,-15
LatentSpace_v250,Endopiriform nucleus,16,32,-16
LatentSpace_v250,Olfactory areas-other,23,33,-10
LatentSpace_v250,Postpiriform transition area,12,27,-15
LatentSpace_v250,Piriform area,17,34,-17
LatentSpace_v250,Taenia tecta,15,28,-13
LatentSpace_v250,Cortical amygdalar area,9,19,-10
LatentSpace_v250,Piriform-amygdalar area,11,28,-17
LatentSpace_v250,Main olfactory bulb,25,10,15
LatentSpace_v250,Accessory olfactory bulb,33,19,14
LatentSpace_v250,Anterior olfactory nucleus,11,32,-21
LatentSpace_v250,Subiculum,5,35,-30
LatentSpace_v250,Entorhinal area,16,22,-6
LatentSpace_v250,Field CA1,8,25,-17
LatentSpace_v250,Field CA2,10,14,-4
LatentSpace_v250,Field CA3,11,8,3
LatentSpace_v250,Dentate gyrus,9,3,6
LatentSpace_v250,Anterior cingulate area,33,39,-6
LatentSpace_v250,Infralimbic area,12,26,-14
LatentSpace_v250,Retrosplenial area,25,36,-11
LatentSpace_v250,Prelimbic area,26,35,-9
LatentSpace_v250,Primary auditory area,36,38,-2
LatentSpace_v250,Dorsal auditory area,35,38,-3
LatentSpace_v250,Ventral auditory area,36,38,-2
LatentSpace_v250,Agranular insular area,24,37,-13
LatentSpace_v250,Ectorhinal area,22,33,-11
LatentSpace_v250,Primary motor area,35,38,-3
LatentSpace_v250,Secondary motor area,33,38,-5
LatentSpace_v250,"Frontal pole, cerebral cortex",32,40,-8
LatentSpace_v250,Orbital area,25,35,-10
LatentSpace_v250,Posterior parietal association areas,35,38,-3
LatentSpace_v250,Perirhinal area,17,32,-15
LatentSpace_v250,Primary somatosensory area,30,35,-5
LatentSpace_v250,Supplemental somatosensory area,36,38,-2
LatentSpace_v250,Temporal association areas,28,33,-5
LatentSpace_v250,Visual areas,35,38,-3
LatentSpace_v250,Pallidum,10,6,4
LatentSpace_v250,Striatum ventral region,8,3,5
LatentSpace_v250,Lateral septal complex,18,4,14
LatentSpace_v250,Caudoputamen,3,3,0
LatentSpace_v250,Medial amygdalar nucleus,13,7,6
LatentSpace_v250,Hypothalamus,12,9,3
LatentSpace_v250,Thalamus,2,1,1
LatentSpace_v250,Inferior colliculus,4,9,-5
LatentSpace_v250,"Superior colliculus, sensory related",5,10,-5
LatentSpace_v250,Midbrain raphe nuclei,14,12,2
LatentSpace_v250,Midbrain-other,10,10,0
LatentSpace_v250,Periaqueductal gray,11,11,0
LatentSpace_v250,Pons,12,9,3
LatentSpace_v250,Medulla,11,9,2
LatentSpace_v250,Lingula (I),13,34,-21
LatentSpace_v250,Central lobule,8,34,-26
LatentSpace_v250,Culmen,26,34,-8
LatentSpace_v250,Declive (VI),23,28,-5
LatentSpace_v250,Folium-tuber vermis (VII),23,31,-8
LatentSpace_v250,Pyramus (VIII),23,32,-9
LatentSpace_v250,Uvula (IX),28,34,-6
LatentSpace_v250,Nodulus (X),12,35,-23
LatentSpace_v250,Simple lobule,23,29,-6
LatentSpace_v250,Crus 1,22,26,-4
LatentSpace_v250,Crus 2,22,27,-5
LatentSpace_v250,Paramedian lobule,23,33,-10
LatentSpace_v250,Copula pyramidis,23,34,-11
LatentSpace_v250,Flocculus,29,34,-5
LatentSpace_v250,Paraflocculus,26,36,-10
LatentSpace_v250,Cerebellar nuclei,12,11,1
LatentSpace_v251,Cortical subplate-other,11,15,-4
LatentSpace_v251,Claustrum,22,33,-11
LatentSpace_v251,Endopiriform nucleus,16,32,-16
LatentSpace_v251,Olfactory areas-other,20,33,-13
LatentSpace_v251,Postpiriform transition area,10,27,-17
LatentSpace_v251,Piriform area,19,34,-15
LatentSpace_v251,Taenia tecta,11,28,-17
LatentSpace_v251,Cortical amygdalar area,10,19,-9
LatentSpace_v251,Piriform-amygdalar area,10,28,-18
LatentSpace_v251,Main olfactory bulb,16,10,6
LatentSpace_v251,Accessory olfactory bulb,24,19,5
LatentSpace_v251,Anterior olfactory nucleus,17,32,-15
LatentSpace_v251,Subiculum,3,35,-32
LatentSpace_v251,Entorhinal area,15,22,-7
LatentSpace_v251,Field CA1,7,25,-18
LatentSpace_v251,Field CA2,9,14,-5
LatentSpace_v251,Field CA3,6,8,-2
LatentSpace_v251,Dentate gyrus,9,3,6
LatentSpace_v251,Anterior cingulate area,37,39,-2
LatentSpace_v251,Infralimbic area,8,26,-18
LatentSpace_v251,Retrosplenial area,23,36,-13
LatentSpace_v251,Prelimbic area,28,35,-7
LatentSpace_v251,Primary auditory area,37,38,-1
LatentSpace_v251,Dorsal auditory area,35,38,-3
LatentSpace_v251,Ventral auditory area,38,38,0
LatentSpace_v251,Agranular insular area,24,37,-13
LatentSpace_v251,Ectorhinal area,23,33,-10
LatentSpace_v251,Primary motor area,35,38,-3
LatentSpace_v251,Secondary motor area,36,38,-2
LatentSpace_v251,"Frontal pole, cerebral cortex",35,40,-5
LatentSpace_v251,Orbital area,24,35,-11
LatentSpace_v251,Posterior parietal association areas,35,38,-3
LatentSpace_v251,Perirhinal area,22,32,-10
LatentSpace_v251,Primary somatosensory area,31,35,-4
LatentSpace_v251,Supplemental somatosensory area,38,38,0
LatentSpace_v251,Temporal association areas,27,33,-6
LatentSpace_v251,Visual areas,35,38,-3
LatentSpace_v251,Pallidum,8,6,2
LatentSpace_v251,Striatum ventral region,10,3,7
LatentSpace_v251,Lateral septal complex,9,4,5
LatentSpace_v251,Caudoputamen,3,3,0
LatentSpace_v251,Medial amygdalar nucleus,12,7,5
LatentSpace_v251,Hypothalamus,8,9,-1
LatentSpace_v251,Thalamus,5,1,4
LatentSpace_v251,Inferior colliculus,11,9,2
LatentSpace_v251,"Superior colliculus, sensory related",13,10,3
LatentSpace_v251,Midbrain raphe nuclei,17,12,5
LatentSpace_v251,Midbrain-other,15,10,5
LatentSpace_v251,Periaqueductal gray,15,11,4
LatentSpace_v251,Pons,11,9,2
LatentSpace_v251,Medulla,11,9,2
LatentSpace_v251,Lingula (I),27,34,-7
LatentSpace_v251,Central lobule,30,34,-4
LatentSpace_v251,Culmen,29,34,-5
LatentSpace_v251,Declive (VI),23,28,-5
LatentSpace_v251,Folium-tuber vermis (VII),24,31,-7
LatentSpace_v251,Pyramus (VIII),31,32,-1
LatentSpace_v251,Uvula (IX),37,34,3
LatentSpace_v251,Nodulus (X),23,35,-12
LatentSpace_v251,Simple lobule,22,29,-7
LatentSpace_v251,Crus 1,22,26,-4
LatentSpace_v251,Crus 2,21,27,-6
LatentSpace_v251,Paramedian lobule,23,33,-10
LatentSpace_v251,Copula pyramidis,33,34,-1
LatentSpace_v251,Flocculus,34,34,0
LatentSpace_v251,Paraflocculus,29,36,-7
LatentSpace_v251,Cerebellar nuclei,18,11,7
LatentSpace_v252,Cortical subplate-other,10,15,-5
LatentSpace_v252,Claustrum,32,33,-1
LatentSpace_v252,Endopiriform nucleus,20,32,-12
LatentSpace_v252,Olfactory areas-other,13,33,-20
LatentSpace_v252,Postpiriform transition area,11,27,-16
LatentSpace_v252,Piriform area,18,34,-16
LatentSpace_v252,Taenia tecta,9,28,-19
LatentSpace_v252,Cortical amygdalar area,7,19,-12
LatentSpace_v252,Piriform-amygdalar area,12,28,-16
LatentSpace_v252,Main olfactory bulb,5,10,-5
LatentSpace_v252,Accessory olfactory bulb,23,19,4
LatentSpace_v252,Anterior olfactory nucleus,12,32,-20
LatentSpace_v252,Subiculum,8,35,-27
LatentSpace_v252,Entorhinal area,15,22,-7
LatentSpace_v252,Field CA1,8,25,-17
LatentSpace_v252,Field CA2,19,14,5
LatentSpace_v252,Field CA3,6,8,-2
LatentSpace_v252,Dentate gyrus,8,3,5
LatentSpace_v252,Anterior cingulate area,37,39,-2
LatentSpace_v252,Infralimbic area,11,26,-15
LatentSpace_v252,Retrosplenial area,19,36,-17
LatentSpace_v252,Prelimbic area,29,35,-6
LatentSpace_v252,Primary auditory area,35,38,-3
LatentSpace_v252,Dorsal auditory area,35,38,-3
LatentSpace_v252,Ventral auditory area,37,38,-1
LatentSpace_v252,Agranular insular area,23,37,-14
LatentSpace_v252,Ectorhinal area,27,33,-6
LatentSpace_v252,Primary motor area,34,38,-4
LatentSpace_v252,Secondary motor area,33,38,-5
LatentSpace_v252,"Frontal pole, cerebral cortex",27,40,-13
LatentSpace_v252,Orbital area,26,35,-9
LatentSpace_v252,Posterior parietal association areas,34,38,-4
LatentSpace_v252,Perirhinal area,22,32,-10
LatentSpace_v252,Primary somatosensory area,30,35,-5
LatentSpace_v252,Supplemental somatosensory area,37,38,-1
LatentSpace_v252,Temporal association areas,35,33,2
LatentSpace_v252,Visual areas,32,38,-6
LatentSpace_v252,Pallidum,8,6,2
LatentSpace_v252,Striatum ventral region,7,3,4
LatentSpace_v252,Lateral septal complex,11,4,7
LatentSpace_v252,Caudoputamen,3,3,0
LatentSpace_v252,Medial amygdalar nucleus,7,7,0
LatentSpace_v252,Hypothalamus,3,9,-6
LatentSpace_v252,Thalamus,3,1,2
LatentSpace_v252,Inferior colliculus,10,9,1
LatentSpace_v252,"Superior colliculus, sensory related",7,10,-3
LatentSpace_v252,Midbrain raphe nuclei,14,12,2
LatentSpace_v252,Midbrain-other,12,10,2
LatentSpace_v252,Periaqueductal gray,11,11,0
LatentSpace_v252,Pons,11,9,2
LatentSpace_v252,Medulla,12,9,3
LatentSpace_v252,Lingula (I),14,34,-20
LatentSpace_v252,Central lobule,24,34,-10
LatentSpace_v252,Culmen,24,34,-10
LatentSpace_v252,Declive (VI),23,28,-5
LatentSpace_v252,Folium-tuber vermis (VII),23,31,-8
LatentSpace_v252,Pyramus (VIII),29,32,-3
LatentSpace_v252,Uvula (IX),31,34,-3
LatentSpace_v252,Nodulus (X),17,35,-18
LatentSpace_v252,Simple lobule,22,29,-7
LatentSpace_v252,Crus 1,22,26,-4
LatentSpace_v252,Crus 2,21,27,-6
LatentSpace_v252,Paramedian lobule,23,33,-10
LatentSpace_v252,Copula pyramidis,31,34,-3
LatentSpace_v252,Flocculus,18,34,-16
LatentSpace_v252,Paraflocculus,31,36,-5
LatentSpace_v252,Cerebellar nuclei,24,11,13
LatentSpace_v253,Cortical subplate-other,9,15,-6
LatentSpace_v253,Claustrum,24,33,-9
LatentSpace_v253,Endopiriform nucleus,14,32,-18
LatentSpace_v253,Olfactory areas-other,13,33,-20
LatentSpace_v253,Postpiriform transition area,9,27,-18
LatentSpace_v253,Piriform area,16,34,-18
LatentSpace_v253,Taenia tecta,11,28,-17
LatentSpace_v253,Cortical amygdalar area,6,19,-13
LatentSpace_v253,Piriform-amygdalar area,4,28,-24
LatentSpace_v253,Main olfactory bulb,15,10,5
LatentSpace_v253,Accessory olfactory bulb,37,19,18
LatentSpace_v253,Anterior olfactory nucleus,14,32,-18
LatentSpace_v253,Subiculum,4,35,-31
LatentSpace_v253,Entorhinal area,9,22,-13
LatentSpace_v253,Field CA1,8,25,-17
LatentSpace_v253,Field CA2,7,14,-7
LatentSpace_v253,Field CA3,6,8,-2
LatentSpace_v253,Dentate gyrus,7,3,4
LatentSpace_v253,Anterior cingulate area,38,39,-1
LatentSpace_v253,Infralimbic area,9,26,-17
LatentSpace_v253,Retrosplenial area,30,36,-6
LatentSpace_v253,Prelimbic area,29,35,-6
LatentSpace_v253,Primary auditory area,38,38,0
LatentSpace_v253,Dorsal auditory area,36,38,-2
LatentSpace_v253,Ventral auditory area,39,38,1
LatentSpace_v253,Agranular insular area,25,37,-12
LatentSpace_v253,Ectorhinal area,23,33,-10
LatentSpace_v253,Primary motor area,35,38,-3
LatentSpace_v253,Secondary motor area,37,38,-1
LatentSpace_v253,"Frontal pole, cerebral cortex",36,40,-4
LatentSpace_v253,Orbital area,27,35,-8
LatentSpace_v253,Posterior parietal association areas,35,38,-3
LatentSpace_v253,Perirhinal area,16,32,-16
LatentSpace_v253,Primary somatosensory area,35,35,0
LatentSpace_v253,Supplemental somatosensory area,38,38,0
LatentSpace_v253,Temporal association areas,33,33,0
LatentSpace_v253,Visual areas,35,38,-3
LatentSpace_v253,Pallidum,7,6,1
LatentSpace_v253,Striatum ventral region,7,3,4
LatentSpace_v253,Lateral septal complex,13,4,9
LatentSpace_v253,Caudoputamen,3,3,0
LatentSpace_v253,Medial amygdalar nucleus,9,7,2
LatentSpace_v253,Hypothalamus,6,9,-3
LatentSpace_v253,Thalamus,8,1,7
LatentSpace_v253,Inferior colliculus,7,9,-2
LatentSpace_v253,"Superior colliculus, sensory related",5,10,-5
LatentSpace_v253,Midbrain raphe nuclei,16,12,4
LatentSpace_v253,Midbrain-other,14,10,4
LatentSpace_v253,Periaqueductal gray,14,11,3
LatentSpace_v253,Pons,10,9,1
LatentSpace_v253,Medulla,12,9,3
LatentSpace_v253,Lingula (I),13,34,-21
LatentSpace_v253,Central lobule,23,34,-11
LatentSpace_v253,Culmen,30,34,-4
LatentSpace_v253,Declive (VI),23,28,-5
LatentSpace_v253,Folium-tuber vermis (VII),23,31,-8
LatentSpace_v253,Pyramus (VIII),24,32,-8
LatentSpace_v253,Uvula (IX),20,34,-14
LatentSpace_v253,Nodulus (X),15,35,-20
LatentSpace_v253,Simple lobule,24,29,-5
LatentSpace_v253,Crus 1,23,26,-3
LatentSpace_v253,Crus 2,23,27,-4
LatentSpace_v253,Paramedian lobule,23,33,-10
LatentSpace_v253,Copula pyramidis,25,34,-9
LatentSpace_v253,Flocculus,34,34,0
LatentSpace_v253,Paraflocculus,28,36,-8
LatentSpace_v253,Cerebellar nuclei,25,11,14
LatentSpace_v254,Cortical subplate-other,14,15,-1
LatentSpace_v254,Claustrum,17,33,-16
LatentSpace_v254,Endopiriform nucleus,13,32,-19
LatentSpace_v254,Olfactory areas-other,10,33,-23
LatentSpace_v254,Postpiriform transition area,13,27,-14
LatentSpace_v254,Piriform area,11,34,-23
LatentSpace_v254,Taenia tecta,14,28,-14
LatentSpace_v254,Cortical amygdalar area,13,19,-6
LatentSpace_v254,Piriform-amygdalar area,14,28,-14
LatentSpace_v254,Main olfactory bulb,23,10,13
LatentSpace_v254,Accessory olfactory bulb,5,19,-14
LatentSpace_v254,Anterior olfactory nucleus,9,32,-23
LatentSpace_v254,Subiculum,3,35,-32
LatentSpace_v254,Entorhinal area,11,22,-11
LatentSpace_v254,Field CA1,5,25,-20
LatentSpace_v254,Field CA2,6,14,-8
LatentSpace_v254,Field CA3,8,8,0
LatentSpace_v254,Dentate gyrus,9,3,6
LatentSpace_v254,Anterior cingulate area,32,39,-7
LatentSpace_v254,Infralimbic area,13,26,-13
LatentSpace_v254,Retrosplenial area,23,36,-13
LatentSpace_v254,Prelimbic area,24,35,-11
LatentSpace_v254,Primary auditory area,35,38,-3
LatentSpace_v254,Dorsal auditory area,35,38,-3
LatentSpace_v254,Ventral auditory area,28,38,-10
LatentSpace_v254,Agranular insular area,22,37,-15
LatentSpace_v254,Ectorhinal area,20,33,-13
LatentSpace_v254,Primary motor area,35,38,-3
LatentSpace_v254,Secondary motor area,35,38,-3
LatentSpace_v254,"Frontal pole, cerebral cortex",24,40,-16
LatentSpace_v254,Orbital area,20,35,-15
LatentSpace_v254,Posterior parietal association areas,30,38,-8
LatentSpace_v254,Perirhinal area,14,32,-18
LatentSpace_v254,Primary somatosensory area,31,35,-4
LatentSpace_v254,Supplemental somatosensory area,34,38,-4
LatentSpace_v254,Temporal association areas,23,33,-10
LatentSpace_v254,Visual areas,32,38,-6
LatentSpace_v254,Pallidum,22,6,16
LatentSpace_v254,Striatum ventral region,10,3,7
LatentSpace_v254,Lateral septal complex,16,4,12
LatentSpace_v254,Caudoputamen,3,3,0
LatentSpace_v254,Medial amygdalar nucleus,13,7,6
LatentSpace_v254,Hypothalamus,13,9,4
LatentSpace_v254,Thalamus,8,1,7
LatentSpace_v254,Inferior colliculus,32,9,23
LatentSpace_v254,"Superior colliculus, sensory related",12,10,2
LatentSpace_v254,Midbrain raphe nuclei,15,12,3
LatentSpace_v254,Midbrain-other,13,10,3
LatentSpace_v254,Periaqueductal gray,13,11,2
LatentSpace_v254,Pons,13,9,4
LatentSpace_v254,Medulla,13,9,4
LatentSpace_v254,Lingula (I),18,34,-16
LatentSpace_v254,Central lobule,31,34,-3
LatentSpace_v254,Culmen,24,34,-10
LatentSpace_v254,Declive (VI),23,28,-5
LatentSpace_v254,Folium-tuber vermis (VII),23,31,-8
LatentSpace_v254,Pyramus (VIII),25,32,-7
LatentSpace_v254,Uvula (IX),31,34,-3
LatentSpace_v254,Nodulus (X),24,35,-11
LatentSpace_v254,Simple lobule,23,29,-6
LatentSpace_v254,Crus 1,22,26,-4
LatentSpace_v254,Crus 2,22,27,-5
LatentSpace_v254,Paramedian lobule,23,33,-10
LatentSpace_v254,Copula pyramidis,25,34,-9
LatentSpace_v254,Flocculus,25,34,-9
LatentSpace_v254,Paraflocculus,26,36,-10
LatentSpace_v254,Cerebellar nuclei,23,11,12
LatentSpace_v255,Cortical subplate-other,9,15,-6
LatentSpace_v255,Claustrum,27,33,-6
LatentSpace_v255,Endopiriform nucleus,18,32,-14
LatentSpace_v255,Olfactory areas-other,12,33,-21
LatentSpace_v255,Postpiriform transition area,12,27,-15
LatentSpace_v255,Piriform area,17,34,-17
LatentSpace_v255,Taenia tecta,5,28,-23
LatentSpace_v255,Cortical amygdalar area,8,19,-11
LatentSpace_v255,Piriform-amygdalar area,12,28,-16
LatentSpace_v255,Main olfactory bulb,23,10,13
LatentSpace_v255,Accessory olfactory bulb,31,19,12
LatentSpace_v255,Anterior olfactory nucleus,9,32,-23
LatentSpace_v255,Subiculum,2,35,-33
LatentSpace_v255,Entorhinal area,14,22,-8
LatentSpace_v255,Field CA1,5,25,-20
LatentSpace_v255,Field CA2,5,14,-9
LatentSpace_v255,Field CA3,5,8,-3
LatentSpace_v255,Dentate gyrus,7,3,4
LatentSpace_v255,Anterior cingulate area,36,39,-3
LatentSpace_v255,Infralimbic area,9,26,-17
LatentSpace_v255,Retrosplenial area,23,36,-13
LatentSpace_v255,Prelimbic area,24,35,-11
LatentSpace_v255,Primary auditory area,35,38,-3
LatentSpace_v255,Dorsal auditory area,31,38,-7
LatentSpace_v255,Ventral auditory area,38,38,0
LatentSpace_v255,Agranular insular area,24,37,-13
LatentSpace_v255,Ectorhinal area,22,33,-11
LatentSpace_v255,Primary motor area,35,38,-3
LatentSpace_v255,Secondary motor area,37,38,-1
LatentSpace_v255,"Frontal pole, cerebral cortex",34,40,-6
LatentSpace_v255,Orbital area,23,35,-12
LatentSpace_v255,Posterior parietal association areas,33,38,-5
LatentSpace_v255,Perirhinal area,18,32,-14
LatentSpace_v255,Primary somatosensory area,28,35,-7
LatentSpace_v255,Supplemental somatosensory area,36,38,-2
LatentSpace_v255,Temporal association areas,27,33,-6
LatentSpace_v255,Visual areas,31,38,-7
LatentSpace_v255,Pallidum,7,6,1
LatentSpace_v255,Striatum ventral region,6,3,3
LatentSpace_v255,Lateral septal complex,9,4,5
LatentSpace_v255,Caudoputamen,3,3,0
LatentSpace_v255,Medial amygdalar nucleus,10,7,3
LatentSpace_v255,Hypothalamus,5,9,-4
LatentSpace_v255,Thalamus,10,1,9
LatentSpace_v255,Inferior colliculus,6,9,-3
LatentSpace_v255,"Superior colliculus, sensory related",6,10,-4
LatentSpace_v255,Midbrain raphe nuclei,14,12,2
LatentSpace_v255,Midbrain-other,13,10,3
LatentSpace_v255,Periaqueductal gray,14,11,3
LatentSpace_v255,Pons,9,9,0
LatentSpace_v255,Medulla,9,9,0
LatentSpace_v255,Lingula (I),13,34,-21
LatentSpace_v255,Central lobule,9,34,-25
LatentSpace_v255,Culmen,26,34,-8
LatentSpace_v255,Declive (VI),23,28,-5
LatentSpace_v255,Folium-tuber vermis (VII),23,31,-8
LatentSpace_v255,Pyramus (VIII),23,32,-9
LatentSpace_v255,Uvula (IX),29,34,-5
LatentSpace_v255,Nodulus (X),19,35,-16
LatentSpace_v255,Simple lobule,22,29,-7
LatentSpace_v255,Crus 1,22,26,-4
LatentSpace_v255,Crus 2,22,27,-5
LatentSpace_v255,Paramedian lobule,23,33,-10
LatentSpace_v255,Copula pyramidis,26,34,-8
LatentSpace_v255,Flocculus,15,34,-19
LatentSpace_v255,Paraflocculus,26,36,-10
LatentSpace_v255,Cerebellar nuclei,14,11,3
LatentSpace_v256,Cortical subplate-other,11,15,-4
LatentSpace_v256,Claustrum,24,33,-9
LatentSpace_v256,Endopiriform nucleus,11,32,-21
LatentSpace_v256,Olfactory areas-other,11,33,-22
LatentSpace_v256,Postpiriform transition area,7,27,-20
LatentSpace_v256,Piriform area,11,34,-23
LatentSpace_v256,Taenia tecta,13,28,-15
LatentSpace_v256,Cortical amygdalar area,9,19,-10
LatentSpace_v256,Piriform-amygdalar area,5,28,-23
LatentSpace_v256,Main olfactory bulb,20,10,10
LatentSpace_v256,Accessory olfactory bulb,34,19,15
LatentSpace_v256,Anterior olfactory nucleus,11,32,-21
LatentSpace_v256,Subiculum,4,35,-31
LatentSpace_v256,Entorhinal area,11,22,-11
LatentSpace_v256,Field CA1,9,25,-16
LatentSpace_v256,Field CA2,9,14,-5
LatentSpace_v256,Field CA3,5,8,-3
LatentSpace_v256,Dentate gyrus,8,3,5
LatentSpace_v256,Anterior cingulate area,36,39,-3
LatentSpace_v256,Infralimbic area,9,26,-17
LatentSpace_v256,Retrosplenial area,27,36,-9
LatentSpace_v256,Prelimbic area,26,35,-9
LatentSpace_v256,Primary auditory area,37,38,-1
LatentSpace_v256,Dorsal auditory area,35,38,-3
LatentSpace_v256,Ventral auditory area,38,38,0
LatentSpace_v256,Agranular insular area,22,37,-15
LatentSpace_v256,Ectorhinal area,23,33,-10
LatentSpace_v256,Primary motor area,35,38,-3
LatentSpace_v256,Secondary motor area,36,38,-2
LatentSpace_v256,"Frontal pole, cerebral cortex",35,40,-5
LatentSpace_v256,Orbital area,24,35,-11
LatentSpace_v256,Posterior parietal association areas,35,38,-3
LatentSpace_v256,Perirhinal area,13,32,-19
LatentSpace_v256,Primary somatosensory area,34,35,-1
LatentSpace_v256,Supplemental somatosensory area,37,38,-1
LatentSpace_v256,Temporal association areas,30,33,-3
LatentSpace_v256,Visual areas,35,38,-3
LatentSpace_v256,Pallidum,11,6,5
LatentSpace_v256,Striatum ventral region,7,3,4
LatentSpace_v256,Lateral septal complex,9,4,5
LatentSpace_v256,Caudoputamen,3,3,0
LatentSpace_v256,Medial amygdalar nucleus,12,7,5
LatentSpace_v256,Hypothalamus,14,9,5
LatentSpace_v256,Thalamus,10,1,9
LatentSpace_v256,Inferior colliculus,8,9,-1
LatentSpace_v256,"Superior colliculus, sensory related",6,10,-4
LatentSpace_v256,Midbrain raphe nuclei,15,12,3
LatentSpace_v256,Midbrain-other,11,10,1
LatentSpace_v256,Periaqueductal gray,12,11,1
LatentSpace_v256,Pons,11,9,2
LatentSpace_v256,Medulla,13,9,4
LatentSpace_v256,Lingula (I),13,34,-21
LatentSpace_v256,Central lobule,19,34,-15
LatentSpace_v256,Culmen,26,34,-8
LatentSpace_v256,Declive (VI),22,28,-6
LatentSpace_v256,Folium-tuber vermis (VII),23,31,-8
LatentSpace_v256,Pyramus (VIII),27,32,-5
LatentSpace_v256,Uvula (IX),34,34,0
LatentSpace_v256,Nodulus (X),24,35,-11
LatentSpace_v256,Simple lobule,22,29,-7
LatentSpace_v256,Crus 1,22,26,-4
LatentSpace_v256,Crus 2,21,27,-6
LatentSpace_v256,Paramedian lobule,23,33,-10
LatentSpace_v256,Copula pyramidis,24,34,-10
LatentSpace_v256,Flocculus,33,34,-1
LatentSpace_v256,Paraflocculus,30,36,-6
LatentSpace_v256,Cerebellar nuclei,34,11,23
LatentSpace_v257,Cortical subplate-other,6,15,-9
LatentSpace_v257,Claustrum,25,33,-8
LatentSpace_v257,Endopiriform nucleus,9,32,-23
LatentSpace_v257,Olfactory areas-other,13,33,-20
LatentSpace_v257,Postpiriform transition area,13,27,-14
LatentSpace_v257,Piriform area,16,34,-18
LatentSpace_v257,Taenia tecta,12,28,-16
LatentSpace_v257,Cortical amygdalar area,9,19,-10
LatentSpace_v257,Piriform-amygdalar area,10,28,-18
LatentSpace_v257,Main olfactory bulb,11,10,1
LatentSpace_v257,Accessory olfactory bulb,21,19,2
LatentSpace_v257,Anterior olfactory nucleus,12,32,-20
LatentSpace_v257,Subiculum,3,35,-32
LatentSpace_v257,Entorhinal area,19,22,-3
LatentSpace_v257,Field CA1,6,25,-19
LatentSpace_v257,Field CA2,20,14,6
LatentSpace_v257,Field CA3,6,8,-2
LatentSpace_v257,Dentate gyrus,6,3,3
LatentSpace_v257,Anterior cingulate area,35,39,-4
LatentSpace_v257,Infralimbic area,10,26,-16
LatentSpace_v257,Retrosplenial area,19,36,-17
LatentSpace_v257,Prelimbic area,27,35,-8
LatentSpace_v257,Primary auditory area,36,38,-2
LatentSpace_v257,Dorsal auditory area,35,38,-3
LatentSpace_v257,Ventral auditory area,35,38,-3
LatentSpace_v257,Agranular insular area,22,37,-15
LatentSpace_v257,Ectorhinal area,23,33,-10
LatentSpace_v257,Primary motor area,33,38,-5
LatentSpace_v257,Secondary motor area,34,38,-4
LatentSpace_v257,"Frontal pole, cerebral cortex",26,40,-14
LatentSpace_v257,Orbital area,24,35,-11
LatentSpace_v257,Posterior parietal association areas,31,38,-7
LatentSpace_v257,Perirhinal area,18,32,-14
LatentSpace_v257,Primary somatosensory area,28,35,-7
LatentSpace_v257,Supplemental somatosensory area,36,38,-2
LatentSpace_v257,Temporal association areas,28,33,-5
LatentSpace_v257,Visual areas,32,38,-6
LatentSpace_v257,Pallidum,7,6,1
LatentSpace_v257,Striatum ventral region,8,3,5
LatentSpace_v257,Lateral septal complex,10,4,6
LatentSpace_v257,Caudoputamen,3,3,0
LatentSpace_v257,Medial amygdalar nucleus,8,7,1
LatentSpace_v257,Hypothalamus,7,9,-2
LatentSpace_v257,Thalamus,2,1,1
LatentSpace_v257,Inferior colliculus,5,9,-4
LatentSpace_v257,"Superior colliculus, sensory related",3,10,-7
LatentSpace_v257,Midbrain raphe nuclei,13,12,1
LatentSpace_v257,Midbrain-other,9,10,-1
LatentSpace_v257,Periaqueductal gray,6,11,-5
LatentSpace_v257,Pons,8,9,-1
LatentSpace_v257,Medulla,5,9,-4
LatentSpace_v257,Lingula (I),11,34,-23
LatentSpace_v257,Central lobule,11,34,-23
LatentSpace_v257,Culmen,27,34,-7
LatentSpace_v257,Declive (VI),23,28,-5
LatentSpace_v257,Folium-tuber vermis (VII),23,31,-8
LatentSpace_v257,Pyramus (VIII),24,32,-8
LatentSpace_v257,Uvula (IX),9,34,-25
LatentSpace_v257,Nodulus (X),11,35,-24
LatentSpace_v257,Simple lobule,24,29,-5
LatentSpace_v257,Crus 1,22,26,-4
LatentSpace_v257,Crus 2,22,27,-5
LatentSpace_v257,Paramedian lobule,23,33,-10
LatentSpace_v257,Copula pyramidis,27,34,-7
LatentSpace_v257,Flocculus,8,34,-26
LatentSpace_v257,Paraflocculus,26,36,-10
LatentSpace_v257,Cerebellar nuclei,10,11,-1
LatentSpace_v258,Cortical subplate-other,13,15,-2
LatentSpace_v258,Claustrum,25,33,-8
LatentSpace_v258,Endopiriform nucleus,14,32,-18
LatentSpace_v258,Olfactory areas-other,11,33,-22
LatentSpace_v258,Postpiriform transition area,10,27,-17
LatentSpace_v258,Piriform area,15,34,-19
LatentSpace_v258,Taenia tecta,14,28,-14
LatentSpace_v258,Cortical amygdalar area,12,19,-7
LatentSpace_v258,Piriform-amygdalar area,9,28,-19
LatentSpace_v258,Main olfactory bulb,18,10,8
LatentSpace_v258,Accessory olfactory bulb,26,19,7
LatentSpace_v258,Anterior olfactory nucleus,12,32,-20
LatentSpace_v258,Subiculum,7,35,-28
LatentSpace_v258,Entorhinal area,9,22,-13
LatentSpace_v258,Field CA1,8,25,-17
LatentSpace_v258,Field CA2,7,14,-7
LatentSpace_v258,Field CA3,5,8,-3
LatentSpace_v258,Dentate gyrus,8,3,5
LatentSpace_v258,Anterior cingulate area,38,39,-1
LatentSpace_v258,Infralimbic area,12,26,-14
LatentSpace_v258,Retrosplenial area,30,36,-6
LatentSpace_v258,Prelimbic area,25,35,-10
LatentSpace_v258,Primary auditory area,35,38,-3
LatentSpace_v258,Dorsal auditory area,35,38,-3
LatentSpace_v258,Ventral auditory area,38,38,0
LatentSpace_v258,Agranular insular area,23,37,-14
LatentSpace_v258,Ectorhinal area,24,33,-9
LatentSpace_v258,Primary motor area,35,38,-3
LatentSpace_v258,Secondary motor area,37,38,-1
LatentSpace_v258,"Frontal pole, cerebral cortex",30,40,-10
LatentSpace_v258,Orbital area,24,35,-11
LatentSpace_v258,Posterior parietal association areas,35,38,-3
LatentSpace_v258,Perirhinal area,17,32,-15
LatentSpace_v258,Primary somatosensory area,35,35,0
LatentSpace_v258,Supplemental somatosensory area,37,38,-1
LatentSpace_v258,Temporal association areas,36,33,3
LatentSpace_v258,Visual areas,35,38,-3
LatentSpace_v258,Pallidum,10,6,4
LatentSpace_v258,Striatum ventral region,8,3,5
LatentSpace_v258,Lateral septal complex,15,4,11
LatentSpace_v258,Caudoputamen,3,3,0
LatentSpace_v258,Medial amygdalar nucleus,12,7,5
LatentSpace_v258,Hypothalamus,14,9,5
LatentSpace_v258,Thalamus,11,1,10
LatentSpace_v258,Inferior colliculus,8,9,-1
LatentSpace_v258,"Superior colliculus, sensory related",12,10,2
LatentSpace_v258,Midbrain raphe nuclei,15,12,3
LatentSpace_v258,Midbrain-other,14,10,4
LatentSpace_v258,Periaqueductal gray,14,11,3
LatentSpace_v258,Pons,10,9,1
LatentSpace_v258,Medulla,9,9,0
LatentSpace_v258,Lingula (I),13,34,-21
LatentSpace_v258,Central lobule,15,34,-19
LatentSpace_v258,Culmen,26,34,-8
LatentSpace_v258,Declive (VI),22,28,-6
LatentSpace_v258,Folium-tuber vermis (VII),22,31,-9
LatentSpace_v258,Pyramus (VIII),24,32,-8
LatentSpace_v258,Uvula (IX),31,34,-3
LatentSpace_v258,Nodulus (X),18,35,-17
LatentSpace_v258,Simple lobule,22,29,-7
LatentSpace_v258,Crus 1,21,26,-5
LatentSpace_v258,Crus 2,21,27,-6
LatentSpace_v258,Paramedian lobule,23,33,-10
LatentSpace_v258,Copula pyramidis,23,34,-11
LatentSpace_v258,Flocculus,26,34,-8
LatentSpace_v258,Paraflocculus,31,36,-5
LatentSpace_v258,Cerebellar nuclei,14,11,3
LatentSpace_v259,Cortical subplate-other,8,15,-7
LatentSpace_v259,Claustrum,28,33,-5
LatentSpace_v259,Endopiriform nucleus,14,32,-18
LatentSpace_v259,Olfactory areas-other,10,33,-23
LatentSpace_v259,Postpiriform transition area,12,27,-15
LatentSpace_v259,Piriform area,16,34,-18
LatentSpace_v259,Taenia tecta,10,28,-18
LatentSpace_v259,Cortical amygdalar area,9,19,-10
LatentSpace_v259,Piriform-amygdalar area,12,28,-16
LatentSpace_v259,Main olfactory bulb,25,10,15
LatentSpace_v259,Accessory olfactory bulb,25,19,6
LatentSpace_v259,Anterior olfactory nucleus,6,32,-26
LatentSpace_v259,Subiculum,3,35,-32
LatentSpace_v259,Entorhinal area,12,22,-10
LatentSpace_v259,Field CA1,5,25,-20
LatentSpace_v259,Field CA2,8,14,-6
LatentSpace_v259,Field CA3,6,8,-2
LatentSpace_v259,Dentate gyrus,16,3,13
LatentSpace_v259,Anterior cingulate area,36,39,-3
LatentSpace_v259,Infralimbic area,10,26,-16
LatentSpace_v259,Retrosplenial area,23,36,-13
LatentSpace_v259,Prelimbic area,24,35,-11
LatentSpace_v259,Primary auditory area,35,38,-3
LatentSpace_v259,Dorsal auditory area,35,38,-3
LatentSpace_v259,Ventral auditory area,38,38,0
LatentSpace_v259,Agranular insular area,21,37,-16
LatentSpace_v259,Ectorhinal area,23,33,-10
LatentSpace_v259,Primary motor area,36,38,-2
LatentSpace_v259,Secondary motor area,36,38,-2
LatentSpace_v259,"Frontal pole, cerebral cortex",28,40,-12
LatentSpace_v259,Orbital area,24,35,-11
LatentSpace_v259,Posterior parietal association areas,35,38,-3
LatentSpace_v259,Perirhinal area,17,32,-15
LatentSpace_v259,Primary somatosensory area,32,35,-3
LatentSpace_v259,Supplemental somatosensory area,38,38,0
LatentSpace_v259,Temporal association areas,32,33,-1
LatentSpace_v259,Visual areas,35,38,-3
LatentSpace_v259,Pallidum,8,6,2
LatentSpace_v259,Striatum ventral region,6,3,3
LatentSpace_v259,Lateral septal complex,8,4,4
LatentSpace_v259,Caudoputamen,3,3,0
LatentSpace_v259,Medial amygdalar nucleus,9,7,2
LatentSpace_v259,Hypothalamus,10,9,1
LatentSpace_v259,Thalamus,12,1,11
LatentSpace_v259,Inferior colliculus,12,9,3
LatentSpace_v259,"Superior colliculus, sensory related",13,10,3
LatentSpace_v259,Midbrain raphe nuclei,16,12,4
LatentSpace_v259,Midbrain-other,14,10,4
LatentSpace_v259,Periaqueductal gray,13,11,2
LatentSpace_v259,Pons,8,9,-1
LatentSpace_v259,Medulla,9,9,0
LatentSpace_v259,Lingula (I),20,34,-14
LatentSpace_v259,Central lobule,19,34,-15
LatentSpace_v259,Culmen,32,34,-2
LatentSpace_v259,Declive (VI),23,28,-5
LatentSpace_v259,Folium-tuber vermis (VII),23,31,-8
LatentSpace_v259,Pyramus (VIII),24,32,-8
LatentSpace_v259,Uvula (IX),32,34,-2
LatentSpace_v259,Nodulus (X),19,35,-16
LatentSpace_v259,Simple lobule,22,29,-7
LatentSpace_v259,Crus 1,22,26,-4
LatentSpace_v259,Crus 2,21,27,-6
LatentSpace_v259,Paramedian lobule,23,33,-10
LatentSpace_v259,Copula pyramidis,25,34,-9
LatentSpace_v259,Flocculus,34,34,0
LatentSpace_v259,Paraflocculus,31,36,-5
LatentSpace_v259,Cerebellar nuclei,21,11,10
LatentSpace_v260,Cortical subplate-other,15,15,0
LatentSpace_v260,Claustrum,13,33,-20
LatentSpace_v260,Endopiriform nucleus,9,32,-23
LatentSpace_v260,Olfactory areas-other,16,33,-17
LatentSpace_v260,Postpiriform transition area,12,27,-15
LatentSpace_v260,Piriform area,15,34,-19
LatentSpace_v260,Taenia tecta,14,28,-14
LatentSpace_v260,Cortical amygdalar area,14,19,-5
LatentSpace_v260,Piriform-amygdalar area,13,28,-15
LatentSpace_v260,Main olfactory bulb,4,10,-6
LatentSpace_v260,Accessory olfactory bulb,3,19,-16
LatentSpace_v260,Anterior olfactory nucleus,14,32,-18
LatentSpace_v260,Subiculum,10,35,-25
LatentSpace_v260,Entorhinal area,15,22,-7
LatentSpace_v260,Field CA1,7,25,-18
LatentSpace_v260,Field CA2,10,14,-4
LatentSpace_v260,Field CA3,6,8,-2
LatentSpace_v260,Dentate gyrus,6,3,3
LatentSpace_v260,Anterior cingulate area,32,39,-7
LatentSpace_v260,Infralimbic area,12,26,-14
LatentSpace_v260,Retrosplenial area,23,36,-13
LatentSpace_v260,Prelimbic area,26,35,-9
LatentSpace_v260,Primary auditory area,37,38,-1
LatentSpace_v260,Dorsal auditory area,35,38,-3
LatentSpace_v260,Ventral auditory area,36,38,-2
LatentSpace_v260,Agranular insular area,24,37,-13
LatentSpace_v260,Ectorhinal area,23,33,-10
LatentSpace_v260,Primary motor area,32,38,-6
LatentSpace_v260,Secondary motor area,35,38,-3
LatentSpace_v260,"Frontal pole, cerebral cortex",31,40,-9
LatentSpace_v260,Orbital area,25,35,-10
LatentSpace_v260,Posterior parietal association areas,33,38,-5
LatentSpace_v260,Perirhinal area,18,32,-14
LatentSpace_v260,Primary somatosensory area,27,35,-8
LatentSpace_v260,Supplemental somatosensory area,37,38,-1
LatentSpace_v260,Temporal association areas,27,33,-6
LatentSpace_v260,Visual areas,31,38,-7
LatentSpace_v260,Pallidum,10,6,4
LatentSpace_v260,Striatum ventral region,9,3,6
LatentSpace_v260,Lateral septal complex,5,4,1
LatentSpace_v260,Caudoputamen,3,3,0
LatentSpace_v260,Medial amygdalar nucleus,14,7,7
LatentSpace_v260,Hypothalamus,13,9,4
LatentSpace_v260,Thalamus,10,1,9
LatentSpace_v260,Inferior colliculus,9,9,0
LatentSpace_v260,"Superior colliculus, sensory related",9,10,-1
LatentSpace_v260,Midbrain raphe nuclei,15,12,3
LatentSpace_v260,Midbrain-other,11,10,1
LatentSpace_v260,Periaqueductal gray,13,11,2
LatentSpace_v260,Pons,10,9,1
LatentSpace_v260,Medulla,10,9,1
LatentSpace_v260,Lingula (I),20,34,-14
LatentSpace_v260,Central lobule,20,34,-14
LatentSpace_v260,Culmen,27,34,-7
LatentSpace_v260,Declive (VI),23,28,-5
LatentSpace_v260,Folium-tuber vermis (VII),23,31,-8
LatentSpace_v260,Pyramus (VIII),29,32,-3
LatentSpace_v260,Uvula (IX),26,34,-8
LatentSpace_v260,Nodulus (X),23,35,-12
LatentSpace_v260,Simple lobule,23,29,-6
LatentSpace_v260,Crus 1,22,26,-4
LatentSpace_v260,Crus 2,21,27,-6
LatentSpace_v260,Paramedian lobule,23,33,-10
LatentSpace_v260,Copula pyramidis,23,34,-11
LatentSpace_v260,Flocculus,30,34,-4
LatentSpace_v260,Paraflocculus,30,36,-6
LatentSpace_v260,Cerebellar nuclei,25,11,14
LatentSpace_v261,Cortical subplate-other,7,15,-8
LatentSpace_v261,Claustrum,19,33,-14
LatentSpace_v261,Endopiriform nucleus,15,32,-17
LatentSpace_v261,Olfactory areas-other,13,33,-20
LatentSpace_v261,Postpiriform transition area,7,27,-20
LatentSpace_v261,Piriform area,17,34,-17
LatentSpace_v261,Taenia tecta,14,28,-14
LatentSpace_v261,Cortical amygdalar area,3,19,-16
LatentSpace_v261,Piriform-amygdalar area,5,28,-23
LatentSpace_v261,Main olfactory bulb,24,10,14
LatentSpace_v261,Accessory olfactory bulb,54,19,35
LatentSpace_v261,Anterior olfactory nucleus,14,32,-18
LatentSpace_v261,Subiculum,4,35,-31
LatentSpace_v261,Entorhinal area,15,22,-7
LatentSpace_v261,Field CA1,9,25,-16
LatentSpace_v261,Field CA2,9,14,-5
LatentSpace_v261,Field CA3,8,8,0
LatentSpace_v261,Dentate gyrus,7,3,4
LatentSpace_v261,Anterior cingulate area,35,39,-4
LatentSpace_v261,Infralimbic area,12,26,-14
LatentSpace_v261,Retrosplenial area,26,36,-10
LatentSpace_v261,Prelimbic area,29,35,-6
LatentSpace_v261,Primary auditory area,35,38,-3
LatentSpace_v261,Dorsal auditory area,32,38,-6
LatentSpace_v261,Ventral auditory area,38,38,0
LatentSpace_v261,Agranular insular area,23,37,-14
LatentSpace_v261,Ectorhinal area,23,33,-10
LatentSpace_v261,Primary motor area,35,38,-3
LatentSpace_v261,Secondary motor area,35,38,-3
LatentSpace_v261,"Frontal pole, cerebral cortex",35,40,-5
LatentSpace_v261,Orbital area,25,35,-10
LatentSpace_v261,Posterior parietal association areas,34,38,-4
LatentSpace_v261,Perirhinal area,21,32,-11
LatentSpace_v261,Primary somatosensory area,24,35,-11
LatentSpace_v261,Supplemental somatosensory area,36,38,-2
LatentSpace_v261,Temporal association areas,29,33,-4
LatentSpace_v261,Visual areas,29,38,-9
LatentSpace_v261,Pallidum,16,6,10
LatentSpace_v261,Striatum ventral region,6,3,3
LatentSpace_v261,Lateral septal complex,12,4,8
LatentSpace_v261,Caudoputamen,3,3,0
LatentSpace_v261,Medial amygdalar nucleus,8,7,1
LatentSpace_v261,Hypothalamus,12,9,3
LatentSpace_v261,Thalamus,3,1,2
LatentSpace_v261,Inferior colliculus,9,9,0
LatentSpace_v261,"Superior colliculus, sensory related",8,10,-2
LatentSpace_v261,Midbrain raphe nuclei,15,12,3
LatentSpace_v261,Midbrain-other,12,10,2
LatentSpace_v261,Periaqueductal gray,12,11,1
LatentSpace_v261,Pons,13,9,4
LatentSpace_v261,Medulla,12,9,3
LatentSpace_v261,Lingula (I),15,34,-19
LatentSpace_v261,Central lobule,14,34,-20
LatentSpace_v261,Culmen,34,34,0
LatentSpace_v261,Declive (VI),23,28,-5
LatentSpace_v261,Folium-tuber vermis (VII),24,31,-7
LatentSpace_v261,Pyramus (VIII),25,32,-7
LatentSpace_v261,Uvula (IX),33,34,-1
LatentSpace_v261,Nodulus (X),36,35,1
LatentSpace_v261,Simple lobule,27,29,-2
LatentSpace_v261,Crus 1,23,26,-3
LatentSpace_v261,Crus 2,23,27,-4
LatentSpace_v261,Paramedian lobule,23,33,-10
LatentSpace_v261,Copula pyramidis,28,34,-6
LatentSpace_v261,Flocculus,28,34,-6
LatentSpace_v261,Paraflocculus,23,36,-13
LatentSpace_v261,Cerebellar nuclei,15,11,4
LatentSpace_v262,Cortical subplate-other,9,15,-6
LatentSpace_v262,Claustrum,31,33,-2
LatentSpace_v262,Endopiriform nucleus,19,32,-13
LatentSpace_v262,Olfactory areas-other,20,33,-13
LatentSpace_v262,Postpiriform transition area,16,27,-11
LatentSpace_v262,Piriform area,23,34,-11
LatentSpace_v262,Taenia tecta,13,28,-15
LatentSpace_v262,Cortical amygdalar area,11,19,-8
LatentSpace_v262,Piriform-amygdalar area,16,28,-12
LatentSpace_v262,Main olfactory bulb,39,10,29
LatentSpace_v262,Accessory olfactory bulb,18,19,-1
LatentSpace_v262,Anterior olfactory nucleus,17,32,-15
LatentSpace_v262,Subiculum,3,35,-32
LatentSpace_v262,Entorhinal area,16,22,-6
LatentSpace_v262,Field CA1,8,25,-17
LatentSpace_v262,Field CA2,10,14,-4
LatentSpace_v262,Field CA3,11,8,3
LatentSpace_v262,Dentate gyrus,9,3,6
LatentSpace_v262,Anterior cingulate area,36,39,-3
LatentSpace_v262,Infralimbic area,12,26,-14
LatentSpace_v262,Retrosplenial area,19,36,-17
LatentSpace_v262,Prelimbic area,29,35,-6
LatentSpace_v262,Primary auditory area,35,38,-3
LatentSpace_v262,Dorsal auditory area,35,38,-3
LatentSpace_v262,Ventral auditory area,37,38,-1
LatentSpace_v262,Agranular insular area,26,37,-11
LatentSpace_v262,Ectorhinal area,24,33,-9
LatentSpace_v262,Primary motor area,34,38,-4
LatentSpace_v262,Secondary motor area,34,38,-4
LatentSpace_v262,"Frontal pole, cerebral cortex",34,40,-6
LatentSpace_v262,Orbital area,28,35,-7
LatentSpace_v262,Posterior parietal association areas,34,38,-4
LatentSpace_v262,Perirhinal area,19,32,-13
LatentSpace_v262,Primary somatosensory area,23,35,-12
LatentSpace_v262,Supplemental somatosensory area,36,38,-2
LatentSpace_v262,Temporal association areas,30,33,-3
LatentSpace_v262,Visual areas,31,38,-7
LatentSpace_v262,Pallidum,8,6,2
LatentSpace_v262,Striatum ventral region,8,3,5
LatentSpace_v262,Lateral septal complex,8,4,4
LatentSpace_v262,Caudoputamen,3,3,0
LatentSpace_v262,Medial amygdalar nucleus,10,7,3
LatentSpace_v262,Hypothalamus,10,9,1
LatentSpace_v262,Thalamus,10,1,9
LatentSpace_v262,Inferior colliculus,7,9,-2
LatentSpace_v262,"Superior colliculus, sensory related",6,10,-4
LatentSpace_v262,Midbrain raphe nuclei,16,12,4
LatentSpace_v262,Midbrain-other,11,10,1
LatentSpace_v262,Periaqueductal gray,11,11,0
LatentSpace_v262,Pons,9,9,0
LatentSpace_v262,Medulla,9,9,0
LatentSpace_v262,Lingula (I),10,34,-24
LatentSpace_v262,Central lobule,21,34,-13
LatentSpace_v262,Culmen,25,34,-9
LatentSpace_v262,Declive (VI),23,28,-5
LatentSpace_v262,Folium-tuber vermis (VII),23,31,-8
LatentSpace_v262,Pyramus (VIII),23,32,-9
LatentSpace_v262,Uvula (IX),30,34,-4
LatentSpace_v262,Nodulus (X),17,35,-18
LatentSpace_v262,Simple lobule,22,29,-7
LatentSpace_v262,Crus 1,22,26,-4
LatentSpace_v262,Crus 2,21,27,-6
LatentSpace_v262,Paramedian lobule,23,33,-10
LatentSpace_v262,Copula pyramidis,24,34,-10
LatentSpace_v262,Flocculus,32,34,-2
LatentSpace_v262,Paraflocculus,26,36,-10
LatentSpace_v262,Cerebellar nuclei,14,11,3
LatentSpace_v263,Cortical subplate-other,10,15,-5
LatentSpace_v263,Claustrum,25,33,-8
LatentSpace_v263,Endopiriform nucleus,15,32,-17
LatentSpace_v263,Olfactory areas-other,12,33,-21
LatentSpace_v263,Postpiriform transition area,12,27,-15
LatentSpace_v263,Piriform area,19,34,-15
LatentSpace_v263,Taenia tecta,10,28,-18
LatentSpace_v263,Cortical amygdalar area,10,19,-9
LatentSpace_v263,Piriform-amygdalar area,12,28,-16
LatentSpace_v263,Main olfactory bulb,28,10,18
LatentSpace_v263,Accessory olfactory bulb,13,19,-6
LatentSpace_v263,Anterior olfactory nucleus,9,32,-23
LatentSpace_v263,Subiculum,3,35,-32
LatentSpace_v263,Entorhinal area,14,22,-8
LatentSpace_v263,Field CA1,7,25,-18
LatentSpace_v263,Field CA2,6,14,-8
LatentSpace_v263,Field CA3,6,8,-2
LatentSpace_v263,Dentate gyrus,8,3,5
LatentSpace_v263,Anterior cingulate area,35,39,-4
LatentSpace_v263,Infralimbic area,11,26,-15
LatentSpace_v263,Retrosplenial area,25,36,-11
LatentSpace_v263,Prelimbic area,29,35,-6
LatentSpace_v263,Primary auditory area,35,38,-3
LatentSpace_v263,Dorsal auditory area,34,38,-4
LatentSpace_v263,Ventral auditory area,36,38,-2
LatentSpace_v263,Agranular insular area,25,37,-12
LatentSpace_v263,Ectorhinal area,24,33,-9
LatentSpace_v263,Primary motor area,35,38,-3
LatentSpace_v263,Secondary motor area,35,38,-3
LatentSpace_v263,"Frontal pole, cerebral cortex",36,40,-4
LatentSpace_v263,Orbital area,25,35,-10
LatentSpace_v263,Posterior parietal association areas,35,38,-3
LatentSpace_v263,Perirhinal area,17,32,-15
LatentSpace_v263,Primary somatosensory area,29,35,-6
LatentSpace_v263,Supplemental somatosensory area,35,38,-3
LatentSpace_v263,Temporal association areas,31,33,-2
LatentSpace_v263,Visual areas,35,38,-3
LatentSpace_v263,Pallidum,7,6,1
LatentSpace_v263,Striatum ventral region,7,3,4
LatentSpace_v263,Lateral septal complex,7,4,3
LatentSpace_v263,Caudoputamen,3,3,0
LatentSpace_v263,Medial amygdalar nucleus,11,7,4
LatentSpace_v263,Hypothalamus,8,9,-1
LatentSpace_v263,Thalamus,13,1,12
LatentSpace_v263,Inferior colliculus,9,9,0
LatentSpace_v263,"Superior colliculus, sensory related",9,10,-1
LatentSpace_v263,Midbrain raphe nuclei,14,12,2
LatentSpace_v263,Midbrain-other,12,10,2
LatentSpace_v263,Periaqueductal gray,13,11,2
LatentSpace_v263,Pons,10,9,1
LatentSpace_v263,Medulla,25,9,16
LatentSpace_v263,Lingula (I),15,34,-19
LatentSpace_v263,Central lobule,16,34,-18
LatentSpace_v263,Culmen,32,34,-2
LatentSpace_v263,Declive (VI),23,28,-5
LatentSpace_v263,Folium-tuber vermis (VII),23,31,-8
LatentSpace_v263,Pyramus (VIII),27,32,-5
LatentSpace_v263,Uvula (IX),31,34,-3
LatentSpace_v263,Nodulus (X),17,35,-18
LatentSpace_v263,Simple lobule,24,29,-5
LatentSpace_v263,Crus 1,23,26,-3
LatentSpace_v263,Crus 2,22,27,-5
LatentSpace_v263,Paramedian lobule,23,33,-10
LatentSpace_v263,Copula pyramidis,23,34,-11
LatentSpace_v263,Flocculus,25,34,-9
LatentSpace_v263,Paraflocculus,23,36,-13
LatentSpace_v263,Cerebellar nuclei,14,11,3
LatentSpace_v264,Cortical subplate-other,10,15,-5
LatentSpace_v264,Claustrum,23,33,-10
LatentSpace_v264,Endopiriform nucleus,15,32,-17
LatentSpace_v264,Olfactory areas-other,10,33,-23
LatentSpace_v264,Postpiriform transition area,12,27,-15
LatentSpace_v264,Piriform area,20,34,-14
LatentSpace_v264,Taenia tecta,8,28,-20
LatentSpace_v264,Cortical amygdalar area,8,19,-11
LatentSpace_v264,Piriform-amygdalar area,11,28,-17
LatentSpace_v264,Main olfactory bulb,24,10,14
LatentSpace_v264,Accessory olfactory bulb,47,19,28
LatentSpace_v264,Anterior olfactory nucleus,10,32,-22
LatentSpace_v264,Subiculum,2,35,-33
LatentSpace_v264,Entorhinal area,13,22,-9
LatentSpace_v264,Field CA1,6,25,-19
LatentSpace_v264,Field CA2,10,14,-4
LatentSpace_v264,Field CA3,5,8,-3
LatentSpace_v264,Dentate gyrus,6,3,3
LatentSpace_v264,Anterior cingulate area,35,39,-4
LatentSpace_v264,Infralimbic area,7,26,-19
LatentSpace_v264,Retrosplenial area,22,36,-14
LatentSpace_v264,Prelimbic area,28,35,-7
LatentSpace_v264,Primary auditory area,36,38,-2
LatentSpace_v264,Dorsal auditory area,35,38,-3
LatentSpace_v264,Ventral auditory area,38,38,0
LatentSpace_v264,Agranular insular area,26,37,-11
LatentSpace_v264,Ectorhinal area,25,33,-8
LatentSpace_v264,Primary motor area,36,38,-2
LatentSpace_v264,Secondary motor area,37,38,-1
LatentSpace_v264,"Frontal pole, cerebral cortex",35,40,-5
LatentSpace_v264,Orbital area,26,35,-9
LatentSpace_v264,Posterior parietal association areas,30,38,-8
LatentSpace_v264,Perirhinal area,22,32,-10
LatentSpace_v264,Primary somatosensory area,30,35,-5
LatentSpace_v264,Supplemental somatosensory area,37,38,-1
LatentSpace_v264,Temporal association areas,32,33,-1
LatentSpace_v264,Visual areas,31,38,-7
LatentSpace_v264,Pallidum,5,6,-1
LatentSpace_v264,Striatum ventral region,8,3,5
LatentSpace_v264,Lateral septal complex,8,4,4
LatentSpace_v264,Caudoputamen,3,3,0
LatentSpace_v264,Medial amygdalar nucleus,10,7,3
LatentSpace_v264,Hypothalamus,3,9,-6
LatentSpace_v264,Thalamus,5,1,4
LatentSpace_v264,Inferior colliculus,10,9,1
LatentSpace_v264,"Superior colliculus, sensory related",12,10,2
LatentSpace_v264,Midbrain raphe nuclei,14,12,2
LatentSpace_v264,Midbrain-other,13,10,3
LatentSpace_v264,Periaqueductal gray,12,11,1
LatentSpace_v264,Pons,11,9,2
LatentSpace_v264,Medulla,10,9,1
LatentSpace_v264,Lingula (I),15,34,-19
LatentSpace_v264,Central lobule,22,34,-12
LatentSpace_v264,Culmen,25,34,-9
LatentSpace_v264,Declive (VI),23,28,-5
LatentSpace_v264,Folium-tuber vermis (VII),23,31,-8
LatentSpace_v264,Pyramus (VIII),23,32,-9
LatentSpace_v264,Uvula (IX),19,34,-15
LatentSpace_v264,Nodulus (X),11,35,-24
LatentSpace_v264,Simple lobule,23,29,-6
LatentSpace_v264,Crus 1,23,26,-3
LatentSpace_v264,Crus 2,22,27,-5
LatentSpace_v264,Paramedian lobule,23,33,-10
LatentSpace_v264,Copula pyramidis,23,34,-11
LatentSpace_v264,Flocculus,12,34,-22
LatentSpace_v264,Paraflocculus,23,36,-13
LatentSpace_v264,Cerebellar nuclei,15,11,4
LatentSpace_v265,Cortical subplate-other,9,15,-6
LatentSpace_v265,Claustrum,19,33,-14
LatentSpace_v265,Endopiriform nucleus,9,32,-23
LatentSpace_v265,Olfactory areas-other,12,33,-21
LatentSpace_v265,Postpiriform transition area,11,27,-16
LatentSpace_v265,Piriform area,6,34,-28
LatentSpace_v265,Taenia tecta,12,28,-16
LatentSpace_v265,Cortical amygdalar area,8,19,-11
LatentSpace_v265,Piriform-amygdalar area,6,28,-22
LatentSpace_v265,Main olfactory bulb,27,10,17
LatentSpace_v265,Accessory olfactory bulb,31,19,12
LatentSpace_v265,Anterior olfactory nucleus,12,32,-20
LatentSpace_v265,Subiculum,5,35,-30
LatentSpace_v265,Entorhinal area,12,22,-10
LatentSpace_v265,Field CA1,7,25,-18
LatentSpace_v265,Field CA2,6,14,-8
LatentSpace_v265,Field CA3,7,8,-1
LatentSpace_v265,Dentate gyrus,7,3,4
LatentSpace_v265,Anterior cingulate area,36,39,-3
LatentSpace_v265,Infralimbic area,12,26,-14
LatentSpace_v265,Retrosplenial area,23,36,-13
LatentSpace_v265,Prelimbic area,27,35,-8
LatentSpace_v265,Primary auditory area,35,38,-3
LatentSpace_v265,Dorsal auditory area,35,38,-3
LatentSpace_v265,Ventral auditory area,37,38,-1
LatentSpace_v265,Agranular insular area,19,37,-18
LatentSpace_v265,Ectorhinal area,20,33,-13
LatentSpace_v265,Primary motor area,35,38,-3
LatentSpace_v265,Secondary motor area,36,38,-2
LatentSpace_v265,"Frontal pole, cerebral cortex",29,40,-11
LatentSpace_v265,Orbital area,22,35,-13
LatentSpace_v265,Posterior parietal association areas,35,38,-3
LatentSpace_v265,Perirhinal area,16,32,-16
LatentSpace_v265,Primary somatosensory area,28,35,-7
LatentSpace_v265,Supplemental somatosensory area,36,38,-2
LatentSpace_v265,Temporal association areas,30,33,-3
LatentSpace_v265,Visual areas,31,38,-7
LatentSpace_v265,Pallidum,10,6,4
LatentSpace_v265,Striatum ventral region,8,3,5
LatentSpace_v265,Lateral septal complex,13,4,9
LatentSpace_v265,Caudoputamen,3,3,0
LatentSpace_v265,Medial amygdalar nucleus,11,7,4
LatentSpace_v265,Hypothalamus,8,9,-1
LatentSpace_v265,Thalamus,5,1,4
LatentSpace_v265,Inferior colliculus,7,9,-2
LatentSpace_v265,"Superior colliculus, sensory related",8,10,-2
LatentSpace_v265,Midbrain raphe nuclei,15,12,3
LatentSpace_v265,Midbrain-other,14,10,4
LatentSpace_v265,Periaqueductal gray,13,11,2
LatentSpace_v265,Pons,11,9,2
LatentSpace_v265,Medulla,11,9,2
LatentSpace_v265,Lingula (I),13,34,-21
LatentSpace_v265,Central lobule,15,34,-19
LatentSpace_v265,Culmen,28,34,-6
LatentSpace_v265,Declive (VI),23,28,-5
LatentSpace_v265,Folium-tuber vermis (VII),23,31,-8
LatentSpace_v265,Pyramus (VIII),28,32,-4
LatentSpace_v265,Uvula (IX),34,34,0
LatentSpace_v265,Nodulus (X),19,35,-16
LatentSpace_v265,Simple lobule,22,29,-7
LatentSpace_v265,Crus 1,22,26,-4
LatentSpace_v265,Crus 2,22,27,-5
LatentSpace_v265,Paramedian lobule,23,33,-10
LatentSpace_v265,Copula pyramidis,24,34,-10
LatentSpace_v265,Flocculus,34,34,0
LatentSpace_v265,Paraflocculus,26,36,-10
LatentSpace_v265,Cerebellar nuclei,14,11,3
LatentSpace_v266,Cortical subplate-other,5,15,-10
LatentSpace_v266,Claustrum,26,33,-7
LatentSpace_v266,Endopiriform nucleus,8,32,-24
LatentSpace_v266,Olfactory areas-other,5,33,-28
LatentSpace_v266,Postpiriform transition area,5,27,-22
LatentSpace_v266,Piriform area,8,34,-26
LatentSpace_v266,Taenia tecta,7,28,-21
LatentSpace_v266,Cortical amygdalar area,4,19,-15
LatentSpace_v266,Piriform-amygdalar area,3,28,-25
LatentSpace_v266,Main olfactory bulb,21,10,11
LatentSpace_v266,Accessory olfactory bulb,35,19,16
LatentSpace_v266,Anterior olfactory nucleus,5,32,-27
LatentSpace_v266,Subiculum,3,35,-32
LatentSpace_v266,Entorhinal area,8,22,-14
LatentSpace_v266,Field CA1,7,25,-18
LatentSpace_v266,Field CA2,14,14,0
LatentSpace_v266,Field CA3,6,8,-2
LatentSpace_v266,Dentate gyrus,8,3,5
LatentSpace_v266,Anterior cingulate area,39,39,0
LatentSpace_v266,Infralimbic area,9,26,-17
LatentSpace_v266,Retrosplenial area,25,36,-11
LatentSpace_v266,Prelimbic area,27,35,-8
LatentSpace_v266,Primary auditory area,35,38,-3
LatentSpace_v266,Dorsal auditory area,35,38,-3
LatentSpace_v266,Ventral auditory area,38,38,0
LatentSpace_v266,Agranular insular area,23,37,-14
LatentSpace_v266,Ectorhinal area,25,33,-8
LatentSpace_v266,Primary motor area,35,38,-3
LatentSpace_v266,Secondary motor area,37,38,-1
LatentSpace_v266,"Frontal pole, cerebral cortex",35,40,-5
LatentSpace_v266,Orbital area,23,35,-12
LatentSpace_v266,Posterior parietal association areas,34,38,-4
LatentSpace_v266,Perirhinal area,20,32,-12
LatentSpace_v266,Primary somatosensory area,30,35,-5
LatentSpace_v266,Supplemental somatosensory area,36,38,-2
LatentSpace_v266,Temporal association areas,34,33,1
LatentSpace_v266,Visual areas,34,38,-4
LatentSpace_v266,Pallidum,12,6,6
LatentSpace_v266,Striatum ventral region,7,3,4
LatentSpace_v266,Lateral septal complex,6,4,2
LatentSpace_v266,Caudoputamen,3,3,0
LatentSpace_v266,Medial amygdalar nucleus,5,7,-2
LatentSpace_v266,Hypothalamus,8,9,-1
LatentSpace_v266,Thalamus,8,1,7
LatentSpace_v266,Inferior colliculus,13,9,4
LatentSpace_v266,"Superior colliculus, sensory related",7,10,-3
LatentSpace_v266,Midbrain raphe nuclei,12,12,0
LatentSpace_v266,Midbrain-other,12,10,2
LatentSpace_v266,Periaqueductal gray,12,11,1
LatentSpace_v266,Pons,10,9,1
LatentSpace_v266,Medulla,11,9,2
LatentSpace_v266,Lingula (I),13,34,-21
LatentSpace_v266,Central lobule,15,34,-19
LatentSpace_v266,Culmen,32,34,-2
LatentSpace_v266,Declive (VI),23,28,-5
LatentSpace_v266,Folium-tuber vermis (VII),23,31,-8
LatentSpace_v266,Pyramus (VIII),23,32,-9
LatentSpace_v266,Uvula (IX),34,34,0
LatentSpace_v266,Nodulus (X),18,35,-17
LatentSpace_v266,Simple lobule,22,29,-7
LatentSpace_v266,Crus 1,21,26,-5
LatentSpace_v266,Crus 2,21,27,-6
LatentSpace_v266,Paramedian lobule,22,33,-11
LatentSpace_v266,Copula pyramidis,28,34,-6
LatentSpace_v266,Flocculus,33,34,-1
LatentSpace_v266,Paraflocculus,24,36,-12
LatentSpace_v266,Cerebellar nuclei,19,11,8
LatentSpace_v267,Cortical subplate-other,14,15,-1
LatentSpace_v267,Claustrum,18,33,-15
LatentSpace_v267,Endopiriform nucleus,14,32,-18
LatentSpace_v267,Olfactory areas-other,20,33,-13
LatentSpace_v267,Postpiriform transition area,13,27,-14
LatentSpace_v267,Piriform area,18,34,-16
LatentSpace_v267,Taenia tecta,15,28,-13
LatentSpace_v267,Cortical amygdalar area,12,19,-7
LatentSpace_v267,Piriform-amygdalar area,12,28,-16
LatentSpace_v267,Main olfactory bulb,30,10,20
LatentSpace_v267,Accessory olfactory bulb,34,19,15
LatentSpace_v267,Anterior olfactory nucleus,14,32,-18
LatentSpace_v267,Subiculum,14,35,-21
LatentSpace_v267,Entorhinal area,14,22,-8
LatentSpace_v267,Field CA1,12,25,-13
LatentSpace_v267,Field CA2,11,14,-3
LatentSpace_v267,Field CA3,6,8,-2
LatentSpace_v267,Dentate gyrus,8,3,5
LatentSpace_v267,Anterior cingulate area,33,39,-6
LatentSpace_v267,Infralimbic area,18,26,-8
LatentSpace_v267,Retrosplenial area,30,36,-6
LatentSpace_v267,Prelimbic area,29,35,-6
LatentSpace_v267,Primary auditory area,36,38,-2
LatentSpace_v267,Dorsal auditory area,35,38,-3
LatentSpace_v267,Ventral auditory area,38,38,0
LatentSpace_v267,Agranular insular area,23,37,-14
LatentSpace_v267,Ectorhinal area,21,33,-12
LatentSpace_v267,Primary motor area,32,38,-6
LatentSpace_v267,Secondary motor area,35,38,-3
LatentSpace_v267,"Frontal pole, cerebral cortex",32,40,-8
LatentSpace_v267,Orbital area,24,35,-11
LatentSpace_v267,Posterior parietal association areas,35,38,-3
LatentSpace_v267,Perirhinal area,15,32,-17
LatentSpace_v267,Primary somatosensory area,24,35,-11
LatentSpace_v267,Supplemental somatosensory area,36,38,-2
LatentSpace_v267,Temporal association areas,30,33,-3
LatentSpace_v267,Visual areas,31,38,-7
LatentSpace_v267,Pallidum,9,6,3
LatentSpace_v267,Striatum ventral region,8,3,5
LatentSpace_v267,Lateral septal complex,9,4,5
LatentSpace_v267,Caudoputamen,3,3,0
LatentSpace_v267,Medial amygdalar nucleus,13,7,6
LatentSpace_v267,Hypothalamus,12,9,3
LatentSpace_v267,Thalamus,3,1,2
LatentSpace_v267,Inferior colliculus,16,9,7
LatentSpace_v267,"Superior colliculus, sensory related",7,10,-3
LatentSpace_v267,Midbrain raphe nuclei,14,12,2
LatentSpace_v267,Midbrain-other,10,10,0
LatentSpace_v267,Periaqueductal gray,10,11,-1
LatentSpace_v267,Pons,6,9,-3
LatentSpace_v267,Medulla,8,9,-1
LatentSpace_v267,Lingula (I),13,34,-21
LatentSpace_v267,Central lobule,25,34,-9
LatentSpace_v267,Culmen,29,34,-5
LatentSpace_v267,Declive (VI),24,28,-4
LatentSpace_v267,Folium-tuber vermis (VII),24,31,-7
LatentSpace_v267,Pyramus (VIII),30,32,-2
LatentSpace_v267,Uvula (IX),32,34,-2
LatentSpace_v267,Nodulus (X),12,35,-23
LatentSpace_v267,Simple lobule,23,29,-6
LatentSpace_v267,Crus 1,23,26,-3
LatentSpace_v267,Crus 2,23,27,-4
LatentSpace_v267,Paramedian lobule,23,33,-10
LatentSpace_v267,Copula pyramidis,26,34,-8
LatentSpace_v267,Flocculus,29,34,-5
LatentSpace_v267,Paraflocculus,31,36,-5
LatentSpace_v267,Cerebellar nuclei,13,11,2
LatentSpace_v268,Cortical subplate-other,13,15,-2
LatentSpace_v268,Claustrum,22,33,-11
LatentSpace_v268,Endopiriform nucleus,16,32,-16
LatentSpace_v268,Olfactory areas-other,19,33,-14
LatentSpace_v268,Postpiriform transition area,12,27,-15
LatentSpace_v268,Piriform area,21,34,-13
LatentSpace_v268,Taenia tecta,12,28,-16
LatentSpace_v268,Cortical amygdalar area,11,19,-8
LatentSpace_v268,Piriform-amygdalar area,12,28,-16
LatentSpace_v268,Main olfactory bulb,49,10,39
LatentSpace_v268,Accessory olfactory bulb,37,19,18
LatentSpace_v268,Anterior olfactory nucleus,12,32,-20
LatentSpace_v268,Subiculum,8,35,-27
LatentSpace_v268,Entorhinal area,16,22,-6
LatentSpace_v268,Field CA1,9,25,-16
LatentSpace_v268,Field CA2,10,14,-4
LatentSpace_v268,Field CA3,8,8,0
LatentSpace_v268,Dentate gyrus,8,3,5
LatentSpace_v268,Anterior cingulate area,37,39,-2
LatentSpace_v268,Infralimbic area,12,26,-14
LatentSpace_v268,Retrosplenial area,22,36,-14
LatentSpace_v268,Prelimbic area,28,35,-7
LatentSpace_v268,Primary auditory area,35,38,-3
LatentSpace_v268,Dorsal auditory area,35,38,-3
LatentSpace_v268,Ventral auditory area,38,38,0
LatentSpace_v268,Agranular insular area,28,37,-9
LatentSpace_v268,Ectorhinal area,24,33,-9
LatentSpace_v268,Primary motor area,35,38,-3
LatentSpace_v268,Secondary motor area,36,38,-2
LatentSpace_v268,"Frontal pole, cerebral cortex",32,40,-8
LatentSpace_v268,Orbital area,28,35,-7
LatentSpace_v268,Posterior parietal association areas,35,38,-3
LatentSpace_v268,Perirhinal area,19,32,-13
LatentSpace_v268,Primary somatosensory area,31,35,-4
LatentSpace_v268,Supplemental somatosensory area,37,38,-1
LatentSpace_v268,Temporal association areas,32,33,-1
LatentSpace_v268,Visual areas,35,38,-3
LatentSpace_v268,Pallidum,7,6,1
LatentSpace_v268,Striatum ventral region,3,3,0
LatentSpace_v268,Lateral septal complex,4,4,0
LatentSpace_v268,Caudoputamen,3,3,0
LatentSpace_v268,Medial amygdalar nucleus,12,7,5
LatentSpace_v268,Hypothalamus,7,9,-2
LatentSpace_v268,Thalamus,5,1,4
LatentSpace_v268,Inferior colliculus,6,9,-3
LatentSpace_v268,"Superior colliculus, sensory related",15,10,5
LatentSpace_v268,Midbrain raphe nuclei,12,12,0
LatentSpace_v268,Midbrain-other,12,10,2
LatentSpace_v268,Periaqueductal gray,8,11,-3
LatentSpace_v268,Pons,12,9,3
LatentSpace_v268,Medulla,11,9,2
LatentSpace_v268,Lingula (I),13,34,-21
LatentSpace_v268,Central lobule,15,34,-19
LatentSpace_v268,Culmen,23,34,-11
LatentSpace_v268,Declive (VI),21,28,-7
LatentSpace_v268,Folium-tuber vermis (VII),23,31,-8
LatentSpace_v268,Pyramus (VIII),24,32,-8
LatentSpace_v268,Uvula (IX),21,34,-13
LatentSpace_v268,Nodulus (X),16,35,-19
LatentSpace_v268,Simple lobule,22,29,-7
LatentSpace_v268,Crus 1,21,26,-5
LatentSpace_v268,Crus 2,21,27,-6
LatentSpace_v268,Paramedian lobule,22,33,-11
LatentSpace_v268,Copula pyramidis,25,34,-9
LatentSpace_v268,Flocculus,13,34,-21
LatentSpace_v268,Paraflocculus,24,36,-12
LatentSpace_v268,Cerebellar nuclei,14,11,3
LatentSpace_v269,Cortical subplate-other,9,15,-6
LatentSpace_v269,Claustrum,22,33,-11
LatentSpace_v269,Endopiriform nucleus,7,32,-25
LatentSpace_v269,Olfactory areas-other,13,33,-20
LatentSpace_v269,Postpiriform transition area,9,27,-18
LatentSpace_v269,Piriform area,15,34,-19
LatentSpace_v269,Taenia tecta,14,28,-14
LatentSpace_v269,Cortical amygdalar area,4,19,-15
LatentSpace_v269,Piriform-amygdalar area,7,28,-21
LatentSpace_v269,Main olfactory bulb,1,10,-9
LatentSpace_v269,Accessory olfactory bulb,34,19,15
LatentSpace_v269,Anterior olfactory nucleus,5,32,-27
LatentSpace_v269,Subiculum,3,35,-32
LatentSpace_v269,Entorhinal area,12,22,-10
LatentSpace_v269,Field CA1,9,25,-16
LatentSpace_v269,Field CA2,20,14,6
LatentSpace_v269,Field CA3,7,8,-1
LatentSpace_v269,Dentate gyrus,7,3,4
LatentSpace_v269,Anterior cingulate area,37,39,-2
LatentSpace_v269,Infralimbic area,12,26,-14
LatentSpace_v269,Retrosplenial area,25,36,-11
LatentSpace_v269,Prelimbic area,28,35,-7
LatentSpace_v269,Primary auditory area,37,38,-1
LatentSpace_v269,Dorsal auditory area,36,38,-2
LatentSpace_v269,Ventral auditory area,39,38,1
LatentSpace_v269,Agranular insular area,21,37,-16
LatentSpace_v269,Ectorhinal area,24,33,-9
LatentSpace_v269,Primary motor area,35,38,-3
LatentSpace_v269,Secondary motor area,37,38,-1
LatentSpace_v269,"Frontal pole, cerebral cortex",32,40,-8
LatentSpace_v269,Orbital area,23,35,-12
LatentSpace_v269,Posterior parietal association areas,35,38,-3
LatentSpace_v269,Perirhinal area,19,32,-13
LatentSpace_v269,Primary somatosensory area,31,35,-4
LatentSpace_v269,Supplemental somatosensory area,37,38,-1
LatentSpace_v269,Temporal association areas,29,33,-4
LatentSpace_v269,Visual areas,35,38,-3
LatentSpace_v269,Pallidum,10,6,4
LatentSpace_v269,Striatum ventral region,7,3,4
LatentSpace_v269,Lateral septal complex,7,4,3
LatentSpace_v269,Caudoputamen,3,3,0
LatentSpace_v269,Medial amygdalar nucleus,14,7,7
LatentSpace_v269,Hypothalamus,12,9,3
LatentSpace_v269,Thalamus,4,1,3
LatentSpace_v269,Inferior colliculus,6,9,-3
LatentSpace_v269,"Superior colliculus, sensory related",8,10,-2
LatentSpace_v269,Midbrain raphe nuclei,15,12,3
LatentSpace_v269,Midbrain-other,13,10,3
LatentSpace_v269,Periaqueductal gray,13,11,2
LatentSpace_v269,Pons,10,9,1
LatentSpace_v269,Medulla,10,9,1
LatentSpace_v269,Lingula (I),30,34,-4
LatentSpace_v269,Central lobule,29,34,-5
LatentSpace_v269,Culmen,25,34,-9
LatentSpace_v269,Declive (VI),23,28,-5
LatentSpace_v269,Folium-tuber vermis (VII),23,31,-8
LatentSpace_v269,Pyramus (VIII),23,32,-9
LatentSpace_v269,Uvula (IX),33,34,-1
LatentSpace_v269,Nodulus (X),33,35,-2
LatentSpace_v269,Simple lobule,23,29,-6
LatentSpace_v269,Crus 1,23,26,-3
LatentSpace_v269,Crus 2,23,27,-4
LatentSpace_v269,Paramedian lobule,23,33,-10
LatentSpace_v269,Copula pyramidis,24,34,-10
LatentSpace_v269,Flocculus,32,34,-2
LatentSpace_v269,Paraflocculus,31,36,-5
LatentSpace_v269,Cerebellar nuclei,34,11,23
LatentSpace_v270,Cortical subplate-other,7,15,-8
LatentSpace_v270,Claustrum,24,33,-9
LatentSpace_v270,Endopiriform nucleus,14,32,-18
LatentSpace_v270,Olfactory areas-other,7,33,-26
LatentSpace_v270,Postpiriform transition area,8,27,-19
LatentSpace_v270,Piriform area,16,34,-18
LatentSpace_v270,Taenia tecta,11,28,-17
LatentSpace_v270,Cortical amygdalar area,5,19,-14
LatentSpace_v270,Piriform-amygdalar area,6,28,-22
LatentSpace_v270,Main olfactory bulb,21,10,11
LatentSpace_v270,Accessory olfactory bulb,23,19,4
LatentSpace_v270,Anterior olfactory nucleus,5,32,-27
LatentSpace_v270,Subiculum,4,35,-31
LatentSpace_v270,Entorhinal area,7,22,-15
LatentSpace_v270,Field CA1,5,25,-20
LatentSpace_v270,Field CA2,5,14,-9
LatentSpace_v270,Field CA3,6,8,-2
LatentSpace_v270,Dentate gyrus,7,3,4
LatentSpace_v270,Anterior cingulate area,38,39,-1
LatentSpace_v270,Infralimbic area,10,26,-16
LatentSpace_v270,Retrosplenial area,32,36,-4
LatentSpace_v270,Prelimbic area,33,35,-2
LatentSpace_v270,Primary auditory area,37,38,-1
LatentSpace_v270,Dorsal auditory area,35,38,-3
LatentSpace_v270,Ventral auditory area,37,38,-1
LatentSpace_v270,Agranular insular area,18,37,-19
LatentSpace_v270,Ectorhinal area,23,33,-10
LatentSpace_v270,Primary motor area,35,38,-3
LatentSpace_v270,Secondary motor area,35,38,-3
LatentSpace_v270,"Frontal pole, cerebral cortex",39,40,-1
LatentSpace_v270,Orbital area,26,35,-9
LatentSpace_v270,Posterior parietal association areas,35,38,-3
LatentSpace_v270,Perirhinal area,16,32,-16
LatentSpace_v270,Primary somatosensory area,33,35,-2
LatentSpace_v270,Supplemental somatosensory area,37,38,-1
LatentSpace_v270,Temporal association areas,29,33,-4
LatentSpace_v270,Visual areas,35,38,-3
LatentSpace_v270,Pallidum,7,6,1
LatentSpace_v270,Striatum ventral region,4,3,1
LatentSpace_v270,Lateral septal complex,6,4,2
LatentSpace_v270,Caudoputamen,3,3,0
LatentSpace_v270,Medial amygdalar nucleus,8,7,1
LatentSpace_v270,Hypothalamus,8,9,-1
LatentSpace_v270,Thalamus,3,1,2
LatentSpace_v270,Inferior colliculus,7,9,-2
LatentSpace_v270,"Superior colliculus, sensory related",5,10,-5
LatentSpace_v270,Midbrain raphe nuclei,14,12,2
LatentSpace_v270,Midbrain-other,12,10,2
LatentSpace_v270,Periaqueductal gray,11,11,0
LatentSpace_v270,Pons,11,9,2
LatentSpace_v270,Medulla,10,9,1
LatentSpace_v270,Lingula (I),13,34,-21
LatentSpace_v270,Central lobule,8,34,-26
LatentSpace_v270,Culmen,25,34,-9
LatentSpace_v270,Declive (VI),23,28,-5
LatentSpace_v270,Folium-tuber vermis (VII),23,31,-8
LatentSpace_v270,Pyramus (VIII),23,32,-9
LatentSpace_v270,Uvula (IX),15,34,-19
LatentSpace_v270,Nodulus (X),13,35,-22
LatentSpace_v270,Simple lobule,22,29,-7
LatentSpace_v270,Crus 1,22,26,-4
LatentSpace_v270,Crus 2,22,27,-5
LatentSpace_v270,Paramedian lobule,23,33,-10
LatentSpace_v270,Copula pyramidis,27,34,-7
LatentSpace_v270,Flocculus,13,34,-21
LatentSpace_v270,Paraflocculus,28,36,-8
LatentSpace_v270,Cerebellar nuclei,13,11,2
LatentSpace_v271,Cortical subplate-other,12,15,-3
LatentSpace_v271,Claustrum,29,33,-4
LatentSpace_v271,Endopiriform nucleus,23,32,-9
LatentSpace_v271,Olfactory areas-other,19,33,-14
LatentSpace_v271,Postpiriform transition area,12,27,-15
LatentSpace_v271,Piriform area,21,34,-13
LatentSpace_v271,Taenia tecta,11,28,-17
LatentSpace_v271,Cortical amygdalar area,9,19,-10
LatentSpace_v271,Piriform-amygdalar area,9,28,-19
LatentSpace_v271,Main olfactory bulb,29,10,19
LatentSpace_v271,Accessory olfactory bulb,27,19,8
LatentSpace_v271,Anterior olfactory nucleus,17,32,-15
LatentSpace_v271,Subiculum,3,35,-32
LatentSpace_v271,Entorhinal area,15,22,-7
LatentSpace_v271,Field CA1,3,25,-22
LatentSpace_v271,Field CA2,6,14,-8
LatentSpace_v271,Field CA3,9,8,1
LatentSpace_v271,Dentate gyrus,10,3,7
LatentSpace_v271,Anterior cingulate area,35,39,-4
LatentSpace_v271,Infralimbic area,11,26,-15
LatentSpace_v271,Retrosplenial area,23,36,-13
LatentSpace_v271,Prelimbic area,28,35,-7
LatentSpace_v271,Primary auditory area,38,38,0
LatentSpace_v271,Dorsal auditory area,35,38,-3
LatentSpace_v271,Ventral auditory area,35,38,-3
LatentSpace_v271,Agranular insular area,29,37,-8
LatentSpace_v271,Ectorhinal area,24,33,-9
LatentSpace_v271,Primary motor area,35,38,-3
LatentSpace_v271,Secondary motor area,36,38,-2
LatentSpace_v271,"Frontal pole, cerebral cortex",35,40,-5
LatentSpace_v271,Orbital area,24,35,-11
LatentSpace_v271,Posterior parietal association areas,31,38,-7
LatentSpace_v271,Perirhinal area,21,32,-11
LatentSpace_v271,Primary somatosensory area,29,35,-6
LatentSpace_v271,Supplemental somatosensory area,37,38,-1
LatentSpace_v271,Temporal association areas,30,33,-3
LatentSpace_v271,Visual areas,32,38,-6
LatentSpace_v271,Pallidum,7,6,1
LatentSpace_v271,Striatum ventral region,12,3,9
LatentSpace_v271,Lateral septal complex,10,4,6
LatentSpace_v271,Caudoputamen,3,3,0
LatentSpace_v271,Medial amygdalar nucleus,12,7,5
LatentSpace_v271,Hypothalamus,7,9,-2
LatentSpace_v271,Thalamus,1,1,0
LatentSpace_v271,Inferior colliculus,7,9,-2
LatentSpace_v271,"Superior colliculus, sensory related",4,10,-6
LatentSpace_v271,Midbrain raphe nuclei,16,12,4
LatentSpace_v271,Midbrain-other,12,10,2
LatentSpace_v271,Periaqueductal gray,10,11,-1
LatentSpace_v271,Pons,8,9,-1
LatentSpace_v271,Medulla,11,9,2
LatentSpace_v271,Lingula (I),12,34,-22
LatentSpace_v271,Central lobule,15,34,-19
LatentSpace_v271,Culmen,25,34,-9
LatentSpace_v271,Declive (VI),23,28,-5
LatentSpace_v271,Folium-tuber vermis (VII),24,31,-7
LatentSpace_v271,Pyramus (VIII),26,32,-6
LatentSpace_v271,Uvula (IX),20,34,-14
LatentSpace_v271,Nodulus (X),13,35,-22
LatentSpace_v271,Simple lobule,22,29,-7
LatentSpace_v271,Crus 1,22,26,-4
LatentSpace_v271,Crus 2,23,27,-4
LatentSpace_v271,Paramedian lobule,23,33,-10
LatentSpace_v271,Copula pyramidis,29,34,-5
LatentSpace_v271,Flocculus,30,34,-4
LatentSpace_v271,Paraflocculus,25,36,-11
LatentSpace_v271,Cerebellar nuclei,23,11,12
LatentSpace_v272,Cortical subplate-other,7,15,-8
LatentSpace_v272,Claustrum,25,33,-8
LatentSpace_v272,Endopiriform nucleus,9,32,-23
LatentSpace_v272,Olfactory areas-other,7,33,-26
LatentSpace_v272,Postpiriform transition area,5,27,-22
LatentSpace_v272,Piriform area,10,34,-24
LatentSpace_v272,Taenia tecta,10,28,-18
LatentSpace_v272,Cortical amygdalar area,5,19,-14
LatentSpace_v272,Piriform-amygdalar area,4,28,-24
LatentSpace_v272,Main olfactory bulb,8,10,-2
LatentSpace_v272,Accessory olfactory bulb,7,19,-12
LatentSpace_v272,Anterior olfactory nucleus,3,32,-29
LatentSpace_v272,Subiculum,3,35,-32
LatentSpace_v272,Entorhinal area,4,22,-18
LatentSpace_v272,Field CA1,4,25,-21
LatentSpace_v272,Field CA2,6,14,-8
LatentSpace_v272,Field CA3,5,8,-3
LatentSpace_v272,Dentate gyrus,6,3,3
LatentSpace_v272,Anterior cingulate area,34,39,-5
LatentSpace_v272,Infralimbic area,14,26,-12
LatentSpace_v272,Retrosplenial area,23,36,-13
LatentSpace_v272,Prelimbic area,24,35,-11
LatentSpace_v272,Primary auditory area,33,38,-5
LatentSpace_v272,Dorsal auditory area,31,38,-7
LatentSpace_v272,Ventral auditory area,35,38,-3
LatentSpace_v272,Agranular insular area,23,37,-14
LatentSpace_v272,Ectorhinal area,24,33,-9
LatentSpace_v272,Primary motor area,35,38,-3
LatentSpace_v272,Secondary motor area,33,38,-5
LatentSpace_v272,"Frontal pole, cerebral cortex",31,40,-9
LatentSpace_v272,Orbital area,20,35,-15
LatentSpace_v272,Posterior parietal association areas,29,38,-9
LatentSpace_v272,Perirhinal area,16,32,-16
LatentSpace_v272,Primary somatosensory area,29,35,-6
LatentSpace_v272,Supplemental somatosensory area,35,38,-3
LatentSpace_v272,Temporal association areas,33,33,0
LatentSpace_v272,Visual areas,27,38,-11
LatentSpace_v272,Pallidum,5,6,-1
LatentSpace_v272,Striatum ventral region,7,3,4
LatentSpace_v272,Lateral septal complex,8,4,4
LatentSpace_v272,Caudoputamen,3,3,0
LatentSpace_v272,Medial amygdalar nucleus,10,7,3
LatentSpace_v272,Hypothalamus,6,9,-3
LatentSpace_v272,Thalamus,1,1,0
LatentSpace_v272,Inferior colliculus,4,9,-5
LatentSpace_v272,"Superior colliculus, sensory related",3,10,-7
LatentSpace_v272,Midbrain raphe nuclei,14,12,2
LatentSpace_v272,Midbrain-other,8,10,-2
LatentSpace_v272,Periaqueductal gray,8,11,-3
LatentSpace_v272,Pons,10,9,1
LatentSpace_v272,Medulla,7,9,-2
LatentSpace_v272,Lingula (I),16,34,-18
LatentSpace_v272,Central lobule,30,34,-4
LatentSpace_v272,Culmen,25,34,-9
LatentSpace_v272,Declive (VI),23,28,-5
LatentSpace_v272,Folium-tuber vermis (VII),23,31,-8
LatentSpace_v272,Pyramus (VIII),25,32,-7
LatentSpace_v272,Uvula (IX),32,34,-2
LatentSpace_v272,Nodulus (X),12,35,-23
LatentSpace_v272,Simple lobule,23,29,-6
LatentSpace_v272,Crus 1,22,26,-4
LatentSpace_v272,Crus 2,22,27,-5
LatentSpace_v272,Paramedian lobule,26,33,-7
LatentSpace_v272,Copula pyramidis,28,34,-6
LatentSpace_v272,Flocculus,24,34,-10
LatentSpace_v272,Paraflocculus,27,36,-9
LatentSpace_v272,Cerebellar nuclei,18,11,7
LatentSpace_v273,Cortical subplate-other,12,15,-3
LatentSpace_v273,Claustrum,28,33,-5
LatentSpace_v273,Endopiriform nucleus,12,32,-20
LatentSpace_v273,Olfactory areas-other,16,33,-17
LatentSpace_v273,Postpiriform transition area,14,27,-13
LatentSpace_v273,Piriform area,21,34,-13
LatentSpace_v273,Taenia tecta,13,28,-15
LatentSpace_v273,Cortical amygdalar area,11,19,-8
LatentSpace_v273,Piriform-amygdalar area,13,28,-15
LatentSpace_v273,Main olfactory bulb,26,10,16
LatentSpace_v273,Accessory olfactory bulb,31,19,12
LatentSpace_v273,Anterior olfactory nucleus,8,32,-24
LatentSpace_v273,Subiculum,6,35,-29
LatentSpace_v273,Entorhinal area,12,22,-10
LatentSpace_v273,Field CA1,6,25,-19
LatentSpace_v273,Field CA2,6,14,-8
LatentSpace_v273,Field CA3,5,8,-3
LatentSpace_v273,Dentate gyrus,6,3,3
LatentSpace_v273,Anterior cingulate area,33,39,-6
LatentSpace_v273,Infralimbic area,13,26,-13
LatentSpace_v273,Retrosplenial area,25,36,-11
LatentSpace_v273,Prelimbic area,23,35,-12
LatentSpace_v273,Primary auditory area,34,38,-4
LatentSpace_v273,Dorsal auditory area,31,38,-7
LatentSpace_v273,Ventral auditory area,34,38,-4
LatentSpace_v273,Agranular insular area,23,37,-14
LatentSpace_v273,Ectorhinal area,23,33,-10
LatentSpace_v273,Primary motor area,33,38,-5
LatentSpace_v273,Secondary motor area,35,38,-3
LatentSpace_v273,"Frontal pole, cerebral cortex",28,40,-12
LatentSpace_v273,Orbital area,23,35,-12
LatentSpace_v273,Posterior parietal association areas,35,38,-3
LatentSpace_v273,Perirhinal area,14,32,-18
LatentSpace_v273,Primary somatosensory area,23,35,-12
LatentSpace_v273,Supplemental somatosensory area,34,38,-4
LatentSpace_v273,Temporal association areas,28,33,-5
LatentSpace_v273,Visual areas,32,38,-6
LatentSpace_v273,Pallidum,8,6,2
LatentSpace_v273,Striatum ventral region,8,3,5
LatentSpace_v273,Lateral septal complex,9,4,5
LatentSpace_v273,Caudoputamen,3,3,0
LatentSpace_v273,Medial amygdalar nucleus,10,7,3
LatentSpace_v273,Hypothalamus,9,9,0
LatentSpace_v273,Thalamus,3,1,2
LatentSpace_v273,Inferior colliculus,16,9,7
LatentSpace_v273,"Superior colliculus, sensory related",10,10,0
LatentSpace_v273,Midbrain raphe nuclei,14,12,2
LatentSpace_v273,Midbrain-other,11,10,1
LatentSpace_v273,Periaqueductal gray,11,11,0
LatentSpace_v273,Pons,9,9,0
LatentSpace_v273,Medulla,10,9,1
LatentSpace_v273,Lingula (I),19,34,-15
LatentSpace_v273,Central lobule,30,34,-4
LatentSpace_v273,Culmen,25,34,-9
LatentSpace_v273,Declive (VI),23,28,-5
LatentSpace_v273,Folium-tuber vermis (VII),23,31,-8
LatentSpace_v273,Pyramus (VIII),23,32,-9
LatentSpace_v273,Uvula (IX),31,34,-3
LatentSpace_v273,Nodulus (X),20,35,-15
LatentSpace_v273,Simple lobule,22,29,-7
LatentSpace_v273,Crus 1,22,26,-4
LatentSpace_v273,Crus 2,22,27,-5
LatentSpace_v273,Paramedian lobule,22,33,-11
LatentSpace_v273,Copula pyramidis,24,34,-10
LatentSpace_v273,Flocculus,28,34,-6
LatentSpace_v273,Paraflocculus,30,36,-6
LatentSpace_v273,Cerebellar nuclei,30,11,19
LatentSpace_v274,Cortical subplate-other,14,15,-1
LatentSpace_v274,Claustrum,24,33,-9
LatentSpace_v274,Endopiriform nucleus,15,32,-17
LatentSpace_v274,Olfactory areas-other,14,33,-19
LatentSpace_v274,Postpiriform transition area,17,27,-10
LatentSpace_v274,Piriform area,14,34,-20
LatentSpace_v274,Taenia tecta,15,28,-13
LatentSpace_v274,Cortical amygdalar area,12,19,-7
LatentSpace_v274,Piriform-amygdalar area,15,28,-13
LatentSpace_v274,Main olfactory bulb,21,10,11
LatentSpace_v274,Accessory olfactory bulb,31,19,12
LatentSpace_v274,Anterior olfactory nucleus,11,32,-21
LatentSpace_v274,Subiculum,8,35,-27
LatentSpace_v274,Entorhinal area,20,22,-2
LatentSpace_v274,Field CA1,8,25,-17
LatentSpace_v274,Field CA2,8,14,-6
LatentSpace_v274,Field CA3,7,8,-1
LatentSpace_v274,Dentate gyrus,7,3,4
LatentSpace_v274,Anterior cingulate area,33,39,-6
LatentSpace_v274,Infralimbic area,13,26,-13
LatentSpace_v274,Retrosplenial area,22,36,-14
LatentSpace_v274,Prelimbic area,25,35,-10
LatentSpace_v274,Primary auditory area,35,38,-3
LatentSpace_v274,Dorsal auditory area,35,38,-3
LatentSpace_v274,Ventral auditory area,36,38,-2
LatentSpace_v274,Agranular insular area,24,37,-13
LatentSpace_v274,Ectorhinal area,23,33,-10
LatentSpace_v274,Primary motor area,35,38,-3
LatentSpace_v274,Secondary motor area,35,38,-3
LatentSpace_v274,"Frontal pole, cerebral cortex",30,40,-10
LatentSpace_v274,Orbital area,23,35,-12
LatentSpace_v274,Posterior parietal association areas,30,38,-8
LatentSpace_v274,Perirhinal area,19,32,-13
LatentSpace_v274,Primary somatosensory area,23,35,-12
LatentSpace_v274,Supplemental somatosensory area,35,38,-3
LatentSpace_v274,Temporal association areas,29,33,-4
LatentSpace_v274,Visual areas,29,38,-9
LatentSpace_v274,Pallidum,10,6,4
LatentSpace_v274,Striatum ventral region,7,3,4
LatentSpace_v274,Lateral septal complex,8,4,4
LatentSpace_v274,Caudoputamen,3,3,0
LatentSpace_v274,Medial amygdalar nucleus,10,7,3
LatentSpace_v274,Hypothalamus,11,9,2
LatentSpace_v274,Thalamus,10,1,9
LatentSpace_v274,Inferior colliculus,7,9,-2
LatentSpace_v274,"Superior colliculus, sensory related",6,10,-4
LatentSpace_v274,Midbrain raphe nuclei,14,12,2
LatentSpace_v274,Midbrain-other,11,10,1
LatentSpace_v274,Periaqueductal gray,12,11,1
LatentSpace_v274,Pons,9,9,0
LatentSpace_v274,Medulla,13,9,4
LatentSpace_v274,Lingula (I),13,34,-21
LatentSpace_v274,Central lobule,11,34,-23
LatentSpace_v274,Culmen,24,34,-10
LatentSpace_v274,Declive (VI),22,28,-6
LatentSpace_v274,Folium-tuber vermis (VII),23,31,-8
LatentSpace_v274,Pyramus (VIII),23,32,-9
LatentSpace_v274,Uvula (IX),20,34,-14
LatentSpace_v274,Nodulus (X),13,35,-22
LatentSpace_v274,Simple lobule,22,29,-7
LatentSpace_v274,Crus 1,21,26,-5
LatentSpace_v274,Crus 2,21,27,-6
LatentSpace_v274,Paramedian lobule,23,33,-10
LatentSpace_v274,Copula pyramidis,24,34,-10
LatentSpace_v274,Flocculus,23,34,-11
LatentSpace_v274,Paraflocculus,27,36,-9
LatentSpace_v274,Cerebellar nuclei,17,11,6
LatentSpace_v275,Cortical subplate-other,11,15,-4
LatentSpace_v275,Claustrum,23,33,-10
LatentSpace_v275,Endopiriform nucleus,17,32,-15
LatentSpace_v275,Olfactory areas-other,13,33,-20
LatentSpace_v275,Postpiriform transition area,12,27,-15
LatentSpace_v275,Piriform area,12,34,-22
LatentSpace_v275,Taenia tecta,16,28,-12
LatentSpace_v275,Cortical amygdalar area,9,19,-10
LatentSpace_v275,Piriform-amygdalar area,9,28,-19
LatentSpace_v275,Main olfactory bulb,24,10,14
LatentSpace_v275,Accessory olfactory bulb,30,19,11
LatentSpace_v275,Anterior olfactory nucleus,17,32,-15
LatentSpace_v275,Subiculum,3,35,-32
LatentSpace_v275,Entorhinal area,12,22,-10
LatentSpace_v275,Field CA1,9,25,-16
LatentSpace_v275,Field CA2,10,14,-4
LatentSpace_v275,Field CA3,9,8,1
LatentSpace_v275,Dentate gyrus,9,3,6
LatentSpace_v275,Anterior cingulate area,34,39,-5
LatentSpace_v275,Infralimbic area,12,26,-14
LatentSpace_v275,Retrosplenial area,27,36,-9
LatentSpace_v275,Prelimbic area,25,35,-10
LatentSpace_v275,Primary auditory area,35,38,-3
LatentSpace_v275,Dorsal auditory area,35,38,-3
LatentSpace_v275,Ventral auditory area,38,38,0
LatentSpace_v275,Agranular insular area,26,37,-11
LatentSpace_v275,Ectorhinal area,22,33,-11
LatentSpace_v275,Primary motor area,35,38,-3
LatentSpace_v275,Secondary motor area,35,38,-3
LatentSpace_v275,"Frontal pole, cerebral cortex",35,40,-5
LatentSpace_v275,Orbital area,22,35,-13
LatentSpace_v275,Posterior parietal association areas,35,38,-3
LatentSpace_v275,Perirhinal area,20,32,-12
LatentSpace_v275,Primary somatosensory area,31,35,-4
LatentSpace_v275,Supplemental somatosensory area,36,38,-2
LatentSpace_v275,Temporal association areas,31,33,-2
LatentSpace_v275,Visual areas,35,38,-3
LatentSpace_v275,Pallidum,8,6,2
LatentSpace_v275,Striatum ventral region,7,3,4
LatentSpace_v275,Lateral septal complex,12,4,8
LatentSpace_v275,Caudoputamen,3,3,0
LatentSpace_v275,Medial amygdalar nucleus,12,7,5
LatentSpace_v275,Hypothalamus,8,9,-1
LatentSpace_v275,Thalamus,10,1,9
LatentSpace_v275,Inferior colliculus,7,9,-2
LatentSpace_v275,"Superior colliculus, sensory related",5,10,-5
LatentSpace_v275,Midbrain raphe nuclei,15,12,3
LatentSpace_v275,Midbrain-other,11,10,1
LatentSpace_v275,Periaqueductal gray,13,11,2
LatentSpace_v275,Pons,12,9,3
LatentSpace_v275,Medulla,12,9,3
LatentSpace_v275,Lingula (I),13,34,-21
LatentSpace_v275,Central lobule,17,34,-17
LatentSpace_v275,Culmen,25,34,-9
LatentSpace_v275,Declive (VI),23,28,-5
LatentSpace_v275,Folium-tuber vermis (VII),23,31,-8
LatentSpace_v275,Pyramus (VIII),23,32,-9
LatentSpace_v275,Uvula (IX),33,34,-1
LatentSpace_v275,Nodulus (X),16,35,-19
LatentSpace_v275,Simple lobule,22,29,-7
LatentSpace_v275,Crus 1,22,26,-4
LatentSpace_v275,Crus 2,22,27,-5
LatentSpace_v275,Paramedian lobule,23,33,-10
LatentSpace_v275,Copula pyramidis,23,34,-11
LatentSpace_v275,Flocculus,30,34,-4
LatentSpace_v275,Paraflocculus,23,36,-13
LatentSpace_v275,Cerebellar nuclei,12,11,1
LatentSpace_v276,Cortical subplate-other,11,15,-4
LatentSpace_v276,Claustrum,28,33,-5
LatentSpace_v276,Endopiriform nucleus,13,32,-19
LatentSpace_v276,Olfactory areas-other,16,33,-17
LatentSpace_v276,Postpiriform transition area,15,27,-12
LatentSpace_v276,Piriform area,18,34,-16
LatentSpace_v276,Taenia tecta,13,28,-15
LatentSpace_v276,Cortical amygdalar area,12,19,-7
LatentSpace_v276,Piriform-amygdalar area,16,28,-12
LatentSpace_v276,Main olfactory bulb,15,10,5
LatentSpace_v276,Accessory olfactory bulb,25,19,6
LatentSpace_v276,Anterior olfactory nucleus,13,32,-19
LatentSpace_v276,Subiculum,5,35,-30
LatentSpace_v276,Entorhinal area,18,22,-4
LatentSpace_v276,Field CA1,7,25,-18
LatentSpace_v276,Field CA2,14,14,0
LatentSpace_v276,Field CA3,6,8,-2
LatentSpace_v276,Dentate gyrus,9,3,6
LatentSpace_v276,Anterior cingulate area,38,39,-1
LatentSpace_v276,Infralimbic area,11,26,-15
LatentSpace_v276,Retrosplenial area,26,36,-10
LatentSpace_v276,Prelimbic area,28,35,-7
LatentSpace_v276,Primary auditory area,35,38,-3
LatentSpace_v276,Dorsal auditory area,35,38,-3
LatentSpace_v276,Ventral auditory area,37,38,-1
LatentSpace_v276,Agranular insular area,26,37,-11
LatentSpace_v276,Ectorhinal area,25,33,-8
LatentSpace_v276,Primary motor area,35,38,-3
LatentSpace_v276,Secondary motor area,37,38,-1
LatentSpace_v276,"Frontal pole, cerebral cortex",36,40,-4
LatentSpace_v276,Orbital area,24,35,-11
LatentSpace_v276,Posterior parietal association areas,35,38,-3
LatentSpace_v276,Perirhinal area,26,32,-6
LatentSpace_v276,Primary somatosensory area,28,35,-7
LatentSpace_v276,Supplemental somatosensory area,36,38,-2
LatentSpace_v276,Temporal association areas,33,33,0
LatentSpace_v276,Visual areas,32,38,-6
LatentSpace_v276,Pallidum,5,6,-1
LatentSpace_v276,Striatum ventral region,6,3,3
LatentSpace_v276,Lateral septal complex,8,4,4
LatentSpace_v276,Caudoputamen,3,3,0
LatentSpace_v276,Medial amygdalar nucleus,11,7,4
LatentSpace_v276,Hypothalamus,9,9,0
LatentSpace_v276,Thalamus,9,1,8
LatentSpace_v276,Inferior colliculus,19,9,10
LatentSpace_v276,"Superior colliculus, sensory related",5,10,-5
LatentSpace_v276,Midbrain raphe nuclei,15,12,3
LatentSpace_v276,Midbrain-other,11,10,1
LatentSpace_v276,Periaqueductal gray,11,11,0
LatentSpace_v276,Pons,9,9,0
LatentSpace_v276,Medulla,9,9,0
LatentSpace_v276,Lingula (I),18,34,-16
LatentSpace_v276,Central lobule,26,34,-8
LatentSpace_v276,Culmen,26,34,-8
LatentSpace_v276,Declive (VI),23,28,-5
LatentSpace_v276,Folium-tuber vermis (VII),23,31,-8
LatentSpace_v276,Pyramus (VIII),24,32,-8
LatentSpace_v276,Uvula (IX),32,34,-2
LatentSpace_v276,Nodulus (X),19,35,-16
LatentSpace_v276,Simple lobule,22,29,-7
LatentSpace_v276,Crus 1,22,26,-4
LatentSpace_v276,Crus 2,22,27,-5
LatentSpace_v276,Paramedian lobule,22,33,-11
LatentSpace_v276,Copula pyramidis,24,34,-10
LatentSpace_v276,Flocculus,30,34,-4
LatentSpace_v276,Paraflocculus,24,36,-12
LatentSpace_v276,Cerebellar nuclei,14,11,3
LatentSpace_v277,Cortical subplate-other,8,15,-7
LatentSpace_v277,Claustrum,20,33,-13
LatentSpace_v277,Endopiriform nucleus,10,32,-22
LatentSpace_v277,Olfactory areas-other,25,33,-8
LatentSpace_v277,Postpiriform transition area,11,27,-16
LatentSpace_v277,Piriform area,18,34,-16
LatentSpace_v277,Taenia tecta,12,28,-16
LatentSpace_v277,Cortical amygdalar area,11,19,-8
LatentSpace_v277,Piriform-amygdalar area,11,28,-17
LatentSpace_v277,Main olfactory bulb,53,10,43
LatentSpace_v277,Accessory olfactory bulb,37,19,18
LatentSpace_v277,Anterior olfactory nucleus,22,32,-10
LatentSpace_v277,Subiculum,3,35,-32
LatentSpace_v277,Entorhinal area,12,22,-10
LatentSpace_v277,Field CA1,9,25,-16
LatentSpace_v277,Field CA2,25,14,11
LatentSpace_v277,Field CA3,6,8,-2
LatentSpace_v277,Dentate gyrus,7,3,4
LatentSpace_v277,Anterior cingulate area,39,39,0
LatentSpace_v277,Infralimbic area,12,26,-14
LatentSpace_v277,Retrosplenial area,25,36,-11
LatentSpace_v277,Prelimbic area,32,35,-3
LatentSpace_v277,Primary auditory area,35,38,-3
LatentSpace_v277,Dorsal auditory area,35,38,-3
LatentSpace_v277,Ventral auditory area,37,38,-1
LatentSpace_v277,Agranular insular area,24,37,-13
LatentSpace_v277,Ectorhinal area,20,33,-13
LatentSpace_v277,Primary motor area,35,38,-3
LatentSpace_v277,Secondary motor area,36,38,-2
LatentSpace_v277,"Frontal pole, cerebral cortex",36,40,-4
LatentSpace_v277,Orbital area,26,35,-9
LatentSpace_v277,Posterior parietal association areas,35,38,-3
LatentSpace_v277,Perirhinal area,9,32,-23
LatentSpace_v277,Primary somatosensory area,27,35,-8
LatentSpace_v277,Supplemental somatosensory area,36,38,-2
LatentSpace_v277,Temporal association areas,27,33,-6
LatentSpace_v277,Visual areas,31,38,-7
LatentSpace_v277,Pallidum,7,6,1
LatentSpace_v277,Striatum ventral region,7,3,4
LatentSpace_v277,Lateral septal complex,8,4,4
LatentSpace_v277,Caudoputamen,3,3,0
LatentSpace_v277,Medial amygdalar nucleus,9,7,2
LatentSpace_v277,Hypothalamus,7,9,-2
LatentSpace_v277,Thalamus,10,1,9
LatentSpace_v277,Inferior colliculus,10,9,1
LatentSpace_v277,"Superior colliculus, sensory related",9,10,-1
LatentSpace_v277,Midbrain raphe nuclei,14,12,2
LatentSpace_v277,Midbrain-other,12,10,2
LatentSpace_v277,Periaqueductal gray,13,11,2
LatentSpace_v277,Pons,8,9,-1
LatentSpace_v277,Medulla,7,9,-2
LatentSpace_v277,Lingula (I),12,34,-22
LatentSpace_v277,Central lobule,11,34,-23
LatentSpace_v277,Culmen,29,34,-5
LatentSpace_v277,Declive (VI),23,28,-5
LatentSpace_v277,Folium-tuber vermis (VII),23,31,-8
LatentSpace_v277,Pyramus (VIII),23,32,-9
LatentSpace_v277,Uvula (IX),12,34,-22
LatentSpace_v277,Nodulus (X),12,35,-23
LatentSpace_v277,Simple lobule,24,29,-5
LatentSpace_v277,Crus 1,23,26,-3
LatentSpace_v277,Crus 2,23,27,-4
LatentSpace_v277,Paramedian lobule,23,33,-10
LatentSpace_v277,Copula pyramidis,23,34,-11
LatentSpace_v277,Flocculus,11,34,-23
LatentSpace_v277,Paraflocculus,24,36,-12
LatentSpace_v277,Cerebellar nuclei,12,11,1
LatentSpace_v278,Cortical subplate-other,12,15,-3
LatentSpace_v278,Claustrum,30,33,-3
LatentSpace_v278,Endopiriform nucleus,11,32,-21
LatentSpace_v278,Olfactory areas-other,14,33,-19
LatentSpace_v278,Postpiriform transition area,10,27,-17
LatentSpace_v278,Piriform area,14,34,-20
LatentSpace_v278,Taenia tecta,17,28,-11
LatentSpace_v278,Cortical amygdalar area,6,19,-13
LatentSpace_v278,Piriform-amygdalar area,9,28,-19
LatentSpace_v278,Main olfactory bulb,38,10,28
LatentSpace_v278,Accessory olfactory bulb,25,19,6
LatentSpace_v278,Anterior olfactory nucleus,13,32,-19
LatentSpace_v278,Subiculum,7,35,-28
LatentSpace_v278,Entorhinal area,9,22,-13
LatentSpace_v278,Field CA1,11,25,-14
LatentSpace_v278,Field CA2,10,14,-4
LatentSpace_v278,Field CA3,5,8,-3
LatentSpace_v278,Dentate gyrus,7,3,4
LatentSpace_v278,Anterior cingulate area,33,39,-6
LatentSpace_v278,Infralimbic area,13,26,-13
LatentSpace_v278,Retrosplenial area,23,36,-13
LatentSpace_v278,Prelimbic area,24,35,-11
LatentSpace_v278,Primary auditory area,35,38,-3
LatentSpace_v278,Dorsal auditory area,35,38,-3
LatentSpace_v278,Ventral auditory area,38,38,0
LatentSpace_v278,Agranular insular area,21,37,-16
LatentSpace_v278,Ectorhinal area,23,33,-10
LatentSpace_v278,Primary motor area,35,38,-3
LatentSpace_v278,Secondary motor area,33,38,-5
LatentSpace_v278,"Frontal pole, cerebral cortex",26,40,-14
LatentSpace_v278,Orbital area,23,35,-12
LatentSpace_v278,Posterior parietal association areas,34,38,-4
LatentSpace_v278,Perirhinal area,17,32,-15
LatentSpace_v278,Primary somatosensory area,28,35,-7
LatentSpace_v278,Supplemental somatosensory area,37,38,-1
LatentSpace_v278,Temporal association areas,33,33,0
LatentSpace_v278,Visual areas,31,38,-7
LatentSpace_v278,Pallidum,12,6,6
LatentSpace_v278,Striatum ventral region,8,3,5
LatentSpace_v278,Lateral septal complex,11,4,7
LatentSpace_v278,Caudoputamen,3,3,0
LatentSpace_v278,Medial amygdalar nucleus,11,7,4
LatentSpace_v278,Hypothalamus,14,9,5
LatentSpace_v278,Thalamus,2,1,1
LatentSpace_v278,Inferior colliculus,6,9,-3
LatentSpace_v278,"Superior colliculus, sensory related",4,10,-6
LatentSpace_v278,Midbrain raphe nuclei,14,12,2
LatentSpace_v278,Midbrain-other,9,10,-1
LatentSpace_v278,Periaqueductal gray,10,11,-1
LatentSpace_v278,Pons,6,9,-3
LatentSpace_v278,Medulla,14,9,5
LatentSpace_v278,Lingula (I),14,34,-20
LatentSpace_v278,Central lobule,10,34,-24
LatentSpace_v278,Culmen,22,34,-12
LatentSpace_v278,Declive (VI),23,28,-5
LatentSpace_v278,Folium-tuber vermis (VII),23,31,-8
LatentSpace_v278,Pyramus (VIII),23,32,-9
LatentSpace_v278,Uvula (IX),29,34,-5
LatentSpace_v278,Nodulus (X),17,35,-18
LatentSpace_v278,Simple lobule,22,29,-7
LatentSpace_v278,Crus 1,22,26,-4
LatentSpace_v278,Crus 2,23,27,-4
LatentSpace_v278,Paramedian lobule,23,33,-10
LatentSpace_v278,Copula pyramidis,23,34,-11
LatentSpace_v278,Flocculus,32,34,-2
LatentSpace_v278,Paraflocculus,29,36,-7
LatentSpace_v278,Cerebellar nuclei,32,11,21
LatentSpace_v279,Cortical subplate-other,6,15,-9
LatentSpace_v279,Claustrum,24,33,-9
LatentSpace_v279,Endopiriform nucleus,8,32,-24
LatentSpace_v279,Olfactory areas-other,8,33,-25
LatentSpace_v279,Postpiriform transition area,8,27,-19
LatentSpace_v279,Piriform area,8,34,-26
LatentSpace_v279,Taenia tecta,9,28,-19
LatentSpace_v279,Cortical amygdalar area,3,19,-16
LatentSpace_v279,Piriform-amygdalar area,4,28,-24
LatentSpace_v279,Main olfactory bulb,24,10,14
LatentSpace_v279,Accessory olfactory bulb,2,19,-17
LatentSpace_v279,Anterior olfactory nucleus,4,32,-28
LatentSpace_v279,Subiculum,4,35,-31
LatentSpace_v279,Entorhinal area,14,22,-8
LatentSpace_v279,Field CA1,6,25,-19
LatentSpace_v279,Field CA2,7,14,-7
LatentSpace_v279,Field CA3,6,8,-2
LatentSpace_v279,Dentate gyrus,7,3,4
LatentSpace_v279,Anterior cingulate area,34,39,-5
LatentSpace_v279,Infralimbic area,10,26,-16
LatentSpace_v279,Retrosplenial area,25,36,-11
LatentSpace_v279,Prelimbic area,26,35,-9
LatentSpace_v279,Primary auditory area,33,38,-5
LatentSpace_v279,Dorsal auditory area,30,38,-8
LatentSpace_v279,Ventral auditory area,35,38,-3
LatentSpace_v279,Agranular insular area,22,37,-15
LatentSpace_v279,Ectorhinal area,23,33,-10
LatentSpace_v279,Primary motor area,35,38,-3
LatentSpace_v279,Secondary motor area,36,38,-2
LatentSpace_v279,"Frontal pole, cerebral cortex",33,40,-7
LatentSpace_v279,Orbital area,23,35,-12
LatentSpace_v279,Posterior parietal association areas,32,38,-6
LatentSpace_v279,Perirhinal area,17,32,-15
LatentSpace_v279,Primary somatosensory area,27,35,-8
LatentSpace_v279,Supplemental somatosensory area,35,38,-3
LatentSpace_v279,Temporal association areas,33,33,0
LatentSpace_v279,Visual areas,30,38,-8
LatentSpace_v279,Pallidum,7,6,1
LatentSpace_v279,Striatum ventral region,4,3,1
LatentSpace_v279,Lateral septal complex,6,4,2
LatentSpace_v279,Caudoputamen,3,3,0
LatentSpace_v279,Medial amygdalar nucleus,6,7,-1
LatentSpace_v279,Hypothalamus,5,9,-4
LatentSpace_v279,Thalamus,9,1,8
LatentSpace_v279,Inferior colliculus,10,9,1
LatentSpace_v279,"Superior colliculus, sensory related",10,10,0
LatentSpace_v279,Midbrain raphe nuclei,14,12,2
LatentSpace_v279,Midbrain-other,13,10,3
LatentSpace_v279,Periaqueductal gray,13,11,2
LatentSpace_v279,Pons,12,9,3
LatentSpace_v279,Medulla,12,9,3
LatentSpace_v279,Lingula (I),24,34,-10
LatentSpace_v279,Central lobule,33,34,-1
LatentSpace_v279,Culmen,25,34,-9
LatentSpace_v279,Declive (VI),23,28,-5
LatentSpace_v279,Folium-tuber vermis (VII),23,31,-8
LatentSpace_v279,Pyramus (VIII),23,32,-9
LatentSpace_v279,Uvula (IX),22,34,-12
LatentSpace_v279,Nodulus (X),16,35,-19
LatentSpace_v279,Simple lobule,23,29,-6
LatentSpace_v279,Crus 1,23,26,-3
LatentSpace_v279,Crus 2,22,27,-5
LatentSpace_v279,Paramedian lobule,23,33,-10
LatentSpace_v279,Copula pyramidis,25,34,-9
LatentSpace_v279,Flocculus,25,34,-9
LatentSpace_v279,Paraflocculus,25,36,-11
LatentSpace_v279,Cerebellar nuclei,14,11,3
LatentSpace_v280,Cortical subplate-other,14,15,-1
LatentSpace_v280,Claustrum,22,33,-11
LatentSpace_v280,Endopiriform nucleus,16,32,-16
LatentSpace_v280,Olfactory areas-other,21,33,-12
LatentSpace_v280,Postpiriform transition area,12,27,-15
LatentSpace_v280,Piriform area,11,34,-23
LatentSpace_v280,Taenia tecta,15,28,-13
LatentSpace_v280,Cortical amygdalar area,8,19,-11
LatentSpace_v280,Piriform-amygdalar area,10,28,-18
LatentSpace_v280,Main olfactory bulb,26,10,16
LatentSpace_v280,Accessory olfactory bulb,29,19,10
LatentSpace_v280,Anterior olfactory nucleus,17,32,-15
LatentSpace_v280,Subiculum,5,35,-30
LatentSpace_v280,Entorhinal area,14,22,-8
LatentSpace_v280,Field CA1,8,25,-17
LatentSpace_v280,Field CA2,17,14,3
LatentSpace_v280,Field CA3,6,8,-2
LatentSpace_v280,Dentate gyrus,8,3,5
LatentSpace_v280,Anterior cingulate area,36,39,-3
LatentSpace_v280,Infralimbic area,12,26,-14
LatentSpace_v280,Retrosplenial area,23,36,-13
LatentSpace_v280,Prelimbic area,27,35,-8
LatentSpace_v280,Primary auditory area,35,38,-3
LatentSpace_v280,Dorsal auditory area,35,38,-3
LatentSpace_v280,Ventral auditory area,38,38,0
LatentSpace_v280,Agranular insular area,24,37,-13
LatentSpace_v280,Ectorhinal area,23,33,-10
LatentSpace_v280,Primary motor area,35,38,-3
LatentSpace_v280,Secondary motor area,36,38,-2
LatentSpace_v280,"Frontal pole, cerebral cortex",36,40,-4
LatentSpace_v280,Orbital area,27,35,-8
LatentSpace_v280,Posterior parietal association areas,32,38,-6
LatentSpace_v280,Perirhinal area,18,32,-14
LatentSpace_v280,Primary somatosensory area,30,35,-5
LatentSpace_v280,Supplemental somatosensory area,37,38,-1
LatentSpace_v280,Temporal association areas,33,33,0
LatentSpace_v280,Visual areas,31,38,-7
LatentSpace_v280,Pallidum,8,6,2
LatentSpace_v280,Striatum ventral region,8,3,5
LatentSpace_v280,Lateral septal complex,15,4,11
LatentSpace_v280,Caudoputamen,3,3,0
LatentSpace_v280,Medial amygdalar nucleus,11,7,4
LatentSpace_v280,Hypothalamus,9,9,0
LatentSpace_v280,Thalamus,3,1,2
LatentSpace_v280,Inferior colliculus,4,9,-5
LatentSpace_v280,"Superior colliculus, sensory related",4,10,-6
LatentSpace_v280,Midbrain raphe nuclei,14,12,2
LatentSpace_v280,Midbrain-other,8,10,-2
LatentSpace_v280,Periaqueductal gray,10,11,-1
LatentSpace_v280,Pons,10,9,1
LatentSpace_v280,Medulla,15,9,6
LatentSpace_v280,Lingula (I),12,34,-22
LatentSpace_v280,Central lobule,9,34,-25
LatentSpace_v280,Culmen,30,34,-4
LatentSpace_v280,Declive (VI),22,28,-6
LatentSpace_v280,Folium-tuber vermis (VII),23,31,-8
LatentSpace_v280,Pyramus (VIII),23,32,-9
LatentSpace_v280,Uvula (IX),27,34,-7
LatentSpace_v280,Nodulus (X),18,35,-17
LatentSpace_v280,Simple lobule,23,29,-6
LatentSpace_v280,Crus 1,22,26,-4
LatentSpace_v280,Crus 2,21,27,-6
LatentSpace_v280,Paramedian lobule,22,33,-11
LatentSpace_v280,Copula pyramidis,23,34,-11
LatentSpace_v280,Flocculus,31,34,-3
LatentSpace_v280,Paraflocculus,23,36,-13
LatentSpace_v280,Cerebellar nuclei,33,11,22
LatentSpace_v281,Cortical subplate-other,9,15,-6
LatentSpace_v281,Claustrum,25,33,-8
LatentSpace_v281,Endopiriform nucleus,13,32,-19
LatentSpace_v281,Olfactory areas-other,13,33,-20
LatentSpace_v281,Postpiriform transition area,12,27,-15
LatentSpace_v281,Piriform area,18,34,-16
LatentSpace_v281,Taenia tecta,9,28,-19
LatentSpace_v281,Cortical amygdalar area,6,19,-13
LatentSpace_v281,Piriform-amygdalar area,9,28,-19
LatentSpace_v281,Main olfactory bulb,14,10,4
LatentSpace_v281,Accessory olfactory bulb,23,19,4
LatentSpace_v281,Anterior olfactory nucleus,7,32,-25
LatentSpace_v281,Subiculum,5,35,-30
LatentSpace_v281,Entorhinal area,16,22,-6
LatentSpace_v281,Field CA1,8,25,-17
LatentSpace_v281,Field CA2,16,14,2
LatentSpace_v281,Field CA3,5,8,-3
LatentSpace_v281,Dentate gyrus,8,3,5
LatentSpace_v281,Anterior cingulate area,40,39,1
LatentSpace_v281,Infralimbic area,8,26,-18
LatentSpace_v281,Retrosplenial area,25,36,-11
LatentSpace_v281,Prelimbic area,32,35,-3
LatentSpace_v281,Primary auditory area,35,38,-3
LatentSpace_v281,Dorsal auditory area,35,38,-3
LatentSpace_v281,Ventral auditory area,37,38,-1
LatentSpace_v281,Agranular insular area,23,37,-14
LatentSpace_v281,Ectorhinal area,25,33,-8
LatentSpace_v281,Primary motor area,35,38,-3
LatentSpace_v281,Secondary motor area,38,38,0
LatentSpace_v281,"Frontal pole, cerebral cortex",35,40,-5
LatentSpace_v281,Orbital area,25,35,-10
LatentSpace_v281,Posterior parietal association areas,35,38,-3
LatentSpace_v281,Perirhinal area,23,32,-9
LatentSpace_v281,Primary somatosensory area,30,35,-5
LatentSpace_v281,Supplemental somatosensory area,35,38,-3
LatentSpace_v281,Temporal association areas,35,33,2
LatentSpace_v281,Visual areas,35,38,-3
LatentSpace_v281,Pallidum,9,6,3
LatentSpace_v281,Striatum ventral region,6,3,3
LatentSpace_v281,Lateral septal complex,9,4,5
LatentSpace_v281,Caudoputamen,3,3,0
LatentSpace_v281,Medial amygdalar nucleus,11,7,4
LatentSpace_v281,Hypothalamus,9,9,0
LatentSpace_v281,Thalamus,13,1,12
LatentSpace_v281,Inferior colliculus,7,9,-2
LatentSpace_v281,"Superior colliculus, sensory related",7,10,-3
LatentSpace_v281,Midbrain raphe nuclei,16,12,4
LatentSpace_v281,Midbrain-other,14,10,4
LatentSpace_v281,Periaqueductal gray,13,11,2
LatentSpace_v281,Pons,12,9,3
LatentSpace_v281,Medulla,11,9,2
LatentSpace_v281,Lingula (I),13,34,-21
LatentSpace_v281,Central lobule,24,34,-10
LatentSpace_v281,Culmen,26,34,-8
LatentSpace_v281,Declive (VI),22,28,-6
LatentSpace_v281,Folium-tuber vermis (VII),24,31,-7
LatentSpace_v281,Pyramus (VIII),30,32,-2
LatentSpace_v281,Uvula (IX),33,34,-1
LatentSpace_v281,Nodulus (X),21,35,-14
LatentSpace_v281,Simple lobule,22,29,-7
LatentSpace_v281,Crus 1,21,26,-5
LatentSpace_v281,Crus 2,21,27,-6
LatentSpace_v281,Paramedian lobule,24,33,-9
LatentSpace_v281,Copula pyramidis,24,34,-10
LatentSpace_v281,Flocculus,28,34,-6
LatentSpace_v281,Paraflocculus,23,36,-13
LatentSpace_v281,Cerebellar nuclei,32,11,21
LatentSpace_v282,Cortical subplate-other,8,15,-7
LatentSpace_v282,Claustrum,26,33,-7
LatentSpace_v282,Endopiriform nucleus,12,32,-20
LatentSpace_v282,Olfactory areas-other,19,33,-14
LatentSpace_v282,Postpiriform transition area,12,27,-15
LatentSpace_v282,Piriform area,17,34,-17
LatentSpace_v282,Taenia tecta,12,28,-16
LatentSpace_v282,Cortical amygdalar area,7,19,-12
LatentSpace_v282,Piriform-amygdalar area,11,28,-17
LatentSpace_v282,Main olfactory bulb,4,10,-6
LatentSpace_v282,Accessory olfactory bulb,38,19,19
LatentSpace_v282,Anterior olfactory nucleus,10,32,-22
LatentSpace_v282,Subiculum,9,35,-26
LatentSpace_v282,Entorhinal area,16,22,-6
LatentSpace_v282,Field CA1,10,25,-15
LatentSpace_v282,Field CA2,10,14,-4
LatentSpace_v282,Field CA3,7,8,-1
LatentSpace_v282,Dentate gyrus,7,3,4
LatentSpace_v282,Anterior cingulate area,35,39,-4
LatentSpace_v282,Infralimbic area,12,26,-14
LatentSpace_v282,Retrosplenial area,24,36,-12
LatentSpace_v282,Prelimbic area,28,35,-7
LatentSpace_v282,Primary auditory area,37,38,-1
LatentSpace_v282,Dorsal auditory area,36,38,-2
LatentSpace_v282,Ventral auditory area,37,38,-1
LatentSpace_v282,Agranular insular area,25,37,-12
LatentSpace_v282,Ectorhinal area,23,33,-10
LatentSpace_v282,Primary motor area,35,38,-3
LatentSpace_v282,Secondary motor area,37,38,-1
LatentSpace_v282,"Frontal pole, cerebral cortex",33,40,-7
LatentSpace_v282,Orbital area,28,35,-7
LatentSpace_v282,Posterior parietal association areas,35,38,-3
LatentSpace_v282,Perirhinal area,20,32,-12
LatentSpace_v282,Primary somatosensory area,30,35,-5
LatentSpace_v282,Supplemental somatosensory area,37,38,-1
LatentSpace_v282,Temporal association areas,30,33,-3
LatentSpace_v282,Visual areas,35,38,-3
LatentSpace_v282,Pallidum,10,6,4
LatentSpace_v282,Striatum ventral region,8,3,5
LatentSpace_v282,Lateral septal complex,12,4,8
LatentSpace_v282,Caudoputamen,3,3,0
LatentSpace_v282,Medial amygdalar nucleus,10,7,3
LatentSpace_v282,Hypothalamus,9,9,0
LatentSpace_v282,Thalamus,9,1,8
LatentSpace_v282,Inferior colliculus,6,9,-3
LatentSpace_v282,"Superior colliculus, sensory related",4,10,-6
LatentSpace_v282,Midbrain raphe nuclei,13,12,1
LatentSpace_v282,Midbrain-other,11,10,1
LatentSpace_v282,Periaqueductal gray,11,11,0
LatentSpace_v282,Pons,10,9,1
LatentSpace_v282,Medulla,14,9,5
LatentSpace_v282,Lingula (I),13,34,-21
LatentSpace_v282,Central lobule,26,34,-8
LatentSpace_v282,Culmen,25,34,-9
LatentSpace_v282,Declive (VI),23,28,-5
LatentSpace_v282,Folium-tuber vermis (VII),24,31,-7
LatentSpace_v282,Pyramus (VIII),25,32,-7
LatentSpace_v282,Uvula (IX),32,34,-2
LatentSpace_v282,Nodulus (X),14,35,-21
LatentSpace_v282,Simple lobule,22,29,-7
LatentSpace_v282,Crus 1,22,26,-4
LatentSpace_v282,Crus 2,22,27,-5
LatentSpace_v282,Paramedian lobule,22,33,-11
LatentSpace_v282,Copula pyramidis,25,34,-9
LatentSpace_v282,Flocculus,33,34,-1
LatentSpace_v282,Paraflocculus,25,36,-11
LatentSpace_v282,Cerebellar nuclei,33,11,22
LatentSpace_v283,Cortical subplate-other,6,15,-9
LatentSpace_v283,Claustrum,22,33,-11
LatentSpace_v283,Endopiriform nucleus,12,32,-20
LatentSpace_v283,Olfactory areas-other,7,33,-26
LatentSpace_v283,Postpiriform transition area,12,27,-15
LatentSpace_v283,Piriform area,22,34,-12
LatentSpace_v283,Taenia tecta,12,28,-16
LatentSpace_v283,Cortical amygdalar area,9,19,-10
LatentSpace_v283,Piriform-amygdalar area,12,28,-16
LatentSpace_v283,Main olfactory bulb,2,10,-8
LatentSpace_v283,Accessory olfactory bulb,2,19,-17
LatentSpace_v283,Anterior olfactory nucleus,2,32,-30
LatentSpace_v283,Subiculum,6,35,-29
LatentSpace_v283,Entorhinal area,16,22,-6
LatentSpace_v283,Field CA1,10,25,-15
LatentSpace_v283,Field CA2,21,14,7
LatentSpace_v283,Field CA3,6,8,-2
LatentSpace_v283,Dentate gyrus,6,3,3
LatentSpace_v283,Anterior cingulate area,36,39,-3
LatentSpace_v283,Infralimbic area,15,26,-11
LatentSpace_v283,Retrosplenial area,24,36,-12
LatentSpace_v283,Prelimbic area,32,35,-3
LatentSpace_v283,Primary auditory area,36,38,-2
LatentSpace_v283,Dorsal auditory area,34,38,-4
LatentSpace_v283,Ventral auditory area,37,38,-1
LatentSpace_v283,Agranular insular area,27,37,-10
LatentSpace_v283,Ectorhinal area,26,33,-7
LatentSpace_v283,Primary motor area,36,38,-2
LatentSpace_v283,Secondary motor area,38,38,0
LatentSpace_v283,"Frontal pole, cerebral cortex",34,40,-6
LatentSpace_v283,Orbital area,28,35,-7
LatentSpace_v283,Posterior parietal association areas,35,38,-3
LatentSpace_v283,Perirhinal area,23,32,-9
LatentSpace_v283,Primary somatosensory area,29,35,-6
LatentSpace_v283,Supplemental somatosensory area,37,38,-1
LatentSpace_v283,Temporal association areas,31,33,-2
LatentSpace_v283,Visual areas,31,38,-7
LatentSpace_v283,Pallidum,11,6,5
LatentSpace_v283,Striatum ventral region,5,3,2
LatentSpace_v283,Lateral septal complex,9,4,5
LatentSpace_v283,Caudoputamen,3,3,0
LatentSpace_v283,Medial amygdalar nucleus,9,7,2
LatentSpace_v283,Hypothalamus,8,9,-1
LatentSpace_v283,Thalamus,4,1,3
LatentSpace_v283,Inferior colliculus,7,9,-2
LatentSpace_v283,"Superior colliculus, sensory related",5,10,-5
LatentSpace_v283,Midbrain raphe nuclei,17,12,5
LatentSpace_v283,Midbrain-other,11,10,1
LatentSpace_v283,Periaqueductal gray,10,11,-1
LatentSpace_v283,Pons,9,9,0
LatentSpace_v283,Medulla,9,9,0
LatentSpace_v283,Lingula (I),10,34,-24
LatentSpace_v283,Central lobule,30,34,-4
LatentSpace_v283,Culmen,24,34,-10
LatentSpace_v283,Declive (VI),23,28,-5
LatentSpace_v283,Folium-tuber vermis (VII),23,31,-8
LatentSpace_v283,Pyramus (VIII),28,32,-4
LatentSpace_v283,Uvula (IX),32,34,-2
LatentSpace_v283,Nodulus (X),19,35,-16
LatentSpace_v283,Simple lobule,22,29,-7
LatentSpace_v283,Crus 1,22,26,-4
LatentSpace_v283,Crus 2,23,27,-4
LatentSpace_v283,Paramedian lobule,25,33,-8
LatentSpace_v283,Copula pyramidis,27,34,-7
LatentSpace_v283,Flocculus,17,34,-17
LatentSpace_v283,Paraflocculus,34,36,-2
LatentSpace_v283,Cerebellar nuclei,14,11,3
LatentSpace_v284,Cortical subplate-other,11,15,-4
LatentSpace_v284,Claustrum,24,33,-9
LatentSpace_v284,Endopiriform nucleus,17,32,-15
LatentSpace_v284,Olfactory areas-other,19,33,-14
LatentSpace_v284,Postpiriform transition area,12,27,-15
LatentSpace_v284,Piriform area,22,34,-12
LatentSpace_v284,Taenia tecta,13,28,-15
LatentSpace_v284,Cortical amygdalar area,9,19,-10
LatentSpace_v284,Piriform-amygdalar area,11,28,-17
LatentSpace_v284,Main olfactory bulb,29,10,19
LatentSpace_v284,Accessory olfactory bulb,31,19,12
LatentSpace_v284,Anterior olfactory nucleus,16,32,-16
LatentSpace_v284,Subiculum,5,35,-30
LatentSpace_v284,Entorhinal area,16,22,-6
LatentSpace_v284,Field CA1,6,25,-19
LatentSpace_v284,Field CA2,6,14,-8
LatentSpace_v284,Field CA3,6,8,-2
LatentSpace_v284,Dentate gyrus,8,3,5
LatentSpace_v284,Anterior cingulate area,35,39,-4
LatentSpace_v284,Infralimbic area,12,26,-14
LatentSpace_v284,Retrosplenial area,21,36,-15
LatentSpace_v284,Prelimbic area,26,35,-9
LatentSpace_v284,Primary auditory area,36,38,-2
LatentSpace_v284,Dorsal auditory area,35,38,-3
LatentSpace_v284,Ventral auditory area,36,38,-2
LatentSpace_v284,Agranular insular area,23,37,-14
LatentSpace_v284,Ectorhinal area,23,33,-10
LatentSpace_v284,Primary motor area,35,38,-3
LatentSpace_v284,Secondary motor area,37,38,-1
LatentSpace_v284,"Frontal pole, cerebral cortex",29,40,-11
LatentSpace_v284,Orbital area,22,35,-13
LatentSpace_v284,Posterior parietal association areas,35,38,-3
LatentSpace_v284,Perirhinal area,23,32,-9
LatentSpace_v284,Primary somatosensory area,29,35,-6
LatentSpace_v284,Supplemental somatosensory area,37,38,-1
LatentSpace_v284,Temporal association areas,29,33,-4
LatentSpace_v284,Visual areas,35,38,-3
LatentSpace_v284,Pallidum,7,6,1
LatentSpace_v284,Striatum ventral region,9,3,6
LatentSpace_v284,Lateral septal complex,12,4,8
LatentSpace_v284,Caudoputamen,3,3,0
LatentSpace_v284,Medial amygdalar nucleus,13,7,6
LatentSpace_v284,Hypothalamus,8,9,-1
LatentSpace_v284,Thalamus,6,1,5
LatentSpace_v284,Inferior colliculus,7,9,-2
LatentSpace_v284,"Superior colliculus, sensory related",6,10,-4
LatentSpace_v284,Midbrain raphe nuclei,15,12,3
LatentSpace_v284,Midbrain-other,12,10,2
LatentSpace_v284,Periaqueductal gray,11,11,0
LatentSpace_v284,Pons,9,9,0
LatentSpace_v284,Medulla,13,9,4
LatentSpace_v284,Lingula (I),8,34,-26
LatentSpace_v284,Central lobule,12,34,-22
LatentSpace_v284,Culmen,24,34,-10
LatentSpace_v284,Declive (VI),22,28,-6
LatentSpace_v284,Folium-tuber vermis (VII),23,31,-8
LatentSpace_v284,Pyramus (VIII),23,32,-9
LatentSpace_v284,Uvula (IX),24,34,-10
LatentSpace_v284,Nodulus (X),10,35,-25
LatentSpace_v284,Simple lobule,22,29,-7
LatentSpace_v284,Crus 1,21,26,-5
LatentSpace_v284,Crus 2,21,27,-6
LatentSpace_v284,Paramedian lobule,22,33,-11
LatentSpace_v284,Copula pyramidis,23,34,-11
LatentSpace_v284,Flocculus,28,34,-6
LatentSpace_v284,Paraflocculus,27,36,-9
LatentSpace_v284,Cerebellar nuclei,17,11,6
LatentSpace_v285,Cortical subplate-other,12,15,-3
LatentSpace_v285,Claustrum,20,33,-13
LatentSpace_v285,Endopiriform nucleus,10,32,-22
LatentSpace_v285,Olfactory areas-other,13,33,-20
LatentSpace_v285,Postpiriform transition area,11,27,-16
LatentSpace_v285,Piriform area,12,34,-22
LatentSpace_v285,Taenia tecta,14,28,-14
LatentSpace_v285,Cortical amygdalar area,11,19,-8
LatentSpace_v285,Piriform-amygdalar area,6,28,-22
LatentSpace_v285,Main olfactory bulb,11,10,1
LatentSpace_v285,Accessory olfactory bulb,26,19,7
LatentSpace_v285,Anterior olfactory nucleus,13,32,-19
LatentSpace_v285,Subiculum,5,35,-30
LatentSpace_v285,Entorhinal area,9,22,-13
LatentSpace_v285,Field CA1,6,25,-19
LatentSpace_v285,Field CA2,6,14,-8
LatentSpace_v285,Field CA3,6,8,-2
LatentSpace_v285,Dentate gyrus,8,3,5
LatentSpace_v285,Anterior cingulate area,34,39,-5
LatentSpace_v285,Infralimbic area,11,26,-15
LatentSpace_v285,Retrosplenial area,31,36,-5
LatentSpace_v285,Prelimbic area,24,35,-11
LatentSpace_v285,Primary auditory area,35,38,-3
LatentSpace_v285,Dorsal auditory area,35,38,-3
LatentSpace_v285,Ventral auditory area,37,38,-1
LatentSpace_v285,Agranular insular area,23,37,-14
LatentSpace_v285,Ectorhinal area,19,33,-14
LatentSpace_v285,Primary motor area,35,38,-3
LatentSpace_v285,Secondary motor area,35,38,-3
LatentSpace_v285,"Frontal pole, cerebral cortex",34,40,-6
LatentSpace_v285,Orbital area,24,35,-11
LatentSpace_v285,Posterior parietal association areas,35,38,-3
LatentSpace_v285,Perirhinal area,13,32,-19
LatentSpace_v285,Primary somatosensory area,31,35,-4
LatentSpace_v285,Supplemental somatosensory area,37,38,-1
LatentSpace_v285,Temporal association areas,27,33,-6
LatentSpace_v285,Visual areas,35,38,-3
LatentSpace_v285,Pallidum,8,6,2
LatentSpace_v285,Striatum ventral region,6,3,3
LatentSpace_v285,Lateral septal complex,11,4,7
LatentSpace_v285,Caudoputamen,3,3,0
LatentSpace_v285,Medial amygdalar nucleus,12,7,5
LatentSpace_v285,Hypothalamus,7,9,-2
LatentSpace_v285,Thalamus,7,1,6
LatentSpace_v285,Inferior colliculus,10,9,1
LatentSpace_v285,"Superior colliculus, sensory related",8,10,-2
LatentSpace_v285,Midbrain raphe nuclei,14,12,2
LatentSpace_v285,Midbrain-other,12,10,2
LatentSpace_v285,Periaqueductal gray,12,11,1
LatentSpace_v285,Pons,9,9,0
LatentSpace_v285,Medulla,9,9,0
LatentSpace_v285,Lingula (I),25,34,-9
LatentSpace_v285,Central lobule,16,34,-18
LatentSpace_v285,Culmen,31,34,-3
LatentSpace_v285,Declive (VI),23,28,-5
LatentSpace_v285,Folium-tuber vermis (VII),23,31,-8
LatentSpace_v285,Pyramus (VIII),24,32,-8
LatentSpace_v285,Uvula (IX),25,34,-9
LatentSpace_v285,Nodulus (X),16,35,-19
LatentSpace_v285,Simple lobule,24,29,-5
LatentSpace_v285,Crus 1,22,26,-4
LatentSpace_v285,Crus 2,22,27,-5
LatentSpace_v285,Paramedian lobule,23,33,-10
LatentSpace_v285,Copula pyramidis,25,34,-9
LatentSpace_v285,Flocculus,30,34,-4
LatentSpace_v285,Paraflocculus,24,36,-12
LatentSpace_v285,Cerebellar nuclei,18,11,7
LatentSpace_v286,Cortical subplate-other,13,15,-2
LatentSpace_v286,Claustrum,20,33,-13
LatentSpace_v286,Endopiriform nucleus,14,32,-18
LatentSpace_v286,Olfactory areas-other,16,33,-17
LatentSpace_v286,Postpiriform transition area,11,27,-16
LatentSpace_v286,Piriform area,12,34,-22
LatentSpace_v286,Taenia tecta,13,28,-15
LatentSpace_v286,Cortical amygdalar area,10,19,-9
LatentSpace_v286,Piriform-amygdalar area,9,28,-19
LatentSpace_v286,Main olfactory bulb,37,10,27
LatentSpace_v286,Accessory olfactory bulb,33,19,14
LatentSpace_v286,Anterior olfactory nucleus,19,32,-13
LatentSpace_v286,Subiculum,6,35,-29
LatentSpace_v286,Entorhinal area,11,22,-11
LatentSpace_v286,Field CA1,8,25,-17
LatentSpace_v286,Field CA2,13,14,-1
LatentSpace_v286,Field CA3,6,8,-2
LatentSpace_v286,Dentate gyrus,7,3,4
LatentSpace_v286,Anterior cingulate area,32,39,-7
LatentSpace_v286,Infralimbic area,11,26,-15
LatentSpace_v286,Retrosplenial area,24,36,-12
LatentSpace_v286,Prelimbic area,25,35,-10
LatentSpace_v286,Primary auditory area,35,38,-3
LatentSpace_v286,Dorsal auditory area,35,38,-3
LatentSpace_v286,Ventral auditory area,34,38,-4
LatentSpace_v286,Agranular insular area,16,37,-21
LatentSpace_v286,Ectorhinal area,16,33,-17
LatentSpace_v286,Primary motor area,35,38,-3
LatentSpace_v286,Secondary motor area,35,38,-3
LatentSpace_v286,"Frontal pole, cerebral cortex",30,40,-10
LatentSpace_v286,Orbital area,18,35,-17
LatentSpace_v286,Posterior parietal association areas,33,38,-5
LatentSpace_v286,Perirhinal area,16,32,-16
LatentSpace_v286,Primary somatosensory area,29,35,-6
LatentSpace_v286,Supplemental somatosensory area,36,38,-2
LatentSpace_v286,Temporal association areas,24,33,-9
LatentSpace_v286,Visual areas,32,38,-6
LatentSpace_v286,Pallidum,9,6,3
LatentSpace_v286,Striatum ventral region,8,3,5
LatentSpace_v286,Lateral septal complex,14,4,10
LatentSpace_v286,Caudoputamen,3,3,0
LatentSpace_v286,Medial amygdalar nucleus,10,7,3
LatentSpace_v286,Hypothalamus,10,9,1
LatentSpace_v286,Thalamus,7,1,6
LatentSpace_v286,Inferior colliculus,10,9,1
LatentSpace_v286,"Superior colliculus, sensory related",8,10,-2
LatentSpace_v286,Midbrain raphe nuclei,15,12,3
LatentSpace_v286,Midbrain-other,10,10,0
LatentSpace_v286,Periaqueductal gray,12,11,1
LatentSpace_v286,Pons,10,9,1
LatentSpace_v286,Medulla,33,9,24
LatentSpace_v286,Lingula (I),23,34,-11
LatentSpace_v286,Central lobule,11,34,-23
LatentSpace_v286,Culmen,29,34,-5
LatentSpace_v286,Declive (VI),22,28,-6
LatentSpace_v286,Folium-tuber vermis (VII),24,31,-7
LatentSpace_v286,Pyramus (VIII),26,32,-6
LatentSpace_v286,Uvula (IX),31,34,-3
LatentSpace_v286,Nodulus (X),20,35,-15
LatentSpace_v286,Simple lobule,23,29,-6
LatentSpace_v286,Crus 1,23,26,-3
LatentSpace_v286,Crus 2,22,27,-5
LatentSpace_v286,Paramedian lobule,23,33,-10
LatentSpace_v286,Copula pyramidis,25,34,-9
LatentSpace_v286,Flocculus,30,34,-4
LatentSpace_v286,Paraflocculus,24,36,-12
LatentSpace_v286,Cerebellar nuclei,32,11,21
LatentSpace_v287,Cortical subplate-other,10,15,-5
LatentSpace_v287,Claustrum,16,33,-17
LatentSpace_v287,Endopiriform nucleus,11,32,-21
LatentSpace_v287,Olfactory areas-other,12,33,-21
LatentSpace_v287,Postpiriform transition area,18,27,-9
LatentSpace_v287,Piriform area,16,34,-18
LatentSpace_v287,Taenia tecta,13,28,-15
LatentSpace_v287,Cortical amygdalar area,11,19,-8
LatentSpace_v287,Piriform-amygdalar area,13,28,-15
LatentSpace_v287,Main olfactory bulb,34,10,24
LatentSpace_v287,Accessory olfactory bulb,20,19,1
LatentSpace_v287,Anterior olfactory nucleus,12,32,-20
LatentSpace_v287,Subiculum,17,35,-18
LatentSpace_v287,Entorhinal area,18,22,-4
LatentSpace_v287,Field CA1,20,25,-5
LatentSpace_v287,Field CA2,24,14,10
LatentSpace_v287,Field CA3,6,8,-2
LatentSpace_v287,Dentate gyrus,8,3,5
LatentSpace_v287,Anterior cingulate area,35,39,-4
LatentSpace_v287,Infralimbic area,13,26,-13
LatentSpace_v287,Retrosplenial area,33,36,-3
LatentSpace_v287,Prelimbic area,26,35,-9
LatentSpace_v287,Primary auditory area,36,38,-2
LatentSpace_v287,Dorsal auditory area,35,38,-3
LatentSpace_v287,Ventral auditory area,38,38,0
LatentSpace_v287,Agranular insular area,28,37,-9
LatentSpace_v287,Ectorhinal area,24,33,-9
LatentSpace_v287,Primary motor area,35,38,-3
LatentSpace_v287,Secondary motor area,35,38,-3
LatentSpace_v287,"Frontal pole, cerebral cortex",33,40,-7
LatentSpace_v287,Orbital area,23,35,-12
LatentSpace_v287,Posterior parietal association areas,35,38,-3
LatentSpace_v287,Perirhinal area,23,32,-9
LatentSpace_v287,Primary somatosensory area,26,35,-9
LatentSpace_v287,Supplemental somatosensory area,37,38,-1
LatentSpace_v287,Temporal association areas,28,33,-5
LatentSpace_v287,Visual areas,35,38,-3
LatentSpace_v287,Pallidum,6,6,0
LatentSpace_v287,Striatum ventral region,6,3,3
LatentSpace_v287,Lateral septal complex,11,4,7
LatentSpace_v287,Caudoputamen,3,3,0
LatentSpace_v287,Medial amygdalar nucleus,7,7,0
LatentSpace_v287,Hypothalamus,5,9,-4
LatentSpace_v287,Thalamus,1,1,0
LatentSpace_v287,Inferior colliculus,5,9,-4
LatentSpace_v287,"Superior colliculus, sensory related",4,10,-6
LatentSpace_v287,Midbrain raphe nuclei,12,12,0
LatentSpace_v287,Midbrain-other,9,10,-1
LatentSpace_v287,Periaqueductal gray,11,11,0
LatentSpace_v287,Pons,9,9,0
LatentSpace_v287,Medulla,10,9,1
LatentSpace_v287,Lingula (I),9,34,-25
LatentSpace_v287,Central lobule,16,34,-18
LatentSpace_v287,Culmen,25,34,-9
LatentSpace_v287,Declive (VI),23,28,-5
LatentSpace_v287,Folium-tuber vermis (VII),23,31,-8
LatentSpace_v287,Pyramus (VIII),23,32,-9
LatentSpace_v287,Uvula (IX),15,34,-19
LatentSpace_v287,Nodulus (X),13,35,-22
LatentSpace_v287,Simple lobule,22,29,-7
LatentSpace_v287,Crus 1,22,26,-4
LatentSpace_v287,Crus 2,22,27,-5
LatentSpace_v287,Paramedian lobule,23,33,-10
LatentSpace_v287,Copula pyramidis,26,34,-8
LatentSpace_v287,Flocculus,17,34,-17
LatentSpace_v287,Paraflocculus,24,36,-12
LatentSpace_v287,Cerebellar nuclei,13,11,2
LatentSpace_v288,Cortical subplate-other,8,15,-7
LatentSpace_v288,Claustrum,24,33,-9
LatentSpace_v288,Endopiriform nucleus,8,32,-24
LatentSpace_v288,Olfactory areas-other,9,33,-24
LatentSpace_v288,Postpiriform transition area,11,27,-16
LatentSpace_v288,Piriform area,15,34,-19
LatentSpace_v288,Taenia tecta,11,28,-17
LatentSpace_v288,Cortical amygdalar area,4,19,-15
LatentSpace_v288,Piriform-amygdalar area,4,28,-24
LatentSpace_v288,Main olfactory bulb,4,10,-6
LatentSpace_v288,Accessory olfactory bulb,13,19,-6
LatentSpace_v288,Anterior olfactory nucleus,7,32,-25
LatentSpace_v288,Subiculum,5,35,-30
LatentSpace_v288,Entorhinal area,17,22,-5
LatentSpace_v288,Field CA1,8,25,-17
LatentSpace_v288,Field CA2,10,14,-4
LatentSpace_v288,Field CA3,7,8,-1
LatentSpace_v288,Dentate gyrus,8,3,5
LatentSpace_v288,Anterior cingulate area,36,39,-3
LatentSpace_v288,Infralimbic area,11,26,-15
LatentSpace_v288,Retrosplenial area,25,36,-11
LatentSpace_v288,Prelimbic area,29,35,-6
LatentSpace_v288,Primary auditory area,37,38,-1
LatentSpace_v288,Dorsal auditory area,35,38,-3
LatentSpace_v288,Ventral auditory area,35,38,-3
LatentSpace_v288,Agranular insular area,23,37,-14
LatentSpace_v288,Ectorhinal area,23,33,-10
LatentSpace_v288,Primary motor area,35,38,-3
LatentSpace_v288,Secondary motor area,37,38,-1
LatentSpace_v288,"Frontal pole, cerebral cortex",35,40,-5
LatentSpace_v288,Orbital area,25,35,-10
LatentSpace_v288,Posterior parietal association areas,34,38,-4
LatentSpace_v288,Perirhinal area,20,32,-12
LatentSpace_v288,Primary somatosensory area,24,35,-11
LatentSpace_v288,Supplemental somatosensory area,37,38,-1
LatentSpace_v288,Temporal association areas,30,33,-3
LatentSpace_v288,Visual areas,31,38,-7
LatentSpace_v288,Pallidum,7,6,1
LatentSpace_v288,Striatum ventral region,6,3,3
LatentSpace_v288,Lateral septal complex,12,4,8
LatentSpace_v288,Caudoputamen,3,3,0
LatentSpace_v288,Medial amygdalar nucleus,8,7,1
LatentSpace_v288,Hypothalamus,5,9,-4
LatentSpace_v288,Thalamus,5,1,4
LatentSpace_v288,Inferior colliculus,21,9,12
LatentSpace_v288,"Superior colliculus, sensory related",4,10,-6
LatentSpace_v288,Midbrain raphe nuclei,11,12,-1
LatentSpace_v288,Midbrain-other,11,10,1
LatentSpace_v288,Periaqueductal gray,12,11,1
LatentSpace_v288,Pons,10,9,1
LatentSpace_v288,Medulla,11,9,2
LatentSpace_v288,Lingula (I),27,34,-7
LatentSpace_v288,Central lobule,28,34,-6
LatentSpace_v288,Culmen,23,34,-11
LatentSpace_v288,Declive (VI),22,28,-6
LatentSpace_v288,Folium-tuber vermis (VII),23,31,-8
LatentSpace_v288,Pyramus (VIII),23,32,-9
LatentSpace_v288,Uvula (IX),30,34,-4
LatentSpace_v288,Nodulus (X),28,35,-7
LatentSpace_v288,Simple lobule,22,29,-7
LatentSpace_v288,Crus 1,22,26,-4
LatentSpace_v288,Crus 2,21,27,-6
LatentSpace_v288,Paramedian lobule,23,33,-10
LatentSpace_v288,Copula pyramidis,24,34,-10
LatentSpace_v288,Flocculus,22,34,-12
LatentSpace_v288,Paraflocculus,28,36,-8
LatentSpace_v288,Cerebellar nuclei,33,11,22
LatentSpace_v289,Cortical subplate-other,9,15,-6
LatentSpace_v289,Claustrum,24,33,-9
LatentSpace_v289,Endopiriform nucleus,9,32,-23
LatentSpace_v289,Olfactory areas-other,10,33,-23
LatentSpace_v289,Postpiriform transition area,10,27,-17
LatentSpace_v289,Piriform area,16,34,-18
LatentSpace_v289,Taenia tecta,10,28,-18
LatentSpace_v289,Cortical amygdalar area,9,19,-10
LatentSpace_v289,Piriform-amygdalar area,11,28,-17
LatentSpace_v289,Main olfactory bulb,3,10,-7
LatentSpace_v289,Accessory olfactory bulb,23,19,4
LatentSpace_v289,Anterior olfactory nucleus,9,32,-23
LatentSpace_v289,Subiculum,3,35,-32
LatentSpace_v289,Entorhinal area,16,22,-6
LatentSpace_v289,Field CA1,5,25,-20
LatentSpace_v289,Field CA2,7,14,-7
LatentSpace_v289,Field CA3,5,8,-3
LatentSpace_v289,Dentate gyrus,6,3,3
LatentSpace_v289,Anterior cingulate area,36,39,-3
LatentSpace_v289,Infralimbic area,10,26,-16
LatentSpace_v289,Retrosplenial area,24,36,-12
LatentSpace_v289,Prelimbic area,27,35,-8
LatentSpace_v289,Primary auditory area,37,38,-1
LatentSpace_v289,Dorsal auditory area,36,38,-2
LatentSpace_v289,Ventral auditory area,38,38,0
LatentSpace_v289,Agranular insular area,23,37,-14
LatentSpace_v289,Ectorhinal area,24,33,-9
LatentSpace_v289,Primary motor area,35,38,-3
LatentSpace_v289,Secondary motor area,37,38,-1
LatentSpace_v289,"Frontal pole, cerebral cortex",25,40,-15
LatentSpace_v289,Orbital area,25,35,-10
LatentSpace_v289,Posterior parietal association areas,35,38,-3
LatentSpace_v289,Perirhinal area,25,32,-7
LatentSpace_v289,Primary somatosensory area,30,35,-5
LatentSpace_v289,Supplemental somatosensory area,38,38,0
LatentSpace_v289,Temporal association areas,31,33,-2
LatentSpace_v289,Visual areas,35,38,-3
LatentSpace_v289,Pallidum,8,6,2
LatentSpace_v289,Striatum ventral region,9,3,6
LatentSpace_v289,Lateral septal complex,8,4,4
LatentSpace_v289,Caudoputamen,3,3,0
LatentSpace_v289,Medial amygdalar nucleus,10,7,3
LatentSpace_v289,Hypothalamus,12,9,3
LatentSpace_v289,Thalamus,13,1,12
LatentSpace_v289,Inferior colliculus,8,9,-1
LatentSpace_v289,"Superior colliculus, sensory related",5,10,-5
LatentSpace_v289,Midbrain raphe nuclei,14,12,2
LatentSpace_v289,Midbrain-other,14,10,4
LatentSpace_v289,Periaqueductal gray,12,11,1
LatentSpace_v289,Pons,12,9,3
LatentSpace_v289,Medulla,12,9,3
LatentSpace_v289,Lingula (I),14,34,-20
LatentSpace_v289,Central lobule,34,34,0
LatentSpace_v289,Culmen,27,34,-7
LatentSpace_v289,Declive (VI),23,28,-5
LatentSpace_v289,Folium-tuber vermis (VII),23,31,-8
LatentSpace_v289,Pyramus (VIII),24,32,-8
LatentSpace_v289,Uvula (IX),34,34,0
LatentSpace_v289,Nodulus (X),19,35,-16
LatentSpace_v289,Simple lobule,22,29,-7
LatentSpace_v289,Crus 1,23,26,-3
LatentSpace_v289,Crus 2,23,27,-4
LatentSpace_v289,Paramedian lobule,23,33,-10
LatentSpace_v289,Copula pyramidis,24,34,-10
LatentSpace_v289,Flocculus,35,34,1
LatentSpace_v289,Paraflocculus,24,36,-12
LatentSpace_v289,Cerebellar nuclei,12,11,1
LatentSpace_v290,Cortical subplate-other,11,15,-4
LatentSpace_v290,Claustrum,20,33,-13
LatentSpace_v290,Endopiriform nucleus,18,32,-14
LatentSpace_v290,Olfactory areas-other,17,33,-16
LatentSpace_v290,Postpiriform transition area,12,27,-15
LatentSpace_v290,Piriform area,15,34,-19
LatentSpace_v290,Taenia tecta,14,28,-14
LatentSpace_v290,Cortical amygdalar area,11,19,-8
LatentSpace_v290,Piriform-amygdalar area,17,28,-11
LatentSpace_v290,Main olfactory bulb,11,10,1
LatentSpace_v290,Accessory olfactory bulb,25,19,6
LatentSpace_v290,Anterior olfactory nucleus,12,32,-20
LatentSpace_v290,Subiculum,5,35,-30
LatentSpace_v290,Entorhinal area,16,22,-6
LatentSpace_v290,Field CA1,6,25,-19
LatentSpace_v290,Field CA2,8,14,-6
LatentSpace_v290,Field CA3,5,8,-3
LatentSpace_v290,Dentate gyrus,9,3,6
LatentSpace_v290,Anterior cingulate area,36,39,-3
LatentSpace_v290,Infralimbic area,10,26,-16
LatentSpace_v290,Retrosplenial area,25,36,-11
LatentSpace_v290,Prelimbic area,27,35,-8
LatentSpace_v290,Primary auditory area,35,38,-3
LatentSpace_v290,Dorsal auditory area,35,38,-3
LatentSpace_v290,Ventral auditory area,38,38,0
LatentSpace_v290,Agranular insular area,24,37,-13
LatentSpace_v290,Ectorhinal area,23,33,-10
LatentSpace_v290,Primary motor area,35,38,-3
LatentSpace_v290,Secondary motor area,36,38,-2
LatentSpace_v290,"Frontal pole, cerebral cortex",35,40,-5
LatentSpace_v290,Orbital area,27,35,-8
LatentSpace_v290,Posterior parietal association areas,35,38,-3
LatentSpace_v290,Perirhinal area,19,32,-13
LatentSpace_v290,Primary somatosensory area,28,35,-7
LatentSpace_v290,Supplemental somatosensory area,37,38,-1
LatentSpace_v290,Temporal association areas,30,33,-3
LatentSpace_v290,Visual areas,35,38,-3
LatentSpace_v290,Pallidum,8,6,2
LatentSpace_v290,Striatum ventral region,11,3,8
LatentSpace_v290,Lateral septal complex,12,4,8
LatentSpace_v290,Caudoputamen,3,3,0
LatentSpace_v290,Medial amygdalar nucleus,12,7,5
LatentSpace_v290,Hypothalamus,9,9,0
LatentSpace_v290,Thalamus,7,1,6
LatentSpace_v290,Inferior colliculus,10,9,1
LatentSpace_v290,"Superior colliculus, sensory related",6,10,-4
LatentSpace_v290,Midbrain raphe nuclei,14,12,2
LatentSpace_v290,Midbrain-other,9,10,-1
LatentSpace_v290,Periaqueductal gray,9,11,-2
LatentSpace_v290,Pons,8,9,-1
LatentSpace_v290,Medulla,10,9,1
LatentSpace_v290,Lingula (I),16,34,-18
LatentSpace_v290,Central lobule,16,34,-18
LatentSpace_v290,Culmen,30,34,-4
LatentSpace_v290,Declive (VI),23,28,-5
LatentSpace_v290,Folium-tuber vermis (VII),23,31,-8
LatentSpace_v290,Pyramus (VIII),23,32,-9
LatentSpace_v290,Uvula (IX),33,34,-1
LatentSpace_v290,Nodulus (X),19,35,-16
LatentSpace_v290,Simple lobule,23,29,-6
LatentSpace_v290,Crus 1,23,26,-3
LatentSpace_v290,Crus 2,23,27,-4
LatentSpace_v290,Paramedian lobule,23,33,-10
LatentSpace_v290,Copula pyramidis,23,34,-11
LatentSpace_v290,Flocculus,33,34,-1
LatentSpace_v290,Paraflocculus,23,36,-13
LatentSpace_v290,Cerebellar nuclei,13,11,2
LatentSpace_v291,Cortical subplate-other,15,15,0
LatentSpace_v291,Claustrum,25,33,-8
LatentSpace_v291,Endopiriform nucleus,17,32,-15
LatentSpace_v291,Olfactory areas-other,18,33,-15
LatentSpace_v291,Postpiriform transition area,12,27,-15
LatentSpace_v291,Piriform area,13,34,-21
LatentSpace_v291,Taenia tecta,13,28,-15
LatentSpace_v291,Cortical amygdalar area,13,19,-6
LatentSpace_v291,Piriform-amygdalar area,12,28,-16
LatentSpace_v291,Main olfactory bulb,31,10,21
LatentSpace_v291,Accessory olfactory bulb,24,19,5
LatentSpace_v291,Anterior olfactory nucleus,13,32,-19
LatentSpace_v291,Subiculum,7,35,-28
LatentSpace_v291,Entorhinal area,10,22,-12
LatentSpace_v291,Field CA1,7,25,-18
LatentSpace_v291,Field CA2,7,14,-7
LatentSpace_v291,Field CA3,8,8,0
LatentSpace_v291,Dentate gyrus,11,3,8
LatentSpace_v291,Anterior cingulate area,34,39,-5
LatentSpace_v291,Infralimbic area,12,26,-14
LatentSpace_v291,Retrosplenial area,22,36,-14
LatentSpace_v291,Prelimbic area,25,35,-10
LatentSpace_v291,Primary auditory area,35,38,-3
LatentSpace_v291,Dorsal auditory area,35,38,-3
LatentSpace_v291,Ventral auditory area,36,38,-2
LatentSpace_v291,Agranular insular area,30,37,-7
LatentSpace_v291,Ectorhinal area,23,33,-10
LatentSpace_v291,Primary motor area,35,38,-3
LatentSpace_v291,Secondary motor area,37,38,-1
LatentSpace_v291,"Frontal pole, cerebral cortex",36,40,-4
LatentSpace_v291,Orbital area,23,35,-12
LatentSpace_v291,Posterior parietal association areas,34,38,-4
LatentSpace_v291,Perirhinal area,17,32,-15
LatentSpace_v291,Primary somatosensory area,29,35,-6
LatentSpace_v291,Supplemental somatosensory area,37,38,-1
LatentSpace_v291,Temporal association areas,30,33,-3
LatentSpace_v291,Visual areas,31,38,-7
LatentSpace_v291,Pallidum,11,6,5
LatentSpace_v291,Striatum ventral region,14,3,11
LatentSpace_v291,Lateral septal complex,15,4,11
LatentSpace_v291,Caudoputamen,3,3,0
LatentSpace_v291,Medial amygdalar nucleus,14,7,7
LatentSpace_v291,Hypothalamus,9,9,0
LatentSpace_v291,Thalamus,10,1,9
LatentSpace_v291,Inferior colliculus,11,9,2
LatentSpace_v291,"Superior colliculus, sensory related",11,10,1
LatentSpace_v291,Midbrain raphe nuclei,14,12,2
LatentSpace_v291,Midbrain-other,14,10,4
LatentSpace_v291,Periaqueductal gray,13,11,2
LatentSpace_v291,Pons,11,9,2
LatentSpace_v291,Medulla,12,9,3
LatentSpace_v291,Lingula (I),22,34,-12
LatentSpace_v291,Central lobule,30,34,-4
LatentSpace_v291,Culmen,24,34,-10
LatentSpace_v291,Declive (VI),23,28,-5
LatentSpace_v291,Folium-tuber vermis (VII),23,31,-8
LatentSpace_v291,Pyramus (VIII),23,32,-9
LatentSpace_v291,Uvula (IX),32,34,-2
LatentSpace_v291,Nodulus (X),19,35,-16
LatentSpace_v291,Simple lobule,23,29,-6
LatentSpace_v291,Crus 1,23,26,-3
LatentSpace_v291,Crus 2,22,27,-5
LatentSpace_v291,Paramedian lobule,23,33,-10
LatentSpace_v291,Copula pyramidis,27,34,-7
LatentSpace_v291,Flocculus,19,34,-15
LatentSpace_v291,Paraflocculus,32,36,-4
LatentSpace_v291,Cerebellar nuclei,33,11,22
LatentSpace_v292,Cortical subplate-other,5,15,-10
LatentSpace_v292,Claustrum,8,33,-25
LatentSpace_v292,Endopiriform nucleus,6,32,-26
LatentSpace_v292,Olfactory areas-other,17,33,-16
LatentSpace_v292,Postpiriform transition area,3,27,-24
LatentSpace_v292,Piriform area,5,34,-29
LatentSpace_v292,Taenia tecta,11,28,-17
LatentSpace_v292,Cortical amygdalar area,3,19,-16
LatentSpace_v292,Piriform-amygdalar area,4,28,-24
LatentSpace_v292,Main olfactory bulb,27,10,17
LatentSpace_v292,Accessory olfactory bulb,26,19,7
LatentSpace_v292,Anterior olfactory nucleus,15,32,-17
LatentSpace_v292,Subiculum,4,35,-31
LatentSpace_v292,Entorhinal area,5,22,-17
LatentSpace_v292,Field CA1,23,25,-2
LatentSpace_v292,Field CA2,30,14,16
LatentSpace_v292,Field CA3,7,8,-1
LatentSpace_v292,Dentate gyrus,7,3,4
LatentSpace_v292,Anterior cingulate area,41,39,2
LatentSpace_v292,Infralimbic area,12,26,-14
LatentSpace_v292,Retrosplenial area,31,36,-5
LatentSpace_v292,Prelimbic area,33,35,-2
LatentSpace_v292,Primary auditory area,36,38,-2
LatentSpace_v292,Dorsal auditory area,35,38,-3
LatentSpace_v292,Ventral auditory area,36,38,-2
LatentSpace_v292,Agranular insular area,24,37,-13
LatentSpace_v292,Ectorhinal area,22,33,-11
LatentSpace_v292,Primary motor area,35,38,-3
LatentSpace_v292,Secondary motor area,36,38,-2
LatentSpace_v292,"Frontal pole, cerebral cortex",37,40,-3
LatentSpace_v292,Orbital area,25,35,-10
LatentSpace_v292,Posterior parietal association areas,35,38,-3
LatentSpace_v292,Perirhinal area,16,32,-16
LatentSpace_v292,Primary somatosensory area,23,35,-12
LatentSpace_v292,Supplemental somatosensory area,36,38,-2
LatentSpace_v292,Temporal association areas,33,33,0
LatentSpace_v292,Visual areas,35,38,-3
LatentSpace_v292,Pallidum,15,6,9
LatentSpace_v292,Striatum ventral region,7,3,4
LatentSpace_v292,Lateral septal complex,15,4,11
LatentSpace_v292,Caudoputamen,3,3,0
LatentSpace_v292,Medial amygdalar nucleus,8,7,1
LatentSpace_v292,Hypothalamus,13,9,4
LatentSpace_v292,Thalamus,6,1,5
LatentSpace_v292,Inferior colliculus,17,9,8
LatentSpace_v292,"Superior colliculus, sensory related",7,10,-3
LatentSpace_v292,Midbrain raphe nuclei,14,12,2
LatentSpace_v292,Midbrain-other,10,10,0
LatentSpace_v292,Periaqueductal gray,12,11,1
LatentSpace_v292,Pons,9,9,0
LatentSpace_v292,Medulla,10,9,1
LatentSpace_v292,Lingula (I),7,34,-27
LatentSpace_v292,Central lobule,9,34,-25
LatentSpace_v292,Culmen,20,34,-14
LatentSpace_v292,Declive (VI),23,28,-5
LatentSpace_v292,Folium-tuber vermis (VII),23,31,-8
LatentSpace_v292,Pyramus (VIII),28,32,-4
LatentSpace_v292,Uvula (IX),21,34,-13
LatentSpace_v292,Nodulus (X),13,35,-22
LatentSpace_v292,Simple lobule,23,29,-6
LatentSpace_v292,Crus 1,23,26,-3
LatentSpace_v292,Crus 2,23,27,-4
LatentSpace_v292,Paramedian lobule,23,33,-10
LatentSpace_v292,Copula pyramidis,29,34,-5
LatentSpace_v292,Flocculus,27,34,-7
LatentSpace_v292,Paraflocculus,23,36,-13
LatentSpace_v292,Cerebellar nuclei,13,11,2
LatentSpace_v293,Cortical subplate-other,8,15,-7
LatentSpace_v293,Claustrum,25,33,-8
LatentSpace_v293,Endopiriform nucleus,19,32,-13
LatentSpace_v293,Olfactory areas-other,15,33,-18
LatentSpace_v293,Postpiriform transition area,8,27,-19
LatentSpace_v293,Piriform area,11,34,-23
LatentSpace_v293,Taenia tecta,15,28,-13
LatentSpace_v293,Cortical amygdalar area,8,19,-11
LatentSpace_v293,Piriform-amygdalar area,8,28,-20
LatentSpace_v293,Main olfactory bulb,22,10,12
LatentSpace_v293,Accessory olfactory bulb,36,19,17
LatentSpace_v293,Anterior olfactory nucleus,16,32,-16
LatentSpace_v293,Subiculum,4,35,-31
LatentSpace_v293,Entorhinal area,13,22,-9
LatentSpace_v293,Field CA1,8,25,-17
LatentSpace_v293,Field CA2,10,14,-4
LatentSpace_v293,Field CA3,7,8,-1
LatentSpace_v293,Dentate gyrus,7,3,4
LatentSpace_v293,Anterior cingulate area,37,39,-2
LatentSpace_v293,Infralimbic area,11,26,-15
LatentSpace_v293,Retrosplenial area,27,36,-9
LatentSpace_v293,Prelimbic area,26,35,-9
LatentSpace_v293,Primary auditory area,37,38,-1
LatentSpace_v293,Dorsal auditory area,36,38,-2
LatentSpace_v293,Ventral auditory area,37,38,-1
LatentSpace_v293,Agranular insular area,24,37,-13
LatentSpace_v293,Ectorhinal area,23,33,-10
LatentSpace_v293,Primary motor area,35,38,-3
LatentSpace_v293,Secondary motor area,37,38,-1
LatentSpace_v293,"Frontal pole, cerebral cortex",35,40,-5
LatentSpace_v293,Orbital area,27,35,-8
LatentSpace_v293,Posterior parietal association areas,35,38,-3
LatentSpace_v293,Perirhinal area,20,32,-12
LatentSpace_v293,Primary somatosensory area,29,35,-6
LatentSpace_v293,Supplemental somatosensory area,37,38,-1
LatentSpace_v293,Temporal association areas,27,33,-6
LatentSpace_v293,Visual areas,35,38,-3
LatentSpace_v293,Pallidum,8,6,2
LatentSpace_v293,Striatum ventral region,6,3,3
LatentSpace_v293,Lateral septal complex,6,4,2
LatentSpace_v293,Caudoputamen,3,3,0
LatentSpace_v293,Medial amygdalar nucleus,10,7,3
LatentSpace_v293,Hypothalamus,8,9,-1
LatentSpace_v293,Thalamus,7,1,6
LatentSpace_v293,Inferior colliculus,7,9,-2
LatentSpace_v293,"Superior colliculus, sensory related",6,10,-4
LatentSpace_v293,Midbrain raphe nuclei,14,12,2
LatentSpace_v293,Midbrain-other,11,10,1
LatentSpace_v293,Periaqueductal gray,13,11,2
LatentSpace_v293,Pons,10,9,1
LatentSpace_v293,Medulla,10,9,1
LatentSpace_v293,Lingula (I),14,34,-20
LatentSpace_v293,Central lobule,27,34,-7
LatentSpace_v293,Culmen,29,34,-5
LatentSpace_v293,Declive (VI),23,28,-5
LatentSpace_v293,Folium-tuber vermis (VII),23,31,-8
LatentSpace_v293,Pyramus (VIII),23,32,-9
LatentSpace_v293,Uvula (IX),28,34,-6
LatentSpace_v293,Nodulus (X),13,35,-22
LatentSpace_v293,Simple lobule,24,29,-5
LatentSpace_v293,Crus 1,22,26,-4
LatentSpace_v293,Crus 2,22,27,-5
LatentSpace_v293,Paramedian lobule,23,33,-10
LatentSpace_v293,Copula pyramidis,26,34,-8
LatentSpace_v293,Flocculus,25,34,-9
LatentSpace_v293,Paraflocculus,24,36,-12
LatentSpace_v293,Cerebellar nuclei,12,11,1
LatentSpace_v294,Cortical subplate-other,11,15,-4
LatentSpace_v294,Claustrum,25,33,-8
LatentSpace_v294,Endopiriform nucleus,14,32,-18
LatentSpace_v294,Olfactory areas-other,8,33,-25
LatentSpace_v294,Postpiriform transition area,7,27,-20
LatentSpace_v294,Piriform area,15,34,-19
LatentSpace_v294,Taenia tecta,15,28,-13
LatentSpace_v294,Cortical amygdalar area,6,19,-13
LatentSpace_v294,Piriform-amygdalar area,8,28,-20
LatentSpace_v294,Main olfactory bulb,1,10,-9
LatentSpace_v294,Accessory olfactory bulb,27,19,8
LatentSpace_v294,Anterior olfactory nucleus,6,32,-26
LatentSpace_v294,Subiculum,3,35,-32
LatentSpace_v294,Entorhinal area,13,22,-9
LatentSpace_v294,Field CA1,6,25,-19
LatentSpace_v294,Field CA2,8,14,-6
LatentSpace_v294,Field CA3,8,8,0
LatentSpace_v294,Dentate gyrus,10,3,7
LatentSpace_v294,Anterior cingulate area,35,39,-4
LatentSpace_v294,Infralimbic area,13,26,-13
LatentSpace_v294,Retrosplenial area,21,36,-15
LatentSpace_v294,Prelimbic area,27,35,-8
LatentSpace_v294,Primary auditory area,35,38,-3
LatentSpace_v294,Dorsal auditory area,34,38,-4
LatentSpace_v294,Ventral auditory area,37,38,-1
LatentSpace_v294,Agranular insular area,25,37,-12
LatentSpace_v294,Ectorhinal area,23,33,-10
LatentSpace_v294,Primary motor area,35,38,-3
LatentSpace_v294,Secondary motor area,36,38,-2
LatentSpace_v294,"Frontal pole, cerebral cortex",35,40,-5
LatentSpace_v294,Orbital area,27,35,-8
LatentSpace_v294,Posterior parietal association areas,30,38,-8
LatentSpace_v294,Perirhinal area,19,32,-13
LatentSpace_v294,Primary somatosensory area,29,35,-6
LatentSpace_v294,Supplemental somatosensory area,35,38,-3
LatentSpace_v294,Temporal association areas,31,33,-2
LatentSpace_v294,Visual areas,30,38,-8
LatentSpace_v294,Pallidum,10,6,4
LatentSpace_v294,Striatum ventral region,8,3,5
LatentSpace_v294,Lateral septal complex,9,4,5
LatentSpace_v294,Caudoputamen,3,3,0
LatentSpace_v294,Medial amygdalar nucleus,11,7,4
LatentSpace_v294,Hypothalamus,6,9,-3
LatentSpace_v294,Thalamus,12,1,11
LatentSpace_v294,Inferior colliculus,7,9,-2
LatentSpace_v294,"Superior colliculus, sensory related",5,10,-5
LatentSpace_v294,Midbrain raphe nuclei,11,12,-1
LatentSpace_v294,Midbrain-other,14,10,4
LatentSpace_v294,Periaqueductal gray,12,11,1
LatentSpace_v294,Pons,11,9,2
LatentSpace_v294,Medulla,13,9,4
LatentSpace_v294,Lingula (I),15,34,-19
LatentSpace_v294,Central lobule,25,34,-9
LatentSpace_v294,Culmen,28,34,-6
LatentSpace_v294,Declive (VI),23,28,-5
LatentSpace_v294,Folium-tuber vermis (VII),23,31,-8
LatentSpace_v294,Pyramus (VIII),23,32,-9
LatentSpace_v294,Uvula (IX),23,34,-11
LatentSpace_v294,Nodulus (X),12,35,-23
LatentSpace_v294,Simple lobule,22,29,-7
LatentSpace_v294,Crus 1,22,26,-4
LatentSpace_v294,Crus 2,22,27,-5
LatentSpace_v294,Paramedian lobule,23,33,-10
LatentSpace_v294,Copula pyramidis,23,34,-11
LatentSpace_v294,Flocculus,23,34,-11
LatentSpace_v294,Paraflocculus,23,36,-13
LatentSpace_v294,Cerebellar nuclei,30,11,19
LatentSpace_v295,Cortical subplate-other,10,15,-5
LatentSpace_v295,Claustrum,13,33,-20
LatentSpace_v295,Endopiriform nucleus,8,32,-24
LatentSpace_v295,Olfactory areas-other,13,33,-20
LatentSpace_v295,Postpiriform transition area,12,27,-15
LatentSpace_v295,Piriform area,11,34,-23
LatentSpace_v295,Taenia tecta,13,28,-15
LatentSpace_v295,Cortical amygdalar area,12,19,-7
LatentSpace_v295,Piriform-amygdalar area,12,28,-16
LatentSpace_v295,Main olfactory bulb,23,10,13
LatentSpace_v295,Accessory olfactory bulb,21,19,2
LatentSpace_v295,Anterior olfactory nucleus,12,32,-20
LatentSpace_v295,Subiculum,5,35,-30
LatentSpace_v295,Entorhinal area,11,22,-11
LatentSpace_v295,Field CA1,7,25,-18
LatentSpace_v295,Field CA2,10,14,-4
LatentSpace_v295,Field CA3,6,8,-2
LatentSpace_v295,Dentate gyrus,7,3,4
LatentSpace_v295,Anterior cingulate area,36,39,-3
LatentSpace_v295,Infralimbic area,12,26,-14
LatentSpace_v295,Retrosplenial area,35,36,-1
LatentSpace_v295,Prelimbic area,31,35,-4
LatentSpace_v295,Primary auditory area,36,38,-2
LatentSpace_v295,Dorsal auditory area,35,38,-3
LatentSpace_v295,Ventral auditory area,38,38,0
LatentSpace_v295,Agranular insular area,27,37,-10
LatentSpace_v295,Ectorhinal area,23,33,-10
LatentSpace_v295,Primary motor area,35,38,-3
LatentSpace_v295,Secondary motor area,36,38,-2
LatentSpace_v295,"Frontal pole, cerebral cortex",35,40,-5
LatentSpace_v295,Orbital area,25,35,-10
LatentSpace_v295,Posterior parietal association areas,35,38,-3
LatentSpace_v295,Perirhinal area,17,32,-15
LatentSpace_v295,Primary somatosensory area,32,35,-3
LatentSpace_v295,Supplemental somatosensory area,37,38,-1
LatentSpace_v295,Temporal association areas,32,33,-1
LatentSpace_v295,Visual areas,35,38,-3
LatentSpace_v295,Pallidum,16,6,10
LatentSpace_v295,Striatum ventral region,8,3,5
LatentSpace_v295,Lateral septal complex,15,4,11
LatentSpace_v295,Caudoputamen,3,3,0
LatentSpace_v295,Medial amygdalar nucleus,13,7,6
LatentSpace_v295,Hypothalamus,11,9,2
LatentSpace_v295,Thalamus,7,1,6
LatentSpace_v295,Inferior colliculus,9,9,0
LatentSpace_v295,"Superior colliculus, sensory related",6,10,-4
LatentSpace_v295,Midbrain raphe nuclei,14,12,2
LatentSpace_v295,Midbrain-other,10,10,0
LatentSpace_v295,Periaqueductal gray,11,11,0
LatentSpace_v295,Pons,8,9,-1
LatentSpace_v295,Medulla,28,9,19
LatentSpace_v295,Lingula (I),12,34,-22
LatentSpace_v295,Central lobule,13,34,-21
LatentSpace_v295,Culmen,25,34,-9
LatentSpace_v295,Declive (VI),23,28,-5
LatentSpace_v295,Folium-tuber vermis (VII),23,31,-8
LatentSpace_v295,Pyramus (VIII),23,32,-9
LatentSpace_v295,Uvula (IX),23,34,-11
LatentSpace_v295,Nodulus (X),17,35,-18
LatentSpace_v295,Simple lobule,22,29,-7
LatentSpace_v295,Crus 1,22,26,-4
LatentSpace_v295,Crus 2,22,27,-5
LatentSpace_v295,Paramedian lobule,22,33,-11
LatentSpace_v295,Copula pyramidis,23,34,-11
LatentSpace_v295,Flocculus,25,34,-9
LatentSpace_v295,Paraflocculus,23,36,-13
LatentSpace_v295,Cerebellar nuclei,9,11,-2
LatentSpace_v296,Cortical subplate-other,10,15,-5
LatentSpace_v296,Claustrum,22,33,-11
LatentSpace_v296,Endopiriform nucleus,10,32,-22
LatentSpace_v296,Olfactory areas-other,19,33,-14
LatentSpace_v296,Postpiriform transition area,12,27,-15
LatentSpace_v296,Piriform area,14,34,-20
LatentSpace_v296,Taenia tecta,13,28,-15
LatentSpace_v296,Cortical amygdalar area,12,19,-7
LatentSpace_v296,Piriform-amygdalar area,12,28,-16
LatentSpace_v296,Main olfactory bulb,24,10,14
LatentSpace_v296,Accessory olfactory bulb,31,19,12
LatentSpace_v296,Anterior olfactory nucleus,17,32,-15
LatentSpace_v296,Subiculum,8,35,-27
LatentSpace_v296,Entorhinal area,17,22,-5
LatentSpace_v296,Field CA1,8,25,-17
LatentSpace_v296,Field CA2,30,14,16
LatentSpace_v296,Field CA3,6,8,-2
LatentSpace_v296,Dentate gyrus,7,3,4
LatentSpace_v296,Anterior cingulate area,36,39,-3
LatentSpace_v296,Infralimbic area,11,26,-15
LatentSpace_v296,Retrosplenial area,32,36,-4
LatentSpace_v296,Prelimbic area,33,35,-2
LatentSpace_v296,Primary auditory area,35,38,-3
LatentSpace_v296,Dorsal auditory area,35,38,-3
LatentSpace_v296,Ventral auditory area,37,38,-1
LatentSpace_v296,Agranular insular area,28,37,-9
LatentSpace_v296,Ectorhinal area,22,33,-11
LatentSpace_v296,Primary motor area,35,38,-3
LatentSpace_v296,Secondary motor area,36,38,-2
LatentSpace_v296,"Frontal pole, cerebral cortex",36,40,-4
LatentSpace_v296,Orbital area,27,35,-8
LatentSpace_v296,Posterior parietal association areas,35,38,-3
LatentSpace_v296,Perirhinal area,21,32,-11
LatentSpace_v296,Primary somatosensory area,29,35,-6
LatentSpace_v296,Supplemental somatosensory area,36,38,-2
LatentSpace_v296,Temporal association areas,30,33,-3
LatentSpace_v296,Visual areas,34,38,-4
LatentSpace_v296,Pallidum,10,6,4
LatentSpace_v296,Striatum ventral region,8,3,5
LatentSpace_v296,Lateral septal complex,9,4,5
LatentSpace_v296,Caudoputamen,3,3,0
LatentSpace_v296,Medial amygdalar nucleus,10,7,3
LatentSpace_v296,Hypothalamus,9,9,0
LatentSpace_v296,Thalamus,5,1,4
LatentSpace_v296,Inferior colliculus,17,9,8
LatentSpace_v296,"Superior colliculus, sensory related",5,10,-5
LatentSpace_v296,Midbrain raphe nuclei,9,12,-3
LatentSpace_v296,Midbrain-other,8,10,-2
LatentSpace_v296,Periaqueductal gray,7,11,-4
LatentSpace_v296,Pons,10,9,1
LatentSpace_v296,Medulla,10,9,1
LatentSpace_v296,Lingula (I),13,34,-21
LatentSpace_v296,Central lobule,14,34,-20
LatentSpace_v296,Culmen,23,34,-11
LatentSpace_v296,Declive (VI),23,28,-5
LatentSpace_v296,Folium-tuber vermis (VII),23,31,-8
LatentSpace_v296,Pyramus (VIII),23,32,-9
LatentSpace_v296,Uvula (IX),27,34,-7
LatentSpace_v296,Nodulus (X),12,35,-23
LatentSpace_v296,Simple lobule,22,29,-7
LatentSpace_v296,Crus 1,23,26,-3
LatentSpace_v296,Crus 2,23,27,-4
LatentSpace_v296,Paramedian lobule,23,33,-10
LatentSpace_v296,Copula pyramidis,23,34,-11
LatentSpace_v296,Flocculus,12,34,-22
LatentSpace_v296,Paraflocculus,23,36,-13
LatentSpace_v296,Cerebellar nuclei,13,11,2
LatentSpace_v297,Cortical subplate-other,13,15,-2
LatentSpace_v297,Claustrum,16,33,-17
LatentSpace_v297,Endopiriform nucleus,17,32,-15
LatentSpace_v297,Olfactory areas-other,22,33,-11
LatentSpace_v297,Postpiriform transition area,13,27,-14
LatentSpace_v297,Piriform area,21,34,-13
LatentSpace_v297,Taenia tecta,13,28,-15
LatentSpace_v297,Cortical amygdalar area,12,19,-7
LatentSpace_v297,Piriform-amygdalar area,12,28,-16
LatentSpace_v297,Main olfactory bulb,47,10,37
LatentSpace_v297,Accessory olfactory bulb,32,19,13
LatentSpace_v297,Anterior olfactory nucleus,19,32,-13
LatentSpace_v297,Subiculum,10,35,-25
LatentSpace_v297,Entorhinal area,13,22,-9
LatentSpace_v297,Field CA1,12,25,-13
LatentSpace_v297,Field CA2,15,14,1
LatentSpace_v297,Field CA3,6,8,-2
LatentSpace_v297,Dentate gyrus,6,3,3
LatentSpace_v297,Anterior cingulate area,35,39,-4
LatentSpace_v297,Infralimbic area,12,26,-14
LatentSpace_v297,Retrosplenial area,26,36,-10
LatentSpace_v297,Prelimbic area,27,35,-8
LatentSpace_v297,Primary auditory area,35,38,-3
LatentSpace_v297,Dorsal auditory area,35,38,-3
LatentSpace_v297,Ventral auditory area,37,38,-1
LatentSpace_v297,Agranular insular area,24,37,-13
LatentSpace_v297,Ectorhinal area,22,33,-11
LatentSpace_v297,Primary motor area,35,38,-3
LatentSpace_v297,Secondary motor area,35,38,-3
LatentSpace_v297,"Frontal pole, cerebral cortex",33,40,-7
LatentSpace_v297,Orbital area,25,35,-10
LatentSpace_v297,Posterior parietal association areas,35,38,-3
LatentSpace_v297,Perirhinal area,16,32,-16
LatentSpace_v297,Primary somatosensory area,28,35,-7
LatentSpace_v297,Supplemental somatosensory area,36,38,-2
LatentSpace_v297,Temporal association areas,30,33,-3
LatentSpace_v297,Visual areas,31,38,-7
LatentSpace_v297,Pallidum,7,6,1
LatentSpace_v297,Striatum ventral region,8,3,5
LatentSpace_v297,Lateral septal complex,14,4,10
LatentSpace_v297,Caudoputamen,3,3,0
LatentSpace_v297,Medial amygdalar nucleus,13,7,6
LatentSpace_v297,Hypothalamus,6,9,-3
LatentSpace_v297,Thalamus,4,1,3
LatentSpace_v297,Inferior colliculus,6,9,-3
LatentSpace_v297,"Superior colliculus, sensory related",4,10,-6
LatentSpace_v297,Midbrain raphe nuclei,13,12,1
LatentSpace_v297,Midbrain-other,12,10,2
LatentSpace_v297,Periaqueductal gray,11,11,0
LatentSpace_v297,Pons,10,9,1
LatentSpace_v297,Medulla,10,9,1
LatentSpace_v297,Lingula (I),12,34,-22
LatentSpace_v297,Central lobule,10,34,-24
LatentSpace_v297,Culmen,27,34,-7
LatentSpace_v297,Declive (VI),23,28,-5
LatentSpace_v297,Folium-tuber vermis (VII),23,31,-8
LatentSpace_v297,Pyramus (VIII),27,32,-5
LatentSpace_v297,Uvula (IX),20,34,-14
LatentSpace_v297,Nodulus (X),15,35,-20
LatentSpace_v297,Simple lobule,24,29,-5
LatentSpace_v297,Crus 1,23,26,-3
LatentSpace_v297,Crus 2,23,27,-4
LatentSpace_v297,Paramedian lobule,23,33,-10
LatentSpace_v297,Copula pyramidis,25,34,-9
LatentSpace_v297,Flocculus,20,34,-14
LatentSpace_v297,Paraflocculus,29,36,-7
LatentSpace_v297,Cerebellar nuclei,21,11,10
LatentSpace_v298,Cortical subplate-other,13,15,-2
LatentSpace_v298,Claustrum,20,33,-13
LatentSpace_v298,Endopiriform nucleus,18,32,-14
LatentSpace_v298,Olfactory areas-other,22,33,-11
LatentSpace_v298,Postpiriform transition area,15,27,-12
LatentSpace_v298,Piriform area,22,34,-12
LatentSpace_v298,Taenia tecta,12,28,-16
LatentSpace_v298,Cortical amygdalar area,9,19,-10
LatentSpace_v298,Piriform-amygdalar area,12,28,-16
LatentSpace_v298,Main olfactory bulb,16,10,6
LatentSpace_v298,Accessory olfactory bulb,32,19,13
LatentSpace_v298,Anterior olfactory nucleus,28,32,-4
LatentSpace_v298,Subiculum,4,35,-31
LatentSpace_v298,Entorhinal area,12,22,-10
LatentSpace_v298,Field CA1,8,25,-17
LatentSpace_v298,Field CA2,7,14,-7
LatentSpace_v298,Field CA3,8,8,0
LatentSpace_v298,Dentate gyrus,9,3,6
LatentSpace_v298,Anterior cingulate area,37,39,-2
LatentSpace_v298,Infralimbic area,20,26,-6
LatentSpace_v298,Retrosplenial area,30,36,-6
LatentSpace_v298,Prelimbic area,27,35,-8
LatentSpace_v298,Primary auditory area,37,38,-1
LatentSpace_v298,Dorsal auditory area,35,38,-3
LatentSpace_v298,Ventral auditory area,38,38,0
LatentSpace_v298,Agranular insular area,24,37,-13
LatentSpace_v298,Ectorhinal area,23,33,-10
LatentSpace_v298,Primary motor area,35,38,-3
LatentSpace_v298,Secondary motor area,38,38,0
LatentSpace_v298,"Frontal pole, cerebral cortex",36,40,-4
LatentSpace_v298,Orbital area,25,35,-10
LatentSpace_v298,Posterior parietal association areas,36,38,-2
LatentSpace_v298,Perirhinal area,20,32,-12
LatentSpace_v298,Primary somatosensory area,29,35,-6
LatentSpace_v298,Supplemental somatosensory area,37,38,-1
LatentSpace_v298,Temporal association areas,27,33,-6
LatentSpace_v298,Visual areas,35,38,-3
LatentSpace_v298,Pallidum,17,6,11
LatentSpace_v298,Striatum ventral region,11,3,8
LatentSpace_v298,Lateral septal complex,13,4,9
LatentSpace_v298,Caudoputamen,3,3,0
LatentSpace_v298,Medial amygdalar nucleus,15,7,8
LatentSpace_v298,Hypothalamus,13,9,4
LatentSpace_v298,Thalamus,10,1,9
LatentSpace_v298,Inferior colliculus,23,9,14
LatentSpace_v298,"Superior colliculus, sensory related",6,10,-4
LatentSpace_v298,Midbrain raphe nuclei,15,12,3
LatentSpace_v298,Midbrain-other,13,10,3
LatentSpace_v298,Periaqueductal gray,12,11,1
LatentSpace_v298,Pons,10,9,1
LatentSpace_v298,Medulla,9,9,0
LatentSpace_v298,Lingula (I),14,34,-20
LatentSpace_v298,Central lobule,22,34,-12
LatentSpace_v298,Culmen,27,34,-7
LatentSpace_v298,Declive (VI),23,28,-5
LatentSpace_v298,Folium-tuber vermis (VII),23,31,-8
LatentSpace_v298,Pyramus (VIII),23,32,-9
LatentSpace_v298,Uvula (IX),37,34,3
LatentSpace_v298,Nodulus (X),16,35,-19
LatentSpace_v298,Simple lobule,38,29,9
LatentSpace_v298,Crus 1,22,26,-4
LatentSpace_v298,Crus 2,22,27,-5
LatentSpace_v298,Paramedian lobule,23,33,-10
LatentSpace_v298,Copula pyramidis,23,34,-11
LatentSpace_v298,Flocculus,34,34,0
LatentSpace_v298,Paraflocculus,28,36,-8
LatentSpace_v298,Cerebellar nuclei,15,11,4
LatentSpace_v299,Cortical subplate-other,6,15,-9
LatentSpace_v299,Claustrum,30,33,-3
LatentSpace_v299,Endopiriform nucleus,19,32,-13
LatentSpace_v299,Olfactory areas-other,22,33,-11
LatentSpace_v299,Postpiriform transition area,9,27,-18
LatentSpace_v299,Piriform area,22,34,-12
LatentSpace_v299,Taenia tecta,12,28,-16
LatentSpace_v299,Cortical amygdalar area,3,19,-16
LatentSpace_v299,Piriform-amygdalar area,8,28,-20
LatentSpace_v299,Main olfactory bulb,29,10,19
LatentSpace_v299,Accessory olfactory bulb,36,19,17
LatentSpace_v299,Anterior olfactory nucleus,11,32,-21
LatentSpace_v299,Subiculum,5,35,-30
LatentSpace_v299,Entorhinal area,16,22,-6
LatentSpace_v299,Field CA1,6,25,-19
LatentSpace_v299,Field CA2,7,14,-7
LatentSpace_v299,Field CA3,7,8,-1
LatentSpace_v299,Dentate gyrus,8,3,5
LatentSpace_v299,Anterior cingulate area,36,39,-3
LatentSpace_v299,Infralimbic area,12,26,-14
LatentSpace_v299,Retrosplenial area,25,36,-11
LatentSpace_v299,Prelimbic area,33,35,-2
LatentSpace_v299,Primary auditory area,38,38,0
LatentSpace_v299,Dorsal auditory area,35,38,-3
LatentSpace_v299,Ventral auditory area,39,38,1
LatentSpace_v299,Agranular insular area,24,37,-13
LatentSpace_v299,Ectorhinal area,26,33,-7
LatentSpace_v299,Primary motor area,36,38,-2
LatentSpace_v299,Secondary motor area,36,38,-2
LatentSpace_v299,"Frontal pole, cerebral cortex",35,40,-5
LatentSpace_v299,Orbital area,29,35,-6
LatentSpace_v299,Posterior parietal association areas,35,38,-3
LatentSpace_v299,Perirhinal area,26,32,-6
LatentSpace_v299,Primary somatosensory area,29,35,-6
LatentSpace_v299,Supplemental somatosensory area,37,38,-1
LatentSpace_v299,Temporal association areas,33,33,0
LatentSpace_v299,Visual areas,32,38,-6
LatentSpace_v299,Pallidum,13,6,7
LatentSpace_v299,Striatum ventral region,5,3,2
LatentSpace_v299,Lateral septal complex,10,4,6
LatentSpace_v299,Caudoputamen,3,3,0
LatentSpace_v299,Medial amygdalar nucleus,7,7,0
LatentSpace_v299,Hypothalamus,14,9,5
LatentSpace_v299,Thalamus,9,1,8
LatentSpace_v299,Inferior colliculus,7,9,-2
LatentSpace_v299,"Superior colliculus, sensory related",9,10,-1
LatentSpace_v299,Midbrain raphe nuclei,16,12,4
LatentSpace_v299,Midbrain-other,13,10,3
LatentSpace_v299,Periaqueductal gray,13,11,2
LatentSpace_v299,Pons,13,9,4
LatentSpace_v299,Medulla,11,9,2
LatentSpace_v299,Lingula (I),15,34,-19
LatentSpace_v299,Central lobule,31,34,-3
LatentSpace_v299,Culmen,24,34,-10
LatentSpace_v299,Declive (VI),23,28,-5
LatentSpace_v299,Folium-tuber vermis (VII),23,31,-8
LatentSpace_v299,Pyramus (VIII),23,32,-9
LatentSpace_v299,Uvula (IX),22,34,-12
LatentSpace_v299,Nodulus (X),19,35,-16
LatentSpace_v299,Simple lobule,22,29,-7
LatentSpace_v299,Crus 1,22,26,-4
LatentSpace_v299,Crus 2,22,27,-5
LatentSpace_v299,Paramedian lobule,23,33,-10
LatentSpace_v299,Copula pyramidis,23,34,-11
LatentSpace_v299,Flocculus,13,34,-21
LatentSpace_v299,Paraflocculus,12,36,-24
LatentSpace_v299,Cerebellar nuclei,28,11,17
LatentSpace_v300,Cortical subplate-other,8,15,-7
LatentSpace_v300,Claustrum,17,33,-16
LatentSpace_v300,Endopiriform nucleus,7,32,-25
LatentSpace_v300,Olfactory areas-other,10,33,-23
LatentSpace_v300,Postpiriform transition area,11,27,-16
LatentSpace_v300,Piriform area,15,34,-19
LatentSpace_v300,Taenia tecta,11,28,-17
LatentSpace_v300,Cortical amygdalar area,3,19,-16
LatentSpace_v300,Piriform-amygdalar area,4,28,-24
LatentSpace_v300,Main olfactory bulb,27,10,17
LatentSpace_v300,Accessory olfactory bulb,33,19,14
LatentSpace_v300,Anterior olfactory nucleus,8,32,-24
LatentSpace_v300,Subiculum,7,35,-28
LatentSpace_v300,Entorhinal area,17,22,-5
LatentSpace_v300,Field CA1,8,25,-17
LatentSpace_v300,Field CA2,8,14,-6
LatentSpace_v300,Field CA3,6,8,-2
LatentSpace_v300,Dentate gyrus,7,3,4
LatentSpace_v300,Anterior cingulate area,36,39,-3
LatentSpace_v300,Infralimbic area,11,26,-15
LatentSpace_v300,Retrosplenial area,32,36,-4
LatentSpace_v300,Prelimbic area,30,35,-5
LatentSpace_v300,Primary auditory area,38,38,0
LatentSpace_v300,Dorsal auditory area,35,38,-3
LatentSpace_v300,Ventral auditory area,34,38,-4
LatentSpace_v300,Agranular insular area,30,37,-7
LatentSpace_v300,Ectorhinal area,22,33,-11
LatentSpace_v300,Primary motor area,35,38,-3
LatentSpace_v300,Secondary motor area,38,38,0
LatentSpace_v300,"Frontal pole, cerebral cortex",36,40,-4
LatentSpace_v300,Orbital area,28,35,-7
LatentSpace_v300,Posterior parietal association areas,35,38,-3
LatentSpace_v300,Perirhinal area,17,32,-15
LatentSpace_v300,Primary somatosensory area,30,35,-5
LatentSpace_v300,Supplemental somatosensory area,37,38,-1
LatentSpace_v300,Temporal association areas,26,33,-7
LatentSpace_v300,Visual areas,35,38,-3
LatentSpace_v300,Pallidum,11,6,5
LatentSpace_v300,Striatum ventral region,7,3,4
LatentSpace_v300,Lateral septal complex,7,4,3
LatentSpace_v300,Caudoputamen,3,3,0
LatentSpace_v300,Medial amygdalar nucleus,11,7,4
LatentSpace_v300,Hypothalamus,10,9,1
LatentSpace_v300,Thalamus,1,1,0
LatentSpace_v300,Inferior colliculus,20,9,11
LatentSpace_v300,"Superior colliculus, sensory related",20,10,10
LatentSpace_v300,Midbrain raphe nuclei,13,12,1
LatentSpace_v300,Midbrain-other,8,10,-2
LatentSpace_v300,Periaqueductal gray,10,11,-1
LatentSpace_v300,Pons,9,9,0
LatentSpace_v300,Medulla,12,9,3
LatentSpace_v300,Lingula (I),22,34,-12
LatentSpace_v300,Central lobule,34,34,0
LatentSpace_v300,Culmen,28,34,-6
LatentSpace_v300,Declive (VI),23,28,-5
LatentSpace_v300,Folium-tuber vermis (VII),32,31,1
LatentSpace_v300,Pyramus (VIII),33,32,1
LatentSpace_v300,Uvula (IX),32,34,-2
LatentSpace_v300,Nodulus (X),21,35,-14
LatentSpace_v300,Simple lobule,22,29,-7
LatentSpace_v300,Crus 1,22,26,-4
LatentSpace_v300,Crus 2,24,27,-3
LatentSpace_v300,Paramedian lobule,31,33,-2
LatentSpace_v300,Copula pyramidis,34,34,0
LatentSpace_v300,Flocculus,26,34,-8
LatentSpace_v300,Paraflocculus,29,36,-7
LatentSpace_v300,Cerebellar nuclei,19,11,8
LatentSpace_v301,Cortical subplate-other,6,15,-9
LatentSpace_v301,Claustrum,26,33,-7
LatentSpace_v301,Endopiriform nucleus,9,32,-23
LatentSpace_v301,Olfactory areas-other,8,33,-25
LatentSpace_v301,Postpiriform transition area,10,27,-17
LatentSpace_v301,Piriform area,12,34,-22
LatentSpace_v301,Taenia tecta,15,28,-13
LatentSpace_v301,Cortical amygdalar area,5,19,-14
LatentSpace_v301,Piriform-amygdalar area,7,28,-21
LatentSpace_v301,Main olfactory bulb,12,10,2
LatentSpace_v301,Accessory olfactory bulb,3,19,-16
LatentSpace_v301,Anterior olfactory nucleus,7,32,-25
LatentSpace_v301,Subiculum,4,35,-31
LatentSpace_v301,Entorhinal area,14,22,-8
LatentSpace_v301,Field CA1,6,25,-19
LatentSpace_v301,Field CA2,6,14,-8
LatentSpace_v301,Field CA3,7,8,-1
LatentSpace_v301,Dentate gyrus,9,3,6
LatentSpace_v301,Anterior cingulate area,33,39,-6
LatentSpace_v301,Infralimbic area,12,26,-14
LatentSpace_v301,Retrosplenial area,25,36,-11
LatentSpace_v301,Prelimbic area,28,35,-7
LatentSpace_v301,Primary auditory area,35,38,-3
LatentSpace_v301,Dorsal auditory area,35,38,-3
LatentSpace_v301,Ventral auditory area,35,38,-3
LatentSpace_v301,Agranular insular area,25,37,-12
LatentSpace_v301,Ectorhinal area,23,33,-10
LatentSpace_v301,Primary motor area,35,38,-3
LatentSpace_v301,Secondary motor area,35,38,-3
LatentSpace_v301,"Frontal pole, cerebral cortex",31,40,-9
LatentSpace_v301,Orbital area,22,35,-13
LatentSpace_v301,Posterior parietal association areas,35,38,-3
LatentSpace_v301,Perirhinal area,16,32,-16
LatentSpace_v301,Primary somatosensory area,29,35,-6
LatentSpace_v301,Supplemental somatosensory area,36,38,-2
LatentSpace_v301,Temporal association areas,28,33,-5
LatentSpace_v301,Visual areas,32,38,-6
LatentSpace_v301,Pallidum,7,6,1
LatentSpace_v301,Striatum ventral region,5,3,2
LatentSpace_v301,Lateral septal complex,7,4,3
LatentSpace_v301,Caudoputamen,3,3,0
LatentSpace_v301,Medial amygdalar nucleus,7,7,0
LatentSpace_v301,Hypothalamus,8,9,-1
LatentSpace_v301,Thalamus,6,1,5
LatentSpace_v301,Inferior colliculus,9,9,0
LatentSpace_v301,"Superior colliculus, sensory related",6,10,-4
LatentSpace_v301,Midbrain raphe nuclei,16,12,4
LatentSpace_v301,Midbrain-other,13,10,3
LatentSpace_v301,Periaqueductal gray,12,11,1
LatentSpace_v301,Pons,10,9,1
LatentSpace_v301,Medulla,9,9,0
LatentSpace_v301,Lingula (I),18,34,-16
LatentSpace_v301,Central lobule,26,34,-8
LatentSpace_v301,Culmen,28,34,-6
LatentSpace_v301,Declive (VI),23,28,-5
LatentSpace_v301,Folium-tuber vermis (VII),23,31,-8
LatentSpace_v301,Pyramus (VIII),23,32,-9
LatentSpace_v301,Uvula (IX),26,34,-8
LatentSpace_v301,Nodulus (X),22,35,-13
LatentSpace_v301,Simple lobule,23,29,-6
LatentSpace_v301,Crus 1,22,26,-4
LatentSpace_v301,Crus 2,22,27,-5
LatentSpace_v301,Paramedian lobule,23,33,-10
LatentSpace_v301,Copula pyramidis,23,34,-11
LatentSpace_v301,Flocculus,29,34,-5
LatentSpace_v301,Paraflocculus,23,36,-13
LatentSpace_v301,Cerebellar nuclei,30,11,19
LatentSpace_v302,Cortical subplate-other,10,15,-5
LatentSpace_v302,Claustrum,25,33,-8
LatentSpace_v302,Endopiriform nucleus,13,32,-19
LatentSpace_v302,Olfactory areas-other,17,33,-16
LatentSpace_v302,Postpiriform transition area,12,27,-15
LatentSpace_v302,Piriform area,17,34,-17
LatentSpace_v302,Taenia tecta,12,28,-16
LatentSpace_v302,Cortical amygdalar area,10,19,-9
LatentSpace_v302,Piriform-amygdalar area,11,28,-17
LatentSpace_v302,Main olfactory bulb,22,10,12
LatentSpace_v302,Accessory olfactory bulb,35,19,16
LatentSpace_v302,Anterior olfactory nucleus,13,32,-19
LatentSpace_v302,Subiculum,4,35,-31
LatentSpace_v302,Entorhinal area,15,22,-7
LatentSpace_v302,Field CA1,7,25,-18
LatentSpace_v302,Field CA2,6,14,-8
LatentSpace_v302,Field CA3,6,8,-2
LatentSpace_v302,Dentate gyrus,8,3,5
LatentSpace_v302,Anterior cingulate area,37,39,-2
LatentSpace_v302,Infralimbic area,11,26,-15
LatentSpace_v302,Retrosplenial area,24,36,-12
LatentSpace_v302,Prelimbic area,33,35,-2
LatentSpace_v302,Primary auditory area,35,38,-3
LatentSpace_v302,Dorsal auditory area,35,38,-3
LatentSpace_v302,Ventral auditory area,39,38,1
LatentSpace_v302,Agranular insular area,26,37,-11
LatentSpace_v302,Ectorhinal area,24,33,-9
LatentSpace_v302,Primary motor area,35,38,-3
LatentSpace_v302,Secondary motor area,36,38,-2
LatentSpace_v302,"Frontal pole, cerebral cortex",36,40,-4
LatentSpace_v302,Orbital area,28,35,-7
LatentSpace_v302,Posterior parietal association areas,35,38,-3
LatentSpace_v302,Perirhinal area,22,32,-10
LatentSpace_v302,Primary somatosensory area,29,35,-6
LatentSpace_v302,Supplemental somatosensory area,36,38,-2
LatentSpace_v302,Temporal association areas,34,33,1
LatentSpace_v302,Visual areas,34,38,-4
LatentSpace_v302,Pallidum,9,6,3
LatentSpace_v302,Striatum ventral region,7,3,4
LatentSpace_v302,Lateral septal complex,5,4,1
LatentSpace_v302,Caudoputamen,3,3,0
LatentSpace_v302,Medial amygdalar nucleus,10,7,3
LatentSpace_v302,Hypothalamus,5,9,-4
LatentSpace_v302,Thalamus,17,1,16
LatentSpace_v302,Inferior colliculus,4,9,-5
LatentSpace_v302,"Superior colliculus, sensory related",4,10,-6
LatentSpace_v302,Midbrain raphe nuclei,13,12,1
LatentSpace_v302,Midbrain-other,11,10,1
LatentSpace_v302,Periaqueductal gray,7,11,-4
LatentSpace_v302,Pons,7,9,-2
LatentSpace_v302,Medulla,7,9,-2
LatentSpace_v302,Lingula (I),11,34,-23
LatentSpace_v302,Central lobule,29,34,-5
LatentSpace_v302,Culmen,27,34,-7
LatentSpace_v302,Declive (VI),25,28,-3
LatentSpace_v302,Folium-tuber vermis (VII),27,31,-4
LatentSpace_v302,Pyramus (VIII),28,32,-4
LatentSpace_v302,Uvula (IX),12,34,-22
LatentSpace_v302,Nodulus (X),11,35,-24
LatentSpace_v302,Simple lobule,23,29,-6
LatentSpace_v302,Crus 1,23,26,-3
LatentSpace_v302,Crus 2,23,27,-4
LatentSpace_v302,Paramedian lobule,28,33,-5
LatentSpace_v302,Copula pyramidis,15,34,-19
LatentSpace_v302,Flocculus,9,34,-25
LatentSpace_v302,Paraflocculus,28,36,-8
LatentSpace_v302,Cerebellar nuclei,12,11,1
LatentSpace_v303,Cortical subplate-other,12,15,-3
LatentSpace_v303,Claustrum,11,33,-22
LatentSpace_v303,Endopiriform nucleus,11,32,-21
LatentSpace_v303,Olfactory areas-other,17,33,-16
LatentSpace_v303,Postpiriform transition area,12,27,-15
LatentSpace_v303,Piriform area,16,34,-18
LatentSpace_v303,Taenia tecta,14,28,-14
LatentSpace_v303,Cortical amygdalar area,8,19,-11
LatentSpace_v303,Piriform-amygdalar area,7,28,-21
LatentSpace_v303,Main olfactory bulb,50,10,40
LatentSpace_v303,Accessory olfactory bulb,35,19,16
LatentSpace_v303,Anterior olfactory nucleus,17,32,-15
LatentSpace_v303,Subiculum,8,35,-27
LatentSpace_v303,Entorhinal area,14,22,-8
LatentSpace_v303,Field CA1,7,25,-18
LatentSpace_v303,Field CA2,7,14,-7
LatentSpace_v303,Field CA3,8,8,0
LatentSpace_v303,Dentate gyrus,6,3,3
LatentSpace_v303,Anterior cingulate area,34,39,-5
LatentSpace_v303,Infralimbic area,12,26,-14
LatentSpace_v303,Retrosplenial area,30,36,-6
LatentSpace_v303,Prelimbic area,25,35,-10
LatentSpace_v303,Primary auditory area,35,38,-3
LatentSpace_v303,Dorsal auditory area,35,38,-3
LatentSpace_v303,Ventral auditory area,38,38,0
LatentSpace_v303,Agranular insular area,23,37,-14
LatentSpace_v303,Ectorhinal area,22,33,-11
LatentSpace_v303,Primary motor area,35,38,-3
LatentSpace_v303,Secondary motor area,35,38,-3
LatentSpace_v303,"Frontal pole, cerebral cortex",26,40,-14
LatentSpace_v303,Orbital area,25,35,-10
LatentSpace_v303,Posterior parietal association areas,35,38,-3
LatentSpace_v303,Perirhinal area,18,32,-14
LatentSpace_v303,Primary somatosensory area,31,35,-4
LatentSpace_v303,Supplemental somatosensory area,36,38,-2
LatentSpace_v303,Temporal association areas,30,33,-3
LatentSpace_v303,Visual areas,35,38,-3
LatentSpace_v303,Pallidum,11,6,5
LatentSpace_v303,Striatum ventral region,10,3,7
LatentSpace_v303,Lateral septal complex,15,4,11
LatentSpace_v303,Caudoputamen,3,3,0
LatentSpace_v303,Medial amygdalar nucleus,13,7,6
LatentSpace_v303,Hypothalamus,10,9,1
LatentSpace_v303,Thalamus,9,1,8
LatentSpace_v303,Inferior colliculus,6,9,-3
LatentSpace_v303,"Superior colliculus, sensory related",4,10,-6
LatentSpace_v303,Midbrain raphe nuclei,14,12,2
LatentSpace_v303,Midbrain-other,13,10,3
LatentSpace_v303,Periaqueductal gray,12,11,1
LatentSpace_v303,Pons,11,9,2
LatentSpace_v303,Medulla,12,9,3
LatentSpace_v303,Lingula (I),9,34,-25
LatentSpace_v303,Central lobule,7,34,-27
LatentSpace_v303,Culmen,25,34,-9
LatentSpace_v303,Declive (VI),23,28,-5
LatentSpace_v303,Folium-tuber vermis (VII),23,31,-8
LatentSpace_v303,Pyramus (VIII),24,32,-8
LatentSpace_v303,Uvula (IX),26,34,-8
LatentSpace_v303,Nodulus (X),13,35,-22
LatentSpace_v303,Simple lobule,23,29,-6
LatentSpace_v303,Crus 1,23,26,-3
LatentSpace_v303,Crus 2,23,27,-4
LatentSpace_v303,Paramedian lobule,23,33,-10
LatentSpace_v303,Copula pyramidis,24,34,-10
LatentSpace_v303,Flocculus,31,34,-3
LatentSpace_v303,Paraflocculus,23,36,-13
LatentSpace_v303,Cerebellar nuclei,32,11,21
LatentSpace_v304,Cortical subplate-other,8,15,-7
LatentSpace_v304,Claustrum,24,33,-9
LatentSpace_v304,Endopiriform nucleus,8,32,-24
LatentSpace_v304,Olfactory areas-other,8,33,-25
LatentSpace_v304,Postpiriform transition area,8,27,-19
LatentSpace_v304,Piriform area,9,34,-25
LatentSpace_v304,Taenia tecta,11,28,-17
LatentSpace_v304,Cortical amygdalar area,3,19,-16
LatentSpace_v304,Piriform-amygdalar area,3,28,-25
LatentSpace_v304,Main olfactory bulb,17,10,7
LatentSpace_v304,Accessory olfactory bulb,25,19,6
LatentSpace_v304,Anterior olfactory nucleus,8,32,-24
LatentSpace_v304,Subiculum,4,35,-31
LatentSpace_v304,Entorhinal area,11,22,-11
LatentSpace_v304,Field CA1,7,25,-18
LatentSpace_v304,Field CA2,6,14,-8
LatentSpace_v304,Field CA3,6,8,-2
LatentSpace_v304,Dentate gyrus,7,3,4
LatentSpace_v304,Anterior cingulate area,34,39,-5
LatentSpace_v304,Infralimbic area,9,26,-17
LatentSpace_v304,Retrosplenial area,26,36,-10
LatentSpace_v304,Prelimbic area,23,35,-12
LatentSpace_v304,Primary auditory area,35,38,-3
LatentSpace_v304,Dorsal auditory area,35,38,-3
LatentSpace_v304,Ventral auditory area,39,38,1
LatentSpace_v304,Agranular insular area,20,37,-17
LatentSpace_v304,Ectorhinal area,21,33,-12
LatentSpace_v304,Primary motor area,35,38,-3
LatentSpace_v304,Secondary motor area,36,38,-2
LatentSpace_v304,"Frontal pole, cerebral cortex",23,40,-17
LatentSpace_v304,Orbital area,16,35,-19
LatentSpace_v304,Posterior parietal association areas,35,38,-3
LatentSpace_v304,Perirhinal area,11,32,-21
LatentSpace_v304,Primary somatosensory area,31,35,-4
LatentSpace_v304,Supplemental somatosensory area,36,38,-2
LatentSpace_v304,Temporal association areas,31,33,-2
LatentSpace_v304,Visual areas,35,38,-3
LatentSpace_v304,Pallidum,10,6,4
LatentSpace_v304,Striatum ventral region,7,3,4
LatentSpace_v304,Lateral septal complex,8,4,4
LatentSpace_v304,Caudoputamen,3,3,0
LatentSpace_v304,Medial amygdalar nucleus,9,7,2
LatentSpace_v304,Hypothalamus,7,9,-2
LatentSpace_v304,Thalamus,5,1,4
LatentSpace_v304,Inferior colliculus,5,9,-4
LatentSpace_v304,"Superior colliculus, sensory related",4,10,-6
LatentSpace_v304,Midbrain raphe nuclei,14,12,2
LatentSpace_v304,Midbrain-other,10,10,0
LatentSpace_v304,Periaqueductal gray,10,11,-1
LatentSpace_v304,Pons,11,9,2
LatentSpace_v304,Medulla,10,9,1
LatentSpace_v304,Lingula (I),13,34,-21
LatentSpace_v304,Central lobule,14,34,-20
LatentSpace_v304,Culmen,25,34,-9
LatentSpace_v304,Declive (VI),23,28,-5
LatentSpace_v304,Folium-tuber vermis (VII),23,31,-8
LatentSpace_v304,Pyramus (VIII),27,32,-5
LatentSpace_v304,Uvula (IX),20,34,-14
LatentSpace_v304,Nodulus (X),13,35,-22
LatentSpace_v304,Simple lobule,23,29,-6
LatentSpace_v304,Crus 1,23,26,-3
LatentSpace_v304,Crus 2,23,27,-4
LatentSpace_v304,Paramedian lobule,25,33,-8
LatentSpace_v304,Copula pyramidis,31,34,-3
LatentSpace_v304,Flocculus,33,34,-1
LatentSpace_v304,Paraflocculus,31,36,-5
LatentSpace_v304,Cerebellar nuclei,19,11,8
LatentSpace_v305,Cortical subplate-other,5,15,-10
LatentSpace_v305,Claustrum,25,33,-8
LatentSpace_v305,Endopiriform nucleus,10,32,-22
LatentSpace_v305,Olfactory areas-other,9,33,-24
LatentSpace_v305,Postpiriform transition area,6,27,-21
LatentSpace_v305,Piriform area,6,34,-28
LatentSpace_v305,Taenia tecta,13,28,-15
LatentSpace_v305,Cortical amygdalar area,3,19,-16
LatentSpace_v305,Piriform-amygdalar area,3,28,-25
LatentSpace_v305,Main olfactory bulb,13,10,3
LatentSpace_v305,Accessory olfactory bulb,36,19,17
LatentSpace_v305,Anterior olfactory nucleus,8,32,-24
LatentSpace_v305,Subiculum,3,35,-32
LatentSpace_v305,Entorhinal area,9,22,-13
LatentSpace_v305,Field CA1,6,25,-19
LatentSpace_v305,Field CA2,9,14,-5
LatentSpace_v305,Field CA3,7,8,-1
LatentSpace_v305,Dentate gyrus,7,3,4
LatentSpace_v305,Anterior cingulate area,39,39,0
LatentSpace_v305,Infralimbic area,10,26,-16
LatentSpace_v305,Retrosplenial area,23,36,-13
LatentSpace_v305,Prelimbic area,32,35,-3
LatentSpace_v305,Primary auditory area,36,38,-2
LatentSpace_v305,Dorsal auditory area,35,38,-3
LatentSpace_v305,Ventral auditory area,39,38,1
LatentSpace_v305,Agranular insular area,25,37,-12
LatentSpace_v305,Ectorhinal area,25,33,-8
LatentSpace_v305,Primary motor area,35,38,-3
LatentSpace_v305,Secondary motor area,38,38,0
LatentSpace_v305,"Frontal pole, cerebral cortex",37,40,-3
LatentSpace_v305,Orbital area,25,35,-10
LatentSpace_v305,Posterior parietal association areas,35,38,-3
LatentSpace_v305,Perirhinal area,18,32,-14
LatentSpace_v305,Primary somatosensory area,35,35,0
LatentSpace_v305,Supplemental somatosensory area,37,38,-1
LatentSpace_v305,Temporal association areas,31,33,-2
LatentSpace_v305,Visual areas,35,38,-3
LatentSpace_v305,Pallidum,10,6,4
LatentSpace_v305,Striatum ventral region,5,3,2
LatentSpace_v305,Lateral septal complex,9,4,5
LatentSpace_v305,Caudoputamen,3,3,0
LatentSpace_v305,Medial amygdalar nucleus,9,7,2
LatentSpace_v305,Hypothalamus,7,9,-2
LatentSpace_v305,Thalamus,9,1,8
LatentSpace_v305,Inferior colliculus,7,9,-2
LatentSpace_v305,"Superior colliculus, sensory related",5,10,-5
LatentSpace_v305,Midbrain raphe nuclei,15,12,3
LatentSpace_v305,Midbrain-other,13,10,3
LatentSpace_v305,Periaqueductal gray,12,11,1
LatentSpace_v305,Pons,11,9,2
LatentSpace_v305,Medulla,13,9,4
LatentSpace_v305,Lingula (I),12,34,-22
LatentSpace_v305,Central lobule,16,34,-18
LatentSpace_v305,Culmen,32,34,-2
LatentSpace_v305,Declive (VI),23,28,-5
LatentSpace_v305,Folium-tuber vermis (VII),23,31,-8
LatentSpace_v305,Pyramus (VIII),27,32,-5
LatentSpace_v305,Uvula (IX),18,34,-16
LatentSpace_v305,Nodulus (X),13,35,-22
LatentSpace_v305,Simple lobule,22,29,-7
LatentSpace_v305,Crus 1,22,26,-4
LatentSpace_v305,Crus 2,22,27,-5
LatentSpace_v305,Paramedian lobule,23,33,-10
LatentSpace_v305,Copula pyramidis,26,34,-8
LatentSpace_v305,Flocculus,32,34,-2
LatentSpace_v305,Paraflocculus,26,36,-10
LatentSpace_v305,Cerebellar nuclei,14,11,3
LatentSpace_v306,Cortical subplate-other,9,15,-6
LatentSpace_v306,Claustrum,32,33,-1
LatentSpace_v306,Endopiriform nucleus,14,32,-18
LatentSpace_v306,Olfactory areas-other,23,33,-10
LatentSpace_v306,Postpiriform transition area,5,27,-22
LatentSpace_v306,Piriform area,17,34,-17
LatentSpace_v306,Taenia tecta,12,28,-16
LatentSpace_v306,Cortical amygdalar area,3,19,-16
LatentSpace_v306,Piriform-amygdalar area,5,28,-23
LatentSpace_v306,Main olfactory bulb,12,10,2
LatentSpace_v306,Accessory olfactory bulb,28,19,9
LatentSpace_v306,Anterior olfactory nucleus,23,32,-9
LatentSpace_v306,Subiculum,3,35,-32
LatentSpace_v306,Entorhinal area,11,22,-11
LatentSpace_v306,Field CA1,6,25,-19
LatentSpace_v306,Field CA2,16,14,2
LatentSpace_v306,Field CA3,4,8,-4
LatentSpace_v306,Dentate gyrus,8,3,5
LatentSpace_v306,Anterior cingulate area,40,39,1
LatentSpace_v306,Infralimbic area,11,26,-15
LatentSpace_v306,Retrosplenial area,26,36,-10
LatentSpace_v306,Prelimbic area,29,35,-6
LatentSpace_v306,Primary auditory area,35,38,-3
LatentSpace_v306,Dorsal auditory area,35,38,-3
LatentSpace_v306,Ventral auditory area,36,38,-2
LatentSpace_v306,Agranular insular area,22,37,-15
LatentSpace_v306,Ectorhinal area,26,33,-7
LatentSpace_v306,Primary motor area,35,38,-3
LatentSpace_v306,Secondary motor area,37,38,-1
LatentSpace_v306,"Frontal pole, cerebral cortex",33,40,-7
LatentSpace_v306,Orbital area,26,35,-9
LatentSpace_v306,Posterior parietal association areas,35,38,-3
LatentSpace_v306,Perirhinal area,18,32,-14
LatentSpace_v306,Primary somatosensory area,31,35,-4
LatentSpace_v306,Supplemental somatosensory area,36,38,-2
LatentSpace_v306,Temporal association areas,30,33,-3
LatentSpace_v306,Visual areas,35,38,-3
LatentSpace_v306,Pallidum,8,6,2
LatentSpace_v306,Striatum ventral region,8,3,5
LatentSpace_v306,Lateral septal complex,9,4,5
LatentSpace_v306,Caudoputamen,3,3,0
LatentSpace_v306,Medial amygdalar nucleus,7,7,0
LatentSpace_v306,Hypothalamus,7,9,-2
LatentSpace_v306,Thalamus,8,1,7
LatentSpace_v306,Inferior colliculus,6,9,-3
LatentSpace_v306,"Superior colliculus, sensory related",4,10,-6
LatentSpace_v306,Midbrain raphe nuclei,16,12,4
LatentSpace_v306,Midbrain-other,13,10,3
LatentSpace_v306,Periaqueductal gray,10,11,-1
LatentSpace_v306,Pons,11,9,2
LatentSpace_v306,Medulla,9,9,0
LatentSpace_v306,Lingula (I),12,34,-22
LatentSpace_v306,Central lobule,21,34,-13
LatentSpace_v306,Culmen,26,34,-8
LatentSpace_v306,Declive (VI),23,28,-5
LatentSpace_v306,Folium-tuber vermis (VII),23,31,-8
LatentSpace_v306,Pyramus (VIII),24,32,-8
LatentSpace_v306,Uvula (IX),30,34,-4
LatentSpace_v306,Nodulus (X),15,35,-20
LatentSpace_v306,Simple lobule,22,29,-7
LatentSpace_v306,Crus 1,22,26,-4
LatentSpace_v306,Crus 2,22,27,-5
LatentSpace_v306,Paramedian lobule,23,33,-10
LatentSpace_v306,Copula pyramidis,26,34,-8
LatentSpace_v306,Flocculus,21,34,-13
LatentSpace_v306,Paraflocculus,26,36,-10
LatentSpace_v306,Cerebellar nuclei,15,11,4
LatentSpace_v307,Cortical subplate-other,8,15,-7
LatentSpace_v307,Claustrum,15,33,-18
LatentSpace_v307,Endopiriform nucleus,7,32,-25
LatentSpace_v307,Olfactory areas-other,11,33,-22
LatentSpace_v307,Postpiriform transition area,11,27,-16
LatentSpace_v307,Piriform area,8,34,-26
LatentSpace_v307,Taenia tecta,11,28,-17
LatentSpace_v307,Cortical amygdalar area,8,19,-11
LatentSpace_v307,Piriform-amygdalar area,12,28,-16
LatentSpace_v307,Main olfactory bulb,9,10,-1
LatentSpace_v307,Accessory olfactory bulb,29,19,10
LatentSpace_v307,Anterior olfactory nucleus,9,32,-23
LatentSpace_v307,Subiculum,8,35,-27
LatentSpace_v307,Entorhinal area,8,22,-14
LatentSpace_v307,Field CA1,8,25,-17
LatentSpace_v307,Field CA2,10,14,-4
LatentSpace_v307,Field CA3,5,8,-3
LatentSpace_v307,Dentate gyrus,7,3,4
LatentSpace_v307,Anterior cingulate area,38,39,-1
LatentSpace_v307,Infralimbic area,10,26,-16
LatentSpace_v307,Retrosplenial area,28,36,-8
LatentSpace_v307,Prelimbic area,26,35,-9
LatentSpace_v307,Primary auditory area,36,38,-2
LatentSpace_v307,Dorsal auditory area,35,38,-3
LatentSpace_v307,Ventral auditory area,38,38,0
LatentSpace_v307,Agranular insular area,23,37,-14
LatentSpace_v307,Ectorhinal area,22,33,-11
LatentSpace_v307,Primary motor area,35,38,-3
LatentSpace_v307,Secondary motor area,35,38,-3
LatentSpace_v307,"Frontal pole, cerebral cortex",36,40,-4
LatentSpace_v307,Orbital area,24,35,-11
LatentSpace_v307,Posterior parietal association areas,35,38,-3
LatentSpace_v307,Perirhinal area,15,32,-17
LatentSpace_v307,Primary somatosensory area,35,35,0
LatentSpace_v307,Supplemental somatosensory area,37,38,-1
LatentSpace_v307,Temporal association areas,32,33,-1
LatentSpace_v307,Visual areas,35,38,-3
LatentSpace_v307,Pallidum,9,6,3
LatentSpace_v307,Striatum ventral region,7,3,4
LatentSpace_v307,Lateral septal complex,7,4,3
LatentSpace_v307,Caudoputamen,3,3,0
LatentSpace_v307,Medial amygdalar nucleus,10,7,3
LatentSpace_v307,Hypothalamus,12,9,3
LatentSpace_v307,Thalamus,5,1,4
LatentSpace_v307,Inferior colliculus,7,9,-2
LatentSpace_v307,"Superior colliculus, sensory related",5,10,-5
LatentSpace_v307,Midbrain raphe nuclei,12,12,0
LatentSpace_v307,Midbrain-other,10,10,0
LatentSpace_v307,Periaqueductal gray,8,11,-3
LatentSpace_v307,Pons,10,9,1
LatentSpace_v307,Medulla,11,9,2
LatentSpace_v307,Lingula (I),11,34,-23
LatentSpace_v307,Central lobule,10,34,-24
LatentSpace_v307,Culmen,27,34,-7
LatentSpace_v307,Declive (VI),23,28,-5
LatentSpace_v307,Folium-tuber vermis (VII),23,31,-8
LatentSpace_v307,Pyramus (VIII),26,32,-6
LatentSpace_v307,Uvula (IX),15,34,-19
LatentSpace_v307,Nodulus (X),13,35,-22
LatentSpace_v307,Simple lobule,23,29,-6
LatentSpace_v307,Crus 1,23,26,-3
LatentSpace_v307,Crus 2,23,27,-4
LatentSpace_v307,Paramedian lobule,23,33,-10
LatentSpace_v307,Copula pyramidis,27,34,-7
LatentSpace_v307,Flocculus,26,34,-8
LatentSpace_v307,Paraflocculus,27,36,-9
LatentSpace_v307,Cerebellar nuclei,13,11,2
LatentSpace_v308,Cortical subplate-other,9,15,-6
LatentSpace_v308,Claustrum,16,33,-17
LatentSpace_v308,Endopiriform nucleus,8,32,-24
LatentSpace_v308,Olfactory areas-other,8,33,-25
LatentSpace_v308,Postpiriform transition area,12,27,-15
LatentSpace_v308,Piriform area,7,34,-27
LatentSpace_v308,Taenia tecta,11,28,-17
LatentSpace_v308,Cortical amygdalar area,9,19,-10
LatentSpace_v308,Piriform-amygdalar area,11,28,-17
LatentSpace_v308,Main olfactory bulb,8,10,-2
LatentSpace_v308,Accessory olfactory bulb,30,19,11
LatentSpace_v308,Anterior olfactory nucleus,8,32,-24
LatentSpace_v308,Subiculum,4,35,-31
LatentSpace_v308,Entorhinal area,9,22,-13
LatentSpace_v308,Field CA1,5,25,-20
LatentSpace_v308,Field CA2,8,14,-6
LatentSpace_v308,Field CA3,5,8,-3
LatentSpace_v308,Dentate gyrus,6,3,3
LatentSpace_v308,Anterior cingulate area,32,39,-7
LatentSpace_v308,Infralimbic area,11,26,-15
LatentSpace_v308,Retrosplenial area,25,36,-11
LatentSpace_v308,Prelimbic area,23,35,-12
LatentSpace_v308,Primary auditory area,35,38,-3
LatentSpace_v308,Dorsal auditory area,35,38,-3
LatentSpace_v308,Ventral auditory area,38,38,0
LatentSpace_v308,Agranular insular area,19,37,-18
LatentSpace_v308,Ectorhinal area,20,33,-13
LatentSpace_v308,Primary motor area,32,38,-6
LatentSpace_v308,Secondary motor area,35,38,-3
LatentSpace_v308,"Frontal pole, cerebral cortex",26,40,-14
LatentSpace_v308,Orbital area,19,35,-16
LatentSpace_v308,Posterior parietal association areas,35,38,-3
LatentSpace_v308,Perirhinal area,12,32,-20
LatentSpace_v308,Primary somatosensory area,26,35,-9
LatentSpace_v308,Supplemental somatosensory area,36,38,-2
LatentSpace_v308,Temporal association areas,26,33,-7
LatentSpace_v308,Visual areas,35,38,-3
LatentSpace_v308,Pallidum,7,6,1
LatentSpace_v308,Striatum ventral region,7,3,4
LatentSpace_v308,Lateral septal complex,6,4,2
LatentSpace_v308,Caudoputamen,3,3,0
LatentSpace_v308,Medial amygdalar nucleus,10,7,3
LatentSpace_v308,Hypothalamus,5,9,-4
LatentSpace_v308,Thalamus,4,1,3
LatentSpace_v308,Inferior colliculus,6,9,-3
LatentSpace_v308,"Superior colliculus, sensory related",8,10,-2
LatentSpace_v308,Midbrain raphe nuclei,14,12,2
LatentSpace_v308,Midbrain-other,13,10,3
LatentSpace_v308,Periaqueductal gray,12,11,1
LatentSpace_v308,Pons,12,9,3
LatentSpace_v308,Medulla,15,9,6
LatentSpace_v308,Lingula (I),15,34,-19
LatentSpace_v308,Central lobule,26,34,-8
LatentSpace_v308,Culmen,26,34,-8
LatentSpace_v308,Declive (VI),23,28,-5
LatentSpace_v308,Folium-tuber vermis (VII),25,31,-6
LatentSpace_v308,Pyramus (VIII),32,32,0
LatentSpace_v308,Uvula (IX),23,34,-11
LatentSpace_v308,Nodulus (X),22,35,-13
LatentSpace_v308,Simple lobule,22,29,-7
LatentSpace_v308,Crus 1,23,26,-3
LatentSpace_v308,Crus 2,23,27,-4
LatentSpace_v308,Paramedian lobule,26,33,-7
LatentSpace_v308,Copula pyramidis,33,34,-1
LatentSpace_v308,Flocculus,34,34,0
LatentSpace_v308,Paraflocculus,26,36,-10
LatentSpace_v308,Cerebellar nuclei,34,11,23
LatentSpace_v309,Cortical subplate-other,12,15,-3
LatentSpace_v309,Claustrum,19,33,-14
LatentSpace_v309,Endopiriform nucleus,15,32,-17
LatentSpace_v309,Olfactory areas-other,25,33,-8
LatentSpace_v309,Postpiriform transition area,12,27,-15
LatentSpace_v309,Piriform area,16,34,-18
LatentSpace_v309,Taenia tecta,12,28,-16
LatentSpace_v309,Cortical amygdalar area,8,19,-11
LatentSpace_v309,Piriform-amygdalar area,9,28,-19
LatentSpace_v309,Main olfactory bulb,43,10,33
LatentSpace_v309,Accessory olfactory bulb,33,19,14
LatentSpace_v309,Anterior olfactory nucleus,23,32,-9
LatentSpace_v309,Subiculum,2,35,-33
LatentSpace_v309,Entorhinal area,15,22,-7
LatentSpace_v309,Field CA1,7,25,-18
LatentSpace_v309,Field CA2,8,14,-6
LatentSpace_v309,Field CA3,9,8,1
LatentSpace_v309,Dentate gyrus,7,3,4
LatentSpace_v309,Anterior cingulate area,33,39,-6
LatentSpace_v309,Infralimbic area,10,26,-16
LatentSpace_v309,Retrosplenial area,23,36,-13
LatentSpace_v309,Prelimbic area,27,35,-8
LatentSpace_v309,Primary auditory area,35,38,-3
LatentSpace_v309,Dorsal auditory area,34,38,-4
LatentSpace_v309,Ventral auditory area,34,38,-4
LatentSpace_v309,Agranular insular area,23,37,-14
LatentSpace_v309,Ectorhinal area,22,33,-11
LatentSpace_v309,Primary motor area,35,38,-3
LatentSpace_v309,Secondary motor area,35,38,-3
LatentSpace_v309,"Frontal pole, cerebral cortex",34,40,-6
LatentSpace_v309,Orbital area,24,35,-11
LatentSpace_v309,Posterior parietal association areas,30,38,-8
LatentSpace_v309,Perirhinal area,18,32,-14
LatentSpace_v309,Primary somatosensory area,26,35,-9
LatentSpace_v309,Supplemental somatosensory area,37,38,-1
LatentSpace_v309,Temporal association areas,27,33,-6
LatentSpace_v309,Visual areas,29,38,-9
LatentSpace_v309,Pallidum,8,6,2
LatentSpace_v309,Striatum ventral region,8,3,5
LatentSpace_v309,Lateral septal complex,15,4,11
LatentSpace_v309,Caudoputamen,3,3,0
LatentSpace_v309,Medial amygdalar nucleus,11,7,4
LatentSpace_v309,Hypothalamus,9,9,0
LatentSpace_v309,Thalamus,6,1,5
LatentSpace_v309,Inferior colliculus,8,9,-1
LatentSpace_v309,"Superior colliculus, sensory related",9,10,-1
LatentSpace_v309,Midbrain raphe nuclei,14,12,2
LatentSpace_v309,Midbrain-other,13,10,3
LatentSpace_v309,Periaqueductal gray,10,11,-1
LatentSpace_v309,Pons,9,9,0
LatentSpace_v309,Medulla,9,9,0
LatentSpace_v309,Lingula (I),10,34,-24
LatentSpace_v309,Central lobule,12,34,-22
LatentSpace_v309,Culmen,29,34,-5
LatentSpace_v309,Declive (VI),23,28,-5
LatentSpace_v309,Folium-tuber vermis (VII),23,31,-8
LatentSpace_v309,Pyramus (VIII),24,32,-8
LatentSpace_v309,Uvula (IX),30,34,-4
LatentSpace_v309,Nodulus (X),17,35,-18
LatentSpace_v309,Simple lobule,23,29,-6
LatentSpace_v309,Crus 1,22,26,-4
LatentSpace_v309,Crus 2,23,27,-4
LatentSpace_v309,Paramedian lobule,23,33,-10
LatentSpace_v309,Copula pyramidis,24,34,-10
LatentSpace_v309,Flocculus,20,34,-14
LatentSpace_v309,Paraflocculus,24,36,-12
LatentSpace_v309,Cerebellar nuclei,12,11,1
LatentSpace_v310,Cortical subplate-other,10,15,-5
LatentSpace_v310,Claustrum,21,33,-12
LatentSpace_v310,Endopiriform nucleus,23,32,-9
LatentSpace_v310,Olfactory areas-other,18,33,-15
LatentSpace_v310,Postpiriform transition area,12,27,-15
LatentSpace_v310,Piriform area,22,34,-12
LatentSpace_v310,Taenia tecta,12,28,-16
LatentSpace_v310,Cortical amygdalar area,10,19,-9
LatentSpace_v310,Piriform-amygdalar area,13,28,-15
LatentSpace_v310,Main olfactory bulb,12,10,2
LatentSpace_v310,Accessory olfactory bulb,30,19,11
LatentSpace_v310,Anterior olfactory nucleus,10,32,-22
LatentSpace_v310,Subiculum,7,35,-28
LatentSpace_v310,Entorhinal area,15,22,-7
LatentSpace_v310,Field CA1,10,25,-15
LatentSpace_v310,Field CA2,11,14,-3
LatentSpace_v310,Field CA3,9,8,1
LatentSpace_v310,Dentate gyrus,9,3,6
LatentSpace_v310,Anterior cingulate area,35,39,-4
LatentSpace_v310,Infralimbic area,13,26,-13
LatentSpace_v310,Retrosplenial area,23,36,-13
LatentSpace_v310,Prelimbic area,28,35,-7
LatentSpace_v310,Primary auditory area,38,38,0
LatentSpace_v310,Dorsal auditory area,36,38,-2
LatentSpace_v310,Ventral auditory area,37,38,-1
LatentSpace_v310,Agranular insular area,27,37,-10
LatentSpace_v310,Ectorhinal area,22,33,-11
LatentSpace_v310,Primary motor area,35,38,-3
LatentSpace_v310,Secondary motor area,37,38,-1
LatentSpace_v310,"Frontal pole, cerebral cortex",34,40,-6
LatentSpace_v310,Orbital area,26,35,-9
LatentSpace_v310,Posterior parietal association areas,35,38,-3
LatentSpace_v310,Perirhinal area,23,32,-9
LatentSpace_v310,Primary somatosensory area,31,35,-4
LatentSpace_v310,Supplemental somatosensory area,37,38,-1
LatentSpace_v310,Temporal association areas,28,33,-5
LatentSpace_v310,Visual areas,35,38,-3
LatentSpace_v310,Pallidum,7,6,1
LatentSpace_v310,Striatum ventral region,5,3,2
LatentSpace_v310,Lateral septal complex,10,4,6
LatentSpace_v310,Caudoputamen,3,3,0
LatentSpace_v310,Medial amygdalar nucleus,10,7,3
LatentSpace_v310,Hypothalamus,6,9,-3
LatentSpace_v310,Thalamus,2,1,1
LatentSpace_v310,Inferior colliculus,5,9,-4
LatentSpace_v310,"Superior colliculus, sensory related",5,10,-5
LatentSpace_v310,Midbrain raphe nuclei,14,12,2
LatentSpace_v310,Midbrain-other,13,10,3
LatentSpace_v310,Periaqueductal gray,11,11,0
LatentSpace_v310,Pons,10,9,1
LatentSpace_v310,Medulla,13,9,4
LatentSpace_v310,Lingula (I),10,34,-24
LatentSpace_v310,Central lobule,2,34,-32
LatentSpace_v310,Culmen,26,34,-8
LatentSpace_v310,Declive (VI),23,28,-5
LatentSpace_v310,Folium-tuber vermis (VII),23,31,-8
LatentSpace_v310,Pyramus (VIII),23,32,-9
LatentSpace_v310,Uvula (IX),32,34,-2
LatentSpace_v310,Nodulus (X),23,35,-12
LatentSpace_v310,Simple lobule,22,29,-7
LatentSpace_v310,Crus 1,22,26,-4
LatentSpace_v310,Crus 2,22,27,-5
LatentSpace_v310,Paramedian lobule,23,33,-10
LatentSpace_v310,Copula pyramidis,28,34,-6
LatentSpace_v310,Flocculus,33,34,-1
LatentSpace_v310,Paraflocculus,23,36,-13
LatentSpace_v310,Cerebellar nuclei,21,11,10
LatentSpace_v311,Cortical subplate-other,12,15,-3
LatentSpace_v311,Claustrum,28,33,-5
LatentSpace_v311,Endopiriform nucleus,14,32,-18
LatentSpace_v311,Olfactory areas-other,18,33,-15
LatentSpace_v311,Postpiriform transition area,13,27,-14
LatentSpace_v311,Piriform area,17,34,-17
LatentSpace_v311,Taenia tecta,12,28,-16
LatentSpace_v311,Cortical amygdalar area,10,19,-9
LatentSpace_v311,Piriform-amygdalar area,13,28,-15
LatentSpace_v311,Main olfactory bulb,32,10,22
LatentSpace_v311,Accessory olfactory bulb,35,19,16
LatentSpace_v311,Anterior olfactory nucleus,20,32,-12
LatentSpace_v311,Subiculum,4,35,-31
LatentSpace_v311,Entorhinal area,14,22,-8
LatentSpace_v311,Field CA1,8,25,-17
LatentSpace_v311,Field CA2,8,14,-6
LatentSpace_v311,Field CA3,8,8,0
LatentSpace_v311,Dentate gyrus,8,3,5
LatentSpace_v311,Anterior cingulate area,34,39,-5
LatentSpace_v311,Infralimbic area,12,26,-14
LatentSpace_v311,Retrosplenial area,22,36,-14
LatentSpace_v311,Prelimbic area,27,35,-8
LatentSpace_v311,Primary auditory area,35,38,-3
LatentSpace_v311,Dorsal auditory area,35,38,-3
LatentSpace_v311,Ventral auditory area,38,38,0
LatentSpace_v311,Agranular insular area,24,37,-13
LatentSpace_v311,Ectorhinal area,24,33,-9
LatentSpace_v311,Primary motor area,35,38,-3
LatentSpace_v311,Secondary motor area,33,38,-5
LatentSpace_v311,"Frontal pole, cerebral cortex",32,40,-8
LatentSpace_v311,Orbital area,24,35,-11
LatentSpace_v311,Posterior parietal association areas,33,38,-5
LatentSpace_v311,Perirhinal area,20,32,-12
LatentSpace_v311,Primary somatosensory area,29,35,-6
LatentSpace_v311,Supplemental somatosensory area,36,38,-2
LatentSpace_v311,Temporal association areas,30,33,-3
LatentSpace_v311,Visual areas,34,38,-4
LatentSpace_v311,Pallidum,10,6,4
LatentSpace_v311,Striatum ventral region,8,3,5
LatentSpace_v311,Lateral septal complex,10,4,6
LatentSpace_v311,Caudoputamen,3,3,0
LatentSpace_v311,Medial amygdalar nucleus,12,7,5
LatentSpace_v311,Hypothalamus,8,9,-1
LatentSpace_v311,Thalamus,9,1,8
LatentSpace_v311,Inferior colliculus,5,9,-4
LatentSpace_v311,"Superior colliculus, sensory related",3,10,-7
LatentSpace_v311,Midbrain raphe nuclei,13,12,1
LatentSpace_v311,Midbrain-other,8,10,-2
LatentSpace_v311,Periaqueductal gray,9,11,-2
LatentSpace_v311,Pons,8,9,-1
LatentSpace_v311,Medulla,11,9,2
LatentSpace_v311,Lingula (I),8,34,-26
LatentSpace_v311,Central lobule,8,34,-26
LatentSpace_v311,Culmen,27,34,-7
LatentSpace_v311,Declive (VI),22,28,-6
LatentSpace_v311,Folium-tuber vermis (VII),24,31,-7
LatentSpace_v311,Pyramus (VIII),24,32,-8
LatentSpace_v311,Uvula (IX),31,34,-3
LatentSpace_v311,Nodulus (X),17,35,-18
LatentSpace_v311,Simple lobule,23,29,-6
LatentSpace_v311,Crus 1,22,26,-4
LatentSpace_v311,Crus 2,23,27,-4
LatentSpace_v311,Paramedian lobule,24,33,-9
LatentSpace_v311,Copula pyramidis,25,34,-9
LatentSpace_v311,Flocculus,15,34,-19
LatentSpace_v311,Paraflocculus,27,36,-9
LatentSpace_v311,Cerebellar nuclei,33,11,22
LatentSpace_v312,Cortical subplate-other,14,15,-1
LatentSpace_v312,Claustrum,23,33,-10
LatentSpace_v312,Endopiriform nucleus,18,32,-14
LatentSpace_v312,Olfactory areas-other,19,33,-14
LatentSpace_v312,Postpiriform transition area,12,27,-15
LatentSpace_v312,Piriform area,21,34,-13
LatentSpace_v312,Taenia tecta,17,28,-11
LatentSpace_v312,Cortical amygdalar area,12,19,-7
LatentSpace_v312,Piriform-amygdalar area,12,28,-16
LatentSpace_v312,Main olfactory bulb,32,10,22
LatentSpace_v312,Accessory olfactory bulb,25,19,6
LatentSpace_v312,Anterior olfactory nucleus,12,32,-20
LatentSpace_v312,Subiculum,7,35,-28
LatentSpace_v312,Entorhinal area,17,22,-5
LatentSpace_v312,Field CA1,8,25,-17
LatentSpace_v312,Field CA2,10,14,-4
LatentSpace_v312,Field CA3,11,8,3
LatentSpace_v312,Dentate gyrus,11,3,8
LatentSpace_v312,Anterior cingulate area,36,39,-3
LatentSpace_v312,Infralimbic area,15,26,-11
LatentSpace_v312,Retrosplenial area,27,36,-9
LatentSpace_v312,Prelimbic area,27,35,-8
LatentSpace_v312,Primary auditory area,38,38,0
LatentSpace_v312,Dorsal auditory area,35,38,-3
LatentSpace_v312,Ventral auditory area,38,38,0
LatentSpace_v312,Agranular insular area,24,37,-13
LatentSpace_v312,Ectorhinal area,23,33,-10
LatentSpace_v312,Primary motor area,35,38,-3
LatentSpace_v312,Secondary motor area,35,38,-3
LatentSpace_v312,"Frontal pole, cerebral cortex",35,40,-5
LatentSpace_v312,Orbital area,24,35,-11
LatentSpace_v312,Posterior parietal association areas,35,38,-3
LatentSpace_v312,Perirhinal area,20,32,-12
LatentSpace_v312,Primary somatosensory area,32,35,-3
LatentSpace_v312,Supplemental somatosensory area,37,38,-1
LatentSpace_v312,Temporal association areas,30,33,-3
LatentSpace_v312,Visual areas,35,38,-3
LatentSpace_v312,Pallidum,11,6,5
LatentSpace_v312,Striatum ventral region,9,3,6
LatentSpace_v312,Lateral septal complex,11,4,7
LatentSpace_v312,Caudoputamen,3,3,0
LatentSpace_v312,Medial amygdalar nucleus,15,7,8
LatentSpace_v312,Hypothalamus,12,9,3
LatentSpace_v312,Thalamus,3,1,2
LatentSpace_v312,Inferior colliculus,3,9,-6
LatentSpace_v312,"Superior colliculus, sensory related",4,10,-6
LatentSpace_v312,Midbrain raphe nuclei,14,12,2
LatentSpace_v312,Midbrain-other,9,10,-1
LatentSpace_v312,Periaqueductal gray,11,11,0
LatentSpace_v312,Pons,7,9,-2
LatentSpace_v312,Medulla,14,9,5
LatentSpace_v312,Lingula (I),14,34,-20
LatentSpace_v312,Central lobule,19,34,-15
LatentSpace_v312,Culmen,25,34,-9
LatentSpace_v312,Declive (VI),22,28,-6
LatentSpace_v312,Folium-tuber vermis (VII),22,31,-9
LatentSpace_v312,Pyramus (VIII),23,32,-9
LatentSpace_v312,Uvula (IX),26,34,-8
LatentSpace_v312,Nodulus (X),14,35,-21
LatentSpace_v312,Simple lobule,23,29,-6
LatentSpace_v312,Crus 1,21,26,-5
LatentSpace_v312,Crus 2,21,27,-6
LatentSpace_v312,Paramedian lobule,23,33,-10
LatentSpace_v312,Copula pyramidis,25,34,-9
LatentSpace_v312,Flocculus,15,34,-19
LatentSpace_v312,Paraflocculus,26,36,-10
LatentSpace_v312,Cerebellar nuclei,18,11,7
LatentSpace_v313,Cortical subplate-other,10,15,-5
LatentSpace_v313,Claustrum,28,33,-5
LatentSpace_v313,Endopiriform nucleus,19,32,-13
LatentSpace_v313,Olfactory areas-other,19,33,-14
LatentSpace_v313,Postpiriform transition area,8,27,-19
LatentSpace_v313,Piriform area,22,34,-12
LatentSpace_v313,Taenia tecta,12,28,-16
LatentSpace_v313,Cortical amygdalar area,4,19,-15
LatentSpace_v313,Piriform-amygdalar area,6,28,-22
LatentSpace_v313,Main olfactory bulb,24,10,14
LatentSpace_v313,Accessory olfactory bulb,27,19,8
LatentSpace_v313,Anterior olfactory nucleus,14,32,-18
LatentSpace_v313,Subiculum,2,35,-33
LatentSpace_v313,Entorhinal area,12,22,-10
LatentSpace_v313,Field CA1,6,25,-19
LatentSpace_v313,Field CA2,10,14,-4
LatentSpace_v313,Field CA3,11,8,3
LatentSpace_v313,Dentate gyrus,8,3,5
LatentSpace_v313,Anterior cingulate area,36,39,-3
LatentSpace_v313,Infralimbic area,12,26,-14
LatentSpace_v313,Retrosplenial area,23,36,-13
LatentSpace_v313,Prelimbic area,29,35,-6
LatentSpace_v313,Primary auditory area,35,38,-3
LatentSpace_v313,Dorsal auditory area,34,38,-4
LatentSpace_v313,Ventral auditory area,37,38,-1
LatentSpace_v313,Agranular insular area,23,37,-14
LatentSpace_v313,Ectorhinal area,23,33,-10
LatentSpace_v313,Primary motor area,35,38,-3
LatentSpace_v313,Secondary motor area,35,38,-3
LatentSpace_v313,"Frontal pole, cerebral cortex",33,40,-7
LatentSpace_v313,Orbital area,29,35,-6
LatentSpace_v313,Posterior parietal association areas,30,38,-8
LatentSpace_v313,Perirhinal area,20,32,-12
LatentSpace_v313,Primary somatosensory area,27,35,-8
LatentSpace_v313,Supplemental somatosensory area,36,38,-2
LatentSpace_v313,Temporal association areas,30,33,-3
LatentSpace_v313,Visual areas,28,38,-10
LatentSpace_v313,Pallidum,7,6,1
LatentSpace_v313,Striatum ventral region,9,3,6
LatentSpace_v313,Lateral septal complex,12,4,8
LatentSpace_v313,Caudoputamen,3,3,0
LatentSpace_v313,Medial amygdalar nucleus,10,7,3
LatentSpace_v313,Hypothalamus,7,9,-2
LatentSpace_v313,Thalamus,10,1,9
LatentSpace_v313,Inferior colliculus,7,9,-2
LatentSpace_v313,"Superior colliculus, sensory related",10,10,0
LatentSpace_v313,Midbrain raphe nuclei,14,12,2
LatentSpace_v313,Midbrain-other,12,10,2
LatentSpace_v313,Periaqueductal gray,14,11,3
LatentSpace_v313,Pons,5,9,-4
LatentSpace_v313,Medulla,7,9,-2
LatentSpace_v313,Lingula (I),12,34,-22
LatentSpace_v313,Central lobule,12,34,-22
LatentSpace_v313,Culmen,30,34,-4
LatentSpace_v313,Declive (VI),23,28,-5
LatentSpace_v313,Folium-tuber vermis (VII),23,31,-8
LatentSpace_v313,Pyramus (VIII),25,32,-7
LatentSpace_v313,Uvula (IX),33,34,-1
LatentSpace_v313,Nodulus (X),18,35,-17
LatentSpace_v313,Simple lobule,23,29,-6
LatentSpace_v313,Crus 1,22,26,-4
LatentSpace_v313,Crus 2,22,27,-5
LatentSpace_v313,Paramedian lobule,23,33,-10
LatentSpace_v313,Copula pyramidis,25,34,-9
LatentSpace_v313,Flocculus,34,34,0
LatentSpace_v313,Paraflocculus,25,36,-11
LatentSpace_v313,Cerebellar nuclei,9,11,-2
LatentSpace_v314,Cortical subplate-other,11,15,-4
LatentSpace_v314,Claustrum,21,33,-12
LatentSpace_v314,Endopiriform nucleus,10,32,-22
LatentSpace_v314,Olfactory areas-other,15,33,-18
LatentSpace_v314,Postpiriform transition area,9,27,-18
LatentSpace_v314,Piriform area,8,34,-26
LatentSpace_v314,Taenia tecta,14,28,-14
LatentSpace_v314,Cortical amygdalar area,3,19,-16
LatentSpace_v314,Piriform-amygdalar area,5,28,-23
LatentSpace_v314,Main olfactory bulb,19,10,9
LatentSpace_v314,Accessory olfactory bulb,20,19,1
LatentSpace_v314,Anterior olfactory nucleus,14,32,-18
LatentSpace_v314,Subiculum,7,35,-28
LatentSpace_v314,Entorhinal area,11,22,-11
LatentSpace_v314,Field CA1,7,25,-18
LatentSpace_v314,Field CA2,7,14,-7
LatentSpace_v314,Field CA3,7,8,-1
LatentSpace_v314,Dentate gyrus,6,3,3
LatentSpace_v314,Anterior cingulate area,33,39,-6
LatentSpace_v314,Infralimbic area,12,26,-14
LatentSpace_v314,Retrosplenial area,25,36,-11
LatentSpace_v314,Prelimbic area,24,35,-11
LatentSpace_v314,Primary auditory area,38,38,0
LatentSpace_v314,Dorsal auditory area,35,38,-3
LatentSpace_v314,Ventral auditory area,37,38,-1
LatentSpace_v314,Agranular insular area,22,37,-15
LatentSpace_v314,Ectorhinal area,19,33,-14
LatentSpace_v314,Primary motor area,35,38,-3
LatentSpace_v314,Secondary motor area,35,38,-3
LatentSpace_v314,"Frontal pole, cerebral cortex",26,40,-14
LatentSpace_v314,Orbital area,21,35,-14
LatentSpace_v314,Posterior parietal association areas,35,38,-3
LatentSpace_v314,Perirhinal area,17,32,-15
LatentSpace_v314,Primary somatosensory area,34,35,-1
LatentSpace_v314,Supplemental somatosensory area,37,38,-1
LatentSpace_v314,Temporal association areas,31,33,-2
LatentSpace_v314,Visual areas,35,38,-3
LatentSpace_v314,Pallidum,9,6,3
LatentSpace_v314,Striatum ventral region,11,3,8
LatentSpace_v314,Lateral septal complex,15,4,11
LatentSpace_v314,Caudoputamen,3,3,0
LatentSpace_v314,Medial amygdalar nucleus,12,7,5
LatentSpace_v314,Hypothalamus,8,9,-1
LatentSpace_v314,Thalamus,1,1,0
LatentSpace_v314,Inferior colliculus,20,9,11
LatentSpace_v314,"Superior colliculus, sensory related",4,10,-6
LatentSpace_v314,Midbrain raphe nuclei,14,12,2
LatentSpace_v314,Midbrain-other,9,10,-1
LatentSpace_v314,Periaqueductal gray,8,11,-3
LatentSpace_v314,Pons,11,9,2
LatentSpace_v314,Medulla,10,9,1
LatentSpace_v314,Lingula (I),13,34,-21
LatentSpace_v314,Central lobule,26,34,-8
LatentSpace_v314,Culmen,25,34,-9
LatentSpace_v314,Declive (VI),23,28,-5
LatentSpace_v314,Folium-tuber vermis (VII),23,31,-8
LatentSpace_v314,Pyramus (VIII),27,32,-5
LatentSpace_v314,Uvula (IX),19,34,-15
LatentSpace_v314,Nodulus (X),15,35,-20
LatentSpace_v314,Simple lobule,24,29,-5
LatentSpace_v314,Crus 1,22,26,-4
LatentSpace_v314,Crus 2,22,27,-5
LatentSpace_v314,Paramedian lobule,24,33,-9
LatentSpace_v314,Copula pyramidis,31,34,-3
LatentSpace_v314,Flocculus,18,34,-16
LatentSpace_v314,Paraflocculus,29,36,-7
LatentSpace_v314,Cerebellar nuclei,18,11,7
LatentSpace_v315,Cortical subplate-other,9,15,-6
LatentSpace_v315,Claustrum,21,33,-12
LatentSpace_v315,Endopiriform nucleus,11,32,-21
LatentSpace_v315,Olfactory areas-other,15,33,-18
LatentSpace_v315,Postpiriform transition area,13,27,-14
LatentSpace_v315,Piriform area,20,34,-14
LatentSpace_v315,Taenia tecta,15,28,-13
LatentSpace_v315,Cortical amygdalar area,8,19,-11
LatentSpace_v315,Piriform-amygdalar area,12,28,-16
LatentSpace_v315,Main olfactory bulb,15,10,5
LatentSpace_v315,Accessory olfactory bulb,21,19,2
LatentSpace_v315,Anterior olfactory nucleus,13,32,-19
LatentSpace_v315,Subiculum,6,35,-29
LatentSpace_v315,Entorhinal area,17,22,-5
LatentSpace_v315,Field CA1,8,25,-17
LatentSpace_v315,Field CA2,13,14,-1
LatentSpace_v315,Field CA3,6,8,-2
LatentSpace_v315,Dentate gyrus,8,3,5
LatentSpace_v315,Anterior cingulate area,38,39,-1
LatentSpace_v315,Infralimbic area,12,26,-14
LatentSpace_v315,Retrosplenial area,25,36,-11
LatentSpace_v315,Prelimbic area,29,35,-6
LatentSpace_v315,Primary auditory area,36,38,-2
LatentSpace_v315,Dorsal auditory area,35,38,-3
LatentSpace_v315,Ventral auditory area,38,38,0
LatentSpace_v315,Agranular insular area,25,37,-12
LatentSpace_v315,Ectorhinal area,24,33,-9
LatentSpace_v315,Primary motor area,35,38,-3
LatentSpace_v315,Secondary motor area,36,38,-2
LatentSpace_v315,"Frontal pole, cerebral cortex",36,40,-4
LatentSpace_v315,Orbital area,24,35,-11
LatentSpace_v315,Posterior parietal association areas,35,38,-3
LatentSpace_v315,Perirhinal area,24,32,-8
LatentSpace_v315,Primary somatosensory area,34,35,-1
LatentSpace_v315,Supplemental somatosensory area,37,38,-1
LatentSpace_v315,Temporal association areas,34,33,1
LatentSpace_v315,Visual areas,35,38,-3
LatentSpace_v315,Pallidum,7,6,1
LatentSpace_v315,Striatum ventral region,7,3,4
LatentSpace_v315,Lateral septal complex,11,4,7
LatentSpace_v315,Caudoputamen,3,3,0
LatentSpace_v315,Medial amygdalar nucleus,10,7,3
LatentSpace_v315,Hypothalamus,4,9,-5
LatentSpace_v315,Thalamus,5,1,4
LatentSpace_v315,Inferior colliculus,7,9,-2
LatentSpace_v315,"Superior colliculus, sensory related",6,10,-4
LatentSpace_v315,Midbrain raphe nuclei,14,12,2
LatentSpace_v315,Midbrain-other,9,10,-1
LatentSpace_v315,Periaqueductal gray,11,11,0
LatentSpace_v315,Pons,9,9,0
LatentSpace_v315,Medulla,11,9,2
LatentSpace_v315,Lingula (I),14,34,-20
LatentSpace_v315,Central lobule,10,34,-24
LatentSpace_v315,Culmen,30,34,-4
LatentSpace_v315,Declive (VI),24,28,-4
LatentSpace_v315,Folium-tuber vermis (VII),25,31,-6
LatentSpace_v315,Pyramus (VIII),28,32,-4
LatentSpace_v315,Uvula (IX),29,34,-5
LatentSpace_v315,Nodulus (X),18,35,-17
LatentSpace_v315,Simple lobule,26,29,-3
LatentSpace_v315,Crus 1,23,26,-3
LatentSpace_v315,Crus 2,23,27,-4
LatentSpace_v315,Paramedian lobule,24,33,-9
LatentSpace_v315,Copula pyramidis,27,34,-7
LatentSpace_v315,Flocculus,31,34,-3
LatentSpace_v315,Paraflocculus,30,36,-6
LatentSpace_v315,Cerebellar nuclei,32,11,21
LatentSpace_v316,Cortical subplate-other,11,15,-4
LatentSpace_v316,Claustrum,21,33,-12
LatentSpace_v316,Endopiriform nucleus,16,32,-16
LatentSpace_v316,Olfactory areas-other,13,33,-20
LatentSpace_v316,Postpiriform transition area,11,27,-16
LatentSpace_v316,Piriform area,13,34,-21
LatentSpace_v316,Taenia tecta,11,28,-17
LatentSpace_v316,Cortical amygdalar area,9,19,-10
LatentSpace_v316,Piriform-amygdalar area,10,28,-18
LatentSpace_v316,Main olfactory bulb,7,10,-3
LatentSpace_v316,Accessory olfactory bulb,30,19,11
LatentSpace_v316,Anterior olfactory nucleus,12,32,-20
LatentSpace_v316,Subiculum,3,35,-32
LatentSpace_v316,Entorhinal area,11,22,-11
LatentSpace_v316,Field CA1,4,25,-21
LatentSpace_v316,Field CA2,6,14,-8
LatentSpace_v316,Field CA3,6,8,-2
LatentSpace_v316,Dentate gyrus,7,3,4
LatentSpace_v316,Anterior cingulate area,34,39,-5
LatentSpace_v316,Infralimbic area,10,26,-16
LatentSpace_v316,Retrosplenial area,22,36,-14
LatentSpace_v316,Prelimbic area,26,35,-9
LatentSpace_v316,Primary auditory area,35,38,-3
LatentSpace_v316,Dorsal auditory area,35,38,-3
LatentSpace_v316,Ventral auditory area,38,38,0
LatentSpace_v316,Agranular insular area,21,37,-16
LatentSpace_v316,Ectorhinal area,19,33,-14
LatentSpace_v316,Primary motor area,35,38,-3
LatentSpace_v316,Secondary motor area,35,38,-3
LatentSpace_v316,"Frontal pole, cerebral cortex",35,40,-5
LatentSpace_v316,Orbital area,24,35,-11
LatentSpace_v316,Posterior parietal association areas,31,38,-7
LatentSpace_v316,Perirhinal area,16,32,-16
LatentSpace_v316,Primary somatosensory area,29,35,-6
LatentSpace_v316,Supplemental somatosensory area,37,38,-1
LatentSpace_v316,Temporal association areas,30,33,-3
LatentSpace_v316,Visual areas,33,38,-5
LatentSpace_v316,Pallidum,8,6,2
LatentSpace_v316,Striatum ventral region,4,3,1
LatentSpace_v316,Lateral septal complex,13,4,9
LatentSpace_v316,Caudoputamen,3,3,0
LatentSpace_v316,Medial amygdalar nucleus,10,7,3
LatentSpace_v316,Hypothalamus,9,9,0
LatentSpace_v316,Thalamus,30,1,29
LatentSpace_v316,Inferior colliculus,14,9,5
LatentSpace_v316,"Superior colliculus, sensory related",7,10,-3
LatentSpace_v316,Midbrain raphe nuclei,16,12,4
LatentSpace_v316,Midbrain-other,11,10,1
LatentSpace_v316,Periaqueductal gray,10,11,-1
LatentSpace_v316,Pons,11,9,2
LatentSpace_v316,Medulla,11,9,2
LatentSpace_v316,Lingula (I),30,34,-4
LatentSpace_v316,Central lobule,34,34,0
LatentSpace_v316,Culmen,30,34,-4
LatentSpace_v316,Declive (VI),26,28,-2
LatentSpace_v316,Folium-tuber vermis (VII),27,31,-4
LatentSpace_v316,Pyramus (VIII),31,32,-1
LatentSpace_v316,Uvula (IX),34,34,0
LatentSpace_v316,Nodulus (X),34,35,-1
LatentSpace_v316,Simple lobule,24,29,-5
LatentSpace_v316,Crus 1,23,26,-3
LatentSpace_v316,Crus 2,22,27,-5
LatentSpace_v316,Paramedian lobule,23,33,-10
LatentSpace_v316,Copula pyramidis,28,34,-6
LatentSpace_v316,Flocculus,34,34,0
LatentSpace_v316,Paraflocculus,25,36,-11
LatentSpace_v316,Cerebellar nuclei,34,11,23
LatentSpace_v317,Cortical subplate-other,9,15,-6
LatentSpace_v317,Claustrum,29,33,-4
LatentSpace_v317,Endopiriform nucleus,17,32,-15
LatentSpace_v317,Olfactory areas-other,22,33,-11
LatentSpace_v317,Postpiriform transition area,12,27,-15
LatentSpace_v317,Piriform area,19,34,-15
LatentSpace_v317,Taenia tecta,11,28,-17
LatentSpace_v317,Cortical amygdalar area,9,19,-10
LatentSpace_v317,Piriform-amygdalar area,13,28,-15
LatentSpace_v317,Main olfactory bulb,22,10,12
LatentSpace_v317,Accessory olfactory bulb,58,19,39
LatentSpace_v317,Anterior olfactory nucleus,24,32,-8
LatentSpace_v317,Subiculum,6,35,-29
LatentSpace_v317,Entorhinal area,21,22,-1
LatentSpace_v317,Field CA1,6,25,-19
LatentSpace_v317,Field CA2,6,14,-8
LatentSpace_v317,Field CA3,6,8,-2
LatentSpace_v317,Dentate gyrus,6,3,3
LatentSpace_v317,Anterior cingulate area,36,39,-3
LatentSpace_v317,Infralimbic area,10,26,-16
LatentSpace_v317,Retrosplenial area,22,36,-14
LatentSpace_v317,Prelimbic area,29,35,-6
LatentSpace_v317,Primary auditory area,35,38,-3
LatentSpace_v317,Dorsal auditory area,35,38,-3
LatentSpace_v317,Ventral auditory area,39,38,1
LatentSpace_v317,Agranular insular area,27,37,-10
LatentSpace_v317,Ectorhinal area,24,33,-9
LatentSpace_v317,Primary motor area,35,38,-3
LatentSpace_v317,Secondary motor area,38,38,0
LatentSpace_v317,"Frontal pole, cerebral cortex",37,40,-3
LatentSpace_v317,Orbital area,31,35,-4
LatentSpace_v317,Posterior parietal association areas,31,38,-7
LatentSpace_v317,Perirhinal area,23,32,-9
LatentSpace_v317,Primary somatosensory area,29,35,-6
LatentSpace_v317,Supplemental somatosensory area,37,38,-1
LatentSpace_v317,Temporal association areas,33,33,0
LatentSpace_v317,Visual areas,32,38,-6
LatentSpace_v317,Pallidum,8,6,2
LatentSpace_v317,Striatum ventral region,4,3,1
LatentSpace_v317,Lateral septal complex,6,4,2
LatentSpace_v317,Caudoputamen,3,3,0
LatentSpace_v317,Medial amygdalar nucleus,8,7,1
LatentSpace_v317,Hypothalamus,7,9,-2
LatentSpace_v317,Thalamus,1,1,0
LatentSpace_v317,Inferior colliculus,4,9,-5
LatentSpace_v317,"Superior colliculus, sensory related",7,10,-3
LatentSpace_v317,Midbrain raphe nuclei,14,12,2
LatentSpace_v317,Midbrain-other,11,10,1
LatentSpace_v317,Periaqueductal gray,11,11,0
LatentSpace_v317,Pons,11,9,2
LatentSpace_v317,Medulla,9,9,0
LatentSpace_v317,Lingula (I),17,34,-17
LatentSpace_v317,Central lobule,26,34,-8
LatentSpace_v317,Culmen,24,34,-10
LatentSpace_v317,Declive (VI),23,28,-5
LatentSpace_v317,Folium-tuber vermis (VII),23,31,-8
LatentSpace_v317,Pyramus (VIII),25,32,-7
LatentSpace_v317,Uvula (IX),18,34,-16
LatentSpace_v317,Nodulus (X),12,35,-23
LatentSpace_v317,Simple lobule,23,29,-6
LatentSpace_v317,Crus 1,23,26,-3
LatentSpace_v317,Crus 2,23,27,-4
LatentSpace_v317,Paramedian lobule,25,33,-8
LatentSpace_v317,Copula pyramidis,29,34,-5
LatentSpace_v317,Flocculus,13,34,-21
LatentSpace_v317,Paraflocculus,31,36,-5
LatentSpace_v317,Cerebellar nuclei,8,11,-3
LatentSpace_v318,Cortical subplate-other,11,15,-4
LatentSpace_v318,Claustrum,29,33,-4
LatentSpace_v318,Endopiriform nucleus,21,32,-11
LatentSpace_v318,Olfactory areas-other,19,33,-14
LatentSpace_v318,Postpiriform transition area,13,27,-14
LatentSpace_v318,Piriform area,25,34,-9
LatentSpace_v318,Taenia tecta,12,28,-16
LatentSpace_v318,Cortical amygdalar area,10,19,-9
LatentSpace_v318,Piriform-amygdalar area,11,28,-17
LatentSpace_v318,Main olfactory bulb,10,10,0
LatentSpace_v318,Accessory olfactory bulb,21,19,2
LatentSpace_v318,Anterior olfactory nucleus,12,32,-20
LatentSpace_v318,Subiculum,9,35,-26
LatentSpace_v318,Entorhinal area,19,22,-3
LatentSpace_v318,Field CA1,10,25,-15
LatentSpace_v318,Field CA2,18,14,4
LatentSpace_v318,Field CA3,12,8,4
LatentSpace_v318,Dentate gyrus,8,3,5
LatentSpace_v318,Anterior cingulate area,35,39,-4
LatentSpace_v318,Infralimbic area,12,26,-14
LatentSpace_v318,Retrosplenial area,24,36,-12
LatentSpace_v318,Prelimbic area,29,35,-6
LatentSpace_v318,Primary auditory area,36,38,-2
LatentSpace_v318,Dorsal auditory area,35,38,-3
LatentSpace_v318,Ventral auditory area,38,38,0
LatentSpace_v318,Agranular insular area,22,37,-15
LatentSpace_v318,Ectorhinal area,25,33,-8
LatentSpace_v318,Primary motor area,35,38,-3
LatentSpace_v318,Secondary motor area,36,38,-2
LatentSpace_v318,"Frontal pole, cerebral cortex",33,40,-7
LatentSpace_v318,Orbital area,28,35,-7
LatentSpace_v318,Posterior parietal association areas,35,38,-3
LatentSpace_v318,Perirhinal area,21,32,-11
LatentSpace_v318,Primary somatosensory area,28,35,-7
LatentSpace_v318,Supplemental somatosensory area,36,38,-2
LatentSpace_v318,Temporal association areas,31,33,-2
LatentSpace_v318,Visual areas,32,38,-6
LatentSpace_v318,Pallidum,7,6,1
LatentSpace_v318,Striatum ventral region,9,3,6
LatentSpace_v318,Lateral septal complex,13,4,9
LatentSpace_v318,Caudoputamen,3,3,0
LatentSpace_v318,Medial amygdalar nucleus,11,7,4
LatentSpace_v318,Hypothalamus,6,9,-3
LatentSpace_v318,Thalamus,9,1,8
LatentSpace_v318,Inferior colliculus,4,9,-5
LatentSpace_v318,"Superior colliculus, sensory related",5,10,-5
LatentSpace_v318,Midbrain raphe nuclei,15,12,3
LatentSpace_v318,Midbrain-other,12,10,2
LatentSpace_v318,Periaqueductal gray,12,11,1
LatentSpace_v318,Pons,11,9,2
LatentSpace_v318,Medulla,12,9,3
LatentSpace_v318,Lingula (I),12,34,-22
LatentSpace_v318,Central lobule,10,34,-24
LatentSpace_v318,Culmen,28,34,-6
LatentSpace_v318,Declive (VI),23,28,-5
LatentSpace_v318,Folium-tuber vermis (VII),23,31,-8
LatentSpace_v318,Pyramus (VIII),24,32,-8
LatentSpace_v318,Uvula (IX),22,34,-12
LatentSpace_v318,Nodulus (X),19,35,-16
LatentSpace_v318,Simple lobule,22,29,-7
LatentSpace_v318,Crus 1,22,26,-4
LatentSpace_v318,Crus 2,22,27,-5
LatentSpace_v318,Paramedian lobule,23,33,-10
LatentSpace_v318,Copula pyramidis,27,34,-7
LatentSpace_v318,Flocculus,31,34,-3
LatentSpace_v318,Paraflocculus,24,36,-12
LatentSpace_v318,Cerebellar nuclei,14,11,3
LatentSpace_v319,Cortical subplate-other,11,15,-4
LatentSpace_v319,Claustrum,18,33,-15
LatentSpace_v319,Endopiriform nucleus,12,32,-20
LatentSpace_v319,Olfactory areas-other,19,33,-14
LatentSpace_v319,Postpiriform transition area,11,27,-16
LatentSpace_v319,Piriform area,11,34,-23
LatentSpace_v319,Taenia tecta,10,28,-18
LatentSpace_v319,Cortical amygdalar area,7,19,-12
LatentSpace_v319,Piriform-amygdalar area,6,28,-22
LatentSpace_v319,Main olfactory bulb,9,10,-1
LatentSpace_v319,Accessory olfactory bulb,27,19,8
LatentSpace_v319,Anterior olfactory nucleus,18,32,-14
LatentSpace_v319,Subiculum,2,35,-33
LatentSpace_v319,Entorhinal area,12,22,-10
LatentSpace_v319,Field CA1,7,25,-18
LatentSpace_v319,Field CA2,8,14,-6
LatentSpace_v319,Field CA3,7,8,-1
LatentSpace_v319,Dentate gyrus,7,3,4
LatentSpace_v319,Anterior cingulate area,35,39,-4
LatentSpace_v319,Infralimbic area,5,26,-21
LatentSpace_v319,Retrosplenial area,24,36,-12
LatentSpace_v319,Prelimbic area,25,35,-10
LatentSpace_v319,Primary auditory area,35,38,-3
LatentSpace_v319,Dorsal auditory area,35,38,-3
LatentSpace_v319,Ventral auditory area,34,38,-4
LatentSpace_v319,Agranular insular area,23,37,-14
LatentSpace_v319,Ectorhinal area,20,33,-13
LatentSpace_v319,Primary motor area,35,38,-3
LatentSpace_v319,Secondary motor area,35,38,-3
LatentSpace_v319,"Frontal pole, cerebral cortex",35,40,-5
LatentSpace_v319,Orbital area,24,35,-11
LatentSpace_v319,Posterior parietal association areas,35,38,-3
LatentSpace_v319,Perirhinal area,12,32,-20
LatentSpace_v319,Primary somatosensory area,34,35,-1
LatentSpace_v319,Supplemental somatosensory area,37,38,-1
LatentSpace_v319,Temporal association areas,26,33,-7
LatentSpace_v319,Visual areas,35,38,-3
LatentSpace_v319,Pallidum,10,6,4
LatentSpace_v319,Striatum ventral region,7,3,4
LatentSpace_v319,Lateral septal complex,12,4,8
LatentSpace_v319,Caudoputamen,3,3,0
LatentSpace_v319,Medial amygdalar nucleus,11,7,4
LatentSpace_v319,Hypothalamus,12,9,3
LatentSpace_v319,Thalamus,5,1,4
LatentSpace_v319,Inferior colliculus,9,9,0
LatentSpace_v319,"Superior colliculus, sensory related",6,10,-4
LatentSpace_v319,Midbrain raphe nuclei,16,12,4
LatentSpace_v319,Midbrain-other,10,10,0
LatentSpace_v319,Periaqueductal gray,12,11,1
LatentSpace_v319,Pons,9,9,0
LatentSpace_v319,Medulla,5,9,-4
LatentSpace_v319,Lingula (I),15,34,-19
LatentSpace_v319,Central lobule,32,34,-2
LatentSpace_v319,Culmen,23,34,-11
LatentSpace_v319,Declive (VI),23,28,-5
LatentSpace_v319,Folium-tuber vermis (VII),23,31,-8
LatentSpace_v319,Pyramus (VIII),23,32,-9
LatentSpace_v319,Uvula (IX),27,34,-7
LatentSpace_v319,Nodulus (X),15,35,-20
LatentSpace_v319,Simple lobule,22,29,-7
LatentSpace_v319,Crus 1,22,26,-4
LatentSpace_v319,Crus 2,22,27,-5
LatentSpace_v319,Paramedian lobule,23,33,-10
LatentSpace_v319,Copula pyramidis,23,34,-11
LatentSpace_v319,Flocculus,29,34,-5
LatentSpace_v319,Paraflocculus,26,36,-10
LatentSpace_v319,Cerebellar nuclei,9,11,-2
LatentSpace_v320,Cortical subplate-other,11,15,-4
LatentSpace_v320,Claustrum,23,33,-10
LatentSpace_v320,Endopiriform nucleus,18,32,-14
LatentSpace_v320,Olfactory areas-other,14,33,-19
LatentSpace_v320,Postpiriform transition area,12,27,-15
LatentSpace_v320,Piriform area,16,34,-18
LatentSpace_v320,Taenia tecta,16,28,-12
LatentSpace_v320,Cortical amygdalar area,8,19,-11
LatentSpace_v320,Piriform-amygdalar area,11,28,-17
LatentSpace_v320,Main olfactory bulb,11,10,1
LatentSpace_v320,Accessory olfactory bulb,7,19,-12
LatentSpace_v320,Anterior olfactory nucleus,14,32,-18
LatentSpace_v320,Subiculum,7,35,-28
LatentSpace_v320,Entorhinal area,15,22,-7
LatentSpace_v320,Field CA1,7,25,-18
LatentSpace_v320,Field CA2,6,14,-8
LatentSpace_v320,Field CA3,7,8,-1
LatentSpace_v320,Dentate gyrus,9,3,6
LatentSpace_v320,Anterior cingulate area,35,39,-4
LatentSpace_v320,Infralimbic area,16,26,-10
LatentSpace_v320,Retrosplenial area,23,36,-13
LatentSpace_v320,Prelimbic area,29,35,-6
LatentSpace_v320,Primary auditory area,37,38,-1
LatentSpace_v320,Dorsal auditory area,35,38,-3
LatentSpace_v320,Ventral auditory area,37,38,-1
LatentSpace_v320,Agranular insular area,29,37,-8
LatentSpace_v320,Ectorhinal area,24,33,-9
LatentSpace_v320,Primary motor area,35,38,-3
LatentSpace_v320,Secondary motor area,35,38,-3
LatentSpace_v320,"Frontal pole, cerebral cortex",32,40,-8
LatentSpace_v320,Orbital area,26,35,-9
LatentSpace_v320,Posterior parietal association areas,35,38,-3
LatentSpace_v320,Perirhinal area,18,32,-14
LatentSpace_v320,Primary somatosensory area,31,35,-4
LatentSpace_v320,Supplemental somatosensory area,38,38,0
LatentSpace_v320,Temporal association areas,29,33,-4
LatentSpace_v320,Visual areas,35,38,-3
LatentSpace_v320,Pallidum,9,6,3
LatentSpace_v320,Striatum ventral region,9,3,6
LatentSpace_v320,Lateral septal complex,10,4,6
LatentSpace_v320,Caudoputamen,3,3,0
LatentSpace_v320,Medial amygdalar nucleus,12,7,5
LatentSpace_v320,Hypothalamus,4,9,-5
LatentSpace_v320,Thalamus,6,1,5
LatentSpace_v320,Inferior colliculus,6,9,-3
LatentSpace_v320,"Superior colliculus, sensory related",6,10,-4
LatentSpace_v320,Midbrain raphe nuclei,12,12,0
LatentSpace_v320,Midbrain-other,12,10,2
LatentSpace_v320,Periaqueductal gray,9,11,-2
LatentSpace_v320,Pons,8,9,-1
LatentSpace_v320,Medulla,8,9,-1
LatentSpace_v320,Lingula (I),13,34,-21
LatentSpace_v320,Central lobule,16,34,-18
LatentSpace_v320,Culmen,24,34,-10
LatentSpace_v320,Declive (VI),23,28,-5
LatentSpace_v320,Folium-tuber vermis (VII),26,31,-5
LatentSpace_v320,Pyramus (VIII),33,32,1
LatentSpace_v320,Uvula (IX),16,34,-18
LatentSpace_v320,Nodulus (X),13,35,-22
LatentSpace_v320,Simple lobule,23,29,-6
LatentSpace_v320,Crus 1,23,26,-3
LatentSpace_v320,Crus 2,23,27,-4
LatentSpace_v320,Paramedian lobule,25,33,-8
LatentSpace_v320,Copula pyramidis,30,34,-4
LatentSpace_v320,Flocculus,8,34,-26
LatentSpace_v320,Paraflocculus,29,36,-7
LatentSpace_v320,Cerebellar nuclei,10,11,-1
LatentSpace_v321,Cortical subplate-other,13,15,-2
LatentSpace_v321,Claustrum,25,33,-8
LatentSpace_v321,Endopiriform nucleus,12,32,-20
LatentSpace_v321,Olfactory areas-other,8,33,-25
LatentSpace_v321,Postpiriform transition area,12,27,-15
LatentSpace_v321,Piriform area,14,34,-20
LatentSpace_v321,Taenia tecta,11,28,-17
LatentSpace_v321,Cortical amygdalar area,15,19,-4
LatentSpace_v321,Piriform-amygdalar area,11,28,-17
LatentSpace_v321,Main olfactory bulb,1,10,-9
LatentSpace_v321,Accessory olfactory bulb,25,19,6
LatentSpace_v321,Anterior olfactory nucleus,11,32,-21
LatentSpace_v321,Subiculum,5,35,-30
LatentSpace_v321,Entorhinal area,14,22,-8
LatentSpace_v321,Field CA1,6,25,-19
LatentSpace_v321,Field CA2,7,14,-7
LatentSpace_v321,Field CA3,5,8,-3
LatentSpace_v321,Dentate gyrus,8,3,5
LatentSpace_v321,Anterior cingulate area,35,39,-4
LatentSpace_v321,Infralimbic area,9,26,-17
LatentSpace_v321,Retrosplenial area,27,36,-9
LatentSpace_v321,Prelimbic area,24,35,-11
LatentSpace_v321,Primary auditory area,35,38,-3
LatentSpace_v321,Dorsal auditory area,35,38,-3
LatentSpace_v321,Ventral auditory area,37,38,-1
LatentSpace_v321,Agranular insular area,27,37,-10
LatentSpace_v321,Ectorhinal area,23,33,-10
LatentSpace_v321,Primary motor area,35,38,-3
LatentSpace_v321,Secondary motor area,36,38,-2
LatentSpace_v321,"Frontal pole, cerebral cortex",35,40,-5
LatentSpace_v321,Orbital area,21,35,-14
LatentSpace_v321,Posterior parietal association areas,35,38,-3
LatentSpace_v321,Perirhinal area,17,32,-15
LatentSpace_v321,Primary somatosensory area,29,35,-6
LatentSpace_v321,Supplemental somatosensory area,35,38,-3
LatentSpace_v321,Temporal association areas,31,33,-2
LatentSpace_v321,Visual areas,35,38,-3
LatentSpace_v321,Pallidum,14,6,8
LatentSpace_v321,Striatum ventral region,8,3,5
LatentSpace_v321,Lateral septal complex,12,4,8
LatentSpace_v321,Caudoputamen,3,3,0
LatentSpace_v321,Medial amygdalar nucleus,13,7,6
LatentSpace_v321,Hypothalamus,12,9,3
LatentSpace_v321,Thalamus,7,1,6
LatentSpace_v321,Inferior colliculus,5,9,-4
LatentSpace_v321,"Superior colliculus, sensory related",8,10,-2
LatentSpace_v321,Midbrain raphe nuclei,15,12,3
LatentSpace_v321,Midbrain-other,13,10,3
LatentSpace_v321,Periaqueductal gray,13,11,2
LatentSpace_v321,Pons,13,9,4
LatentSpace_v321,Medulla,12,9,3
LatentSpace_v321,Lingula (I),13,34,-21
LatentSpace_v321,Central lobule,10,34,-24
LatentSpace_v321,Culmen,27,34,-7
LatentSpace_v321,Declive (VI),23,28,-5
LatentSpace_v321,Folium-tuber vermis (VII),25,31,-6
LatentSpace_v321,Pyramus (VIII),29,32,-3
LatentSpace_v321,Uvula (IX),16,34,-18
LatentSpace_v321,Nodulus (X),13,35,-22
LatentSpace_v321,Simple lobule,22,29,-7
LatentSpace_v321,Crus 1,22,26,-4
LatentSpace_v321,Crus 2,22,27,-5
LatentSpace_v321,Paramedian lobule,25,33,-8
LatentSpace_v321,Copula pyramidis,32,34,-2
LatentSpace_v321,Flocculus,26,34,-8
LatentSpace_v321,Paraflocculus,28,36,-8
LatentSpace_v321,Cerebellar nuclei,15,11,4
LatentSpace_v322,Cortical subplate-other,8,15,-7
LatentSpace_v322,Claustrum,28,33,-5
LatentSpace_v322,Endopiriform nucleus,14,32,-18
LatentSpace_v322,Olfactory areas-other,14,33,-19
LatentSpace_v322,Postpiriform transition area,9,27,-18
LatentSpace_v322,Piriform area,18,34,-16
LatentSpace_v322,Taenia tecta,15,28,-13
LatentSpace_v322,Cortical amygdalar area,3,19,-16
LatentSpace_v322,Piriform-amygdalar area,6,28,-22
LatentSpace_v322,Main olfactory bulb,22,10,12
LatentSpace_v322,Accessory olfactory bulb,28,19,9
LatentSpace_v322,Anterior olfactory nucleus,17,32,-15
LatentSpace_v322,Subiculum,3,35,-32
LatentSpace_v322,Entorhinal area,11,22,-11
LatentSpace_v322,Field CA1,8,25,-17
LatentSpace_v322,Field CA2,8,14,-6
LatentSpace_v322,Field CA3,7,8,-1
LatentSpace_v322,Dentate gyrus,9,3,6
LatentSpace_v322,Anterior cingulate area,37,39,-2
LatentSpace_v322,Infralimbic area,17,26,-9
LatentSpace_v322,Retrosplenial area,23,36,-13
LatentSpace_v322,Prelimbic area,29,35,-6
LatentSpace_v322,Primary auditory area,37,38,-1
LatentSpace_v322,Dorsal auditory area,35,38,-3
LatentSpace_v322,Ventral auditory area,37,38,-1
LatentSpace_v322,Agranular insular area,17,37,-20
LatentSpace_v322,Ectorhinal area,23,33,-10
LatentSpace_v322,Primary motor area,35,38,-3
LatentSpace_v322,Secondary motor area,36,38,-2
LatentSpace_v322,"Frontal pole, cerebral cortex",27,40,-13
LatentSpace_v322,Orbital area,24,35,-11
LatentSpace_v322,Posterior parietal association areas,33,38,-5
LatentSpace_v322,Perirhinal area,18,32,-14
LatentSpace_v322,Primary somatosensory area,31,35,-4
LatentSpace_v322,Supplemental somatosensory area,37,38,-1
LatentSpace_v322,Temporal association areas,28,33,-5
LatentSpace_v322,Visual areas,35,38,-3
LatentSpace_v322,Pallidum,10,6,4
LatentSpace_v322,Striatum ventral region,7,3,4
LatentSpace_v322,Lateral septal complex,11,4,7
LatentSpace_v322,Caudoputamen,3,3,0
LatentSpace_v322,Medial amygdalar nucleus,9,7,2
LatentSpace_v322,Hypothalamus,10,9,1
LatentSpace_v322,Thalamus,1,1,0
LatentSpace_v322,Inferior colliculus,5,9,-4
LatentSpace_v322,"Superior colliculus, sensory related",4,10,-6
LatentSpace_v322,Midbrain raphe nuclei,14,12,2
LatentSpace_v322,Midbrain-other,12,10,2
LatentSpace_v322,Periaqueductal gray,10,11,-1
LatentSpace_v322,Pons,11,9,2
LatentSpace_v322,Medulla,11,9,2
LatentSpace_v322,Lingula (I),13,34,-21
LatentSpace_v322,Central lobule,15,34,-19
LatentSpace_v322,Culmen,25,34,-9
LatentSpace_v322,Declive (VI),23,28,-5
LatentSpace_v322,Folium-tuber vermis (VII),23,31,-8
LatentSpace_v322,Pyramus (VIII),23,32,-9
LatentSpace_v322,Uvula (IX),14,34,-20
LatentSpace_v322,Nodulus (X),12,35,-23
LatentSpace_v322,Simple lobule,23,29,-6
LatentSpace_v322,Crus 1,23,26,-3
LatentSpace_v322,Crus 2,23,27,-4
LatentSpace_v322,Paramedian lobule,23,33,-10
LatentSpace_v322,Copula pyramidis,23,34,-11
LatentSpace_v322,Flocculus,14,34,-20
LatentSpace_v322,Paraflocculus,24,36,-12
LatentSpace_v322,Cerebellar nuclei,15,11,4
LatentSpace_v323,Cortical subplate-other,11,15,-4
LatentSpace_v323,Claustrum,22,33,-11
LatentSpace_v323,Endopiriform nucleus,11,32,-21
LatentSpace_v323,Olfactory areas-other,12,33,-21
LatentSpace_v323,Postpiriform transition area,11,27,-16
LatentSpace_v323,Piriform area,10,34,-24
LatentSpace_v323,Taenia tecta,11,28,-17
LatentSpace_v323,Cortical amygdalar area,11,19,-8
LatentSpace_v323,Piriform-amygdalar area,11,28,-17
LatentSpace_v323,Main olfactory bulb,7,10,-3
LatentSpace_v323,Accessory olfactory bulb,31,19,12
LatentSpace_v323,Anterior olfactory nucleus,11,32,-21
LatentSpace_v323,Subiculum,4,35,-31
LatentSpace_v323,Entorhinal area,8,22,-14
LatentSpace_v323,Field CA1,5,25,-20
LatentSpace_v323,Field CA2,6,14,-8
LatentSpace_v323,Field CA3,5,8,-3
LatentSpace_v323,Dentate gyrus,6,3,3
LatentSpace_v323,Anterior cingulate area,39,39,0
LatentSpace_v323,Infralimbic area,11,26,-15
LatentSpace_v323,Retrosplenial area,29,36,-7
LatentSpace_v323,Prelimbic area,29,35,-6
LatentSpace_v323,Primary auditory area,36,38,-2
LatentSpace_v323,Dorsal auditory area,35,38,-3
LatentSpace_v323,Ventral auditory area,38,38,0
LatentSpace_v323,Agranular insular area,23,37,-14
LatentSpace_v323,Ectorhinal area,23,33,-10
LatentSpace_v323,Primary motor area,36,38,-2
LatentSpace_v323,Secondary motor area,37,38,-1
LatentSpace_v323,"Frontal pole, cerebral cortex",38,40,-2
LatentSpace_v323,Orbital area,23,35,-12
LatentSpace_v323,Posterior parietal association areas,35,38,-3
LatentSpace_v323,Perirhinal area,13,32,-19
LatentSpace_v323,Primary somatosensory area,35,35,0
LatentSpace_v323,Supplemental somatosensory area,37,38,-1
LatentSpace_v323,Temporal association areas,34,33,1
LatentSpace_v323,Visual areas,35,38,-3
LatentSpace_v323,Pallidum,9,6,3
LatentSpace_v323,Striatum ventral region,9,3,6
LatentSpace_v323,Lateral septal complex,10,4,6
LatentSpace_v323,Caudoputamen,3,3,0
LatentSpace_v323,Medial amygdalar nucleus,9,7,2
LatentSpace_v323,Hypothalamus,6,9,-3
LatentSpace_v323,Thalamus,5,1,4
LatentSpace_v323,Inferior colliculus,5,9,-4
LatentSpace_v323,"Superior colliculus, sensory related",5,10,-5
LatentSpace_v323,Midbrain raphe nuclei,13,12,1
LatentSpace_v323,Midbrain-other,12,10,2
LatentSpace_v323,Periaqueductal gray,11,11,0
LatentSpace_v323,Pons,10,9,1
LatentSpace_v323,Medulla,10,9,1
LatentSpace_v323,Lingula (I),17,34,-17
LatentSpace_v323,Central lobule,32,34,-2
LatentSpace_v323,Culmen,26,34,-8
LatentSpace_v323,Declive (VI),23,28,-5
LatentSpace_v323,Folium-tuber vermis (VII),23,31,-8
LatentSpace_v323,Pyramus (VIII),26,32,-6
LatentSpace_v323,Uvula (IX),33,34,-1
LatentSpace_v323,Nodulus (X),25,35,-10
LatentSpace_v323,Simple lobule,23,29,-6
LatentSpace_v323,Crus 1,23,26,-3
LatentSpace_v323,Crus 2,23,27,-4
LatentSpace_v323,Paramedian lobule,24,33,-9
LatentSpace_v323,Copula pyramidis,26,34,-8
LatentSpace_v323,Flocculus,32,34,-2
LatentSpace_v323,Paraflocculus,23,36,-13
LatentSpace_v323,Cerebellar nuclei,23,11,12
LatentSpace_v324,Cortical subplate-other,6,15,-9
LatentSpace_v324,Claustrum,25,33,-8
LatentSpace_v324,Endopiriform nucleus,8,32,-24
LatentSpace_v324,Olfactory areas-other,4,33,-29
LatentSpace_v324,Postpiriform transition area,7,27,-20
LatentSpace_v324,Piriform area,13,34,-21
LatentSpace_v324,Taenia tecta,10,28,-18
LatentSpace_v324,Cortical amygdalar area,2,19,-17
LatentSpace_v324,Piriform-amygdalar area,2,28,-26
LatentSpace_v324,Main olfactory bulb,9,10,-1
LatentSpace_v324,Accessory olfactory bulb,39,19,20
LatentSpace_v324,Anterior olfactory nucleus,3,32,-29
LatentSpace_v324,Subiculum,5,35,-30
LatentSpace_v324,Entorhinal area,13,22,-9
LatentSpace_v324,Field CA1,8,25,-17
LatentSpace_v324,Field CA2,8,14,-6
LatentSpace_v324,Field CA3,8,8,0
LatentSpace_v324,Dentate gyrus,8,3,5
LatentSpace_v324,Anterior cingulate area,33,39,-6
LatentSpace_v324,Infralimbic area,12,26,-14
LatentSpace_v324,Retrosplenial area,23,36,-13
LatentSpace_v324,Prelimbic area,27,35,-8
LatentSpace_v324,Primary auditory area,35,38,-3
LatentSpace_v324,Dorsal auditory area,35,38,-3
LatentSpace_v324,Ventral auditory area,37,38,-1
LatentSpace_v324,Agranular insular area,23,37,-14
LatentSpace_v324,Ectorhinal area,24,33,-9
LatentSpace_v324,Primary motor area,35,38,-3
LatentSpace_v324,Secondary motor area,35,38,-3
LatentSpace_v324,"Frontal pole, cerebral cortex",36,40,-4
LatentSpace_v324,Orbital area,23,35,-12
LatentSpace_v324,Posterior parietal association areas,33,38,-5
LatentSpace_v324,Perirhinal area,18,32,-14
LatentSpace_v324,Primary somatosensory area,29,35,-6
LatentSpace_v324,Supplemental somatosensory area,36,38,-2
LatentSpace_v324,Temporal association areas,31,33,-2
LatentSpace_v324,Visual areas,34,38,-4
LatentSpace_v324,Pallidum,7,6,1
LatentSpace_v324,Striatum ventral region,6,3,3
LatentSpace_v324,Lateral septal complex,8,4,4
LatentSpace_v324,Caudoputamen,3,3,0
LatentSpace_v324,Medial amygdalar nucleus,9,7,2
LatentSpace_v324,Hypothalamus,12,9,3
LatentSpace_v324,Thalamus,7,1,6
LatentSpace_v324,Inferior colliculus,10,9,1
LatentSpace_v324,"Superior colliculus, sensory related",11,10,1
LatentSpace_v324,Midbrain raphe nuclei,15,12,3
LatentSpace_v324,Midbrain-other,14,10,4
LatentSpace_v324,Periaqueductal gray,15,11,4
LatentSpace_v324,Pons,12,9,3
LatentSpace_v324,Medulla,26,9,17
LatentSpace_v324,Lingula (I),16,34,-18
LatentSpace_v324,Central lobule,31,34,-3
LatentSpace_v324,Culmen,30,34,-4
LatentSpace_v324,Declive (VI),22,28,-6
LatentSpace_v324,Folium-tuber vermis (VII),22,31,-9
LatentSpace_v324,Pyramus (VIII),24,32,-8
LatentSpace_v324,Uvula (IX),34,34,0
LatentSpace_v324,Nodulus (X),32,35,-3
LatentSpace_v324,Simple lobule,22,29,-7
LatentSpace_v324,Crus 1,21,26,-5
LatentSpace_v324,Crus 2,21,27,-6
LatentSpace_v324,Paramedian lobule,22,33,-11
LatentSpace_v324,Copula pyramidis,23,34,-11
LatentSpace_v324,Flocculus,34,34,0
LatentSpace_v324,Paraflocculus,23,36,-13
LatentSpace_v324,Cerebellar nuclei,34,11,23
LatentSpace_v325,Cortical subplate-other,5,15,-10
LatentSpace_v325,Claustrum,28,33,-5
LatentSpace_v325,Endopiriform nucleus,10,32,-22
LatentSpace_v325,Olfactory areas-other,11,33,-22
LatentSpace_v325,Postpiriform transition area,9,27,-18
LatentSpace_v325,Piriform area,11,34,-23
LatentSpace_v325,Taenia tecta,11,28,-17
LatentSpace_v325,Cortical amygdalar area,2,19,-17
LatentSpace_v325,Piriform-amygdalar area,3,28,-25
LatentSpace_v325,Main olfactory bulb,26,10,16
LatentSpace_v325,Accessory olfactory bulb,33,19,14
LatentSpace_v325,Anterior olfactory nucleus,1,32,-31
LatentSpace_v325,Subiculum,3,35,-32
LatentSpace_v325,Entorhinal area,14,22,-8
LatentSpace_v325,Field CA1,6,25,-19
LatentSpace_v325,Field CA2,6,14,-8
LatentSpace_v325,Field CA3,6,8,-2
LatentSpace_v325,Dentate gyrus,6,3,3
LatentSpace_v325,Anterior cingulate area,38,39,-1
LatentSpace_v325,Infralimbic area,10,26,-16
LatentSpace_v325,Retrosplenial area,26,36,-10
LatentSpace_v325,Prelimbic area,30,35,-5
LatentSpace_v325,Primary auditory area,38,38,0
LatentSpace_v325,Dorsal auditory area,35,38,-3
LatentSpace_v325,Ventral auditory area,39,38,1
LatentSpace_v325,Agranular insular area,24,37,-13
LatentSpace_v325,Ectorhinal area,23,33,-10
LatentSpace_v325,Primary motor area,35,38,-3
LatentSpace_v325,Secondary motor area,37,38,-1
LatentSpace_v325,"Frontal pole, cerebral cortex",36,40,-4
LatentSpace_v325,Orbital area,24,35,-11
LatentSpace_v325,Posterior parietal association areas,35,38,-3
LatentSpace_v325,Perirhinal area,19,32,-13
LatentSpace_v325,Primary somatosensory area,30,35,-5
LatentSpace_v325,Supplemental somatosensory area,37,38,-1
LatentSpace_v325,Temporal association areas,28,33,-5
LatentSpace_v325,Visual areas,35,38,-3
LatentSpace_v325,Pallidum,12,6,6
LatentSpace_v325,Striatum ventral region,8,3,5
LatentSpace_v325,Lateral septal complex,8,4,4
LatentSpace_v325,Caudoputamen,3,3,0
LatentSpace_v325,Medial amygdalar nucleus,7,7,0
LatentSpace_v325,Hypothalamus,13,9,4
LatentSpace_v325,Thalamus,8,1,7
LatentSpace_v325,Inferior colliculus,8,9,-1
LatentSpace_v325,"Superior colliculus, sensory related",8,10,-2
LatentSpace_v325,Midbrain raphe nuclei,17,12,5
LatentSpace_v325,Midbrain-other,14,10,4
LatentSpace_v325,Periaqueductal gray,13,11,2
LatentSpace_v325,Pons,10,9,1
LatentSpace_v325,Medulla,10,9,1
LatentSpace_v325,Lingula (I),18,34,-16
LatentSpace_v325,Central lobule,33,34,-1
LatentSpace_v325,Culmen,30,34,-4
LatentSpace_v325,Declive (VI),23,28,-5
LatentSpace_v325,Folium-tuber vermis (VII),23,31,-8
LatentSpace_v325,Pyramus (VIII),23,32,-9
LatentSpace_v325,Uvula (IX),26,34,-8
LatentSpace_v325,Nodulus (X),14,35,-21
LatentSpace_v325,Simple lobule,22,29,-7
LatentSpace_v325,Crus 1,22,26,-4
LatentSpace_v325,Crus 2,22,27,-5
LatentSpace_v325,Paramedian lobule,23,33,-10
LatentSpace_v325,Copula pyramidis,24,34,-10
LatentSpace_v325,Flocculus,16,34,-18
LatentSpace_v325,Paraflocculus,28,36,-8
LatentSpace_v325,Cerebellar nuclei,13,11,2
LatentSpace_v326,Cortical subplate-other,12,15,-3
LatentSpace_v326,Claustrum,12,33,-21
LatentSpace_v326,Endopiriform nucleus,9,32,-23
LatentSpace_v326,Olfactory areas-other,9,33,-24
LatentSpace_v326,Postpiriform transition area,12,27,-15
LatentSpace_v326,Piriform area,10,34,-24
LatentSpace_v326,Taenia tecta,10,28,-18
LatentSpace_v326,Cortical amygdalar area,10,19,-9
LatentSpace_v326,Piriform-amygdalar area,11,28,-17
LatentSpace_v326,Main olfactory bulb,12,10,2
LatentSpace_v326,Accessory olfactory bulb,20,19,1
LatentSpace_v326,Anterior olfactory nucleus,10,32,-22
LatentSpace_v326,Subiculum,3,35,-32
LatentSpace_v326,Entorhinal area,11,22,-11
LatentSpace_v326,Field CA1,7,25,-18
LatentSpace_v326,Field CA2,7,14,-7
LatentSpace_v326,Field CA3,6,8,-2
LatentSpace_v326,Dentate gyrus,7,3,4
LatentSpace_v326,Anterior cingulate area,33,39,-6
LatentSpace_v326,Infralimbic area,12,26,-14
LatentSpace_v326,Retrosplenial area,25,36,-11
LatentSpace_v326,Prelimbic area,24,35,-11
LatentSpace_v326,Primary auditory area,35,38,-3
LatentSpace_v326,Dorsal auditory area,35,38,-3
LatentSpace_v326,Ventral auditory area,37,38,-1
LatentSpace_v326,Agranular insular area,21,37,-16
LatentSpace_v326,Ectorhinal area,20,33,-13
LatentSpace_v326,Primary motor area,35,38,-3
LatentSpace_v326,Secondary motor area,35,38,-3
LatentSpace_v326,"Frontal pole, cerebral cortex",29,40,-11
LatentSpace_v326,Orbital area,17,35,-18
LatentSpace_v326,Posterior parietal association areas,31,38,-7
LatentSpace_v326,Perirhinal area,14,32,-18
LatentSpace_v326,Primary somatosensory area,29,35,-6
LatentSpace_v326,Supplemental somatosensory area,36,38,-2
LatentSpace_v326,Temporal association areas,32,33,-1
LatentSpace_v326,Visual areas,32,38,-6
LatentSpace_v326,Pallidum,8,6,2
LatentSpace_v326,Striatum ventral region,7,3,4
LatentSpace_v326,Lateral septal complex,7,4,3
LatentSpace_v326,Caudoputamen,3,3,0
LatentSpace_v326,Medial amygdalar nucleus,11,7,4
LatentSpace_v326,Hypothalamus,13,9,4
LatentSpace_v326,Thalamus,2,1,1
LatentSpace_v326,Inferior colliculus,9,9,0
LatentSpace_v326,"Superior colliculus, sensory related",9,10,-1
LatentSpace_v326,Midbrain raphe nuclei,16,12,4
LatentSpace_v326,Midbrain-other,14,10,4
LatentSpace_v326,Periaqueductal gray,12,11,1
LatentSpace_v326,Pons,13,9,4
LatentSpace_v326,Medulla,13,9,4
LatentSpace_v326,Lingula (I),16,34,-18
LatentSpace_v326,Central lobule,27,34,-7
LatentSpace_v326,Culmen,23,34,-11
LatentSpace_v326,Declive (VI),23,28,-5
LatentSpace_v326,Folium-tuber vermis (VII),23,31,-8
LatentSpace_v326,Pyramus (VIII),23,32,-9
LatentSpace_v326,Uvula (IX),26,34,-8
LatentSpace_v326,Nodulus (X),18,35,-17
LatentSpace_v326,Simple lobule,22,29,-7
LatentSpace_v326,Crus 1,22,26,-4
LatentSpace_v326,Crus 2,23,27,-4
LatentSpace_v326,Paramedian lobule,23,33,-10
LatentSpace_v326,Copula pyramidis,23,34,-11
LatentSpace_v326,Flocculus,23,34,-11
LatentSpace_v326,Paraflocculus,23,36,-13
LatentSpace_v326,Cerebellar nuclei,20,11,9
LatentSpace_v327,Cortical subplate-other,7,15,-8
LatentSpace_v327,Claustrum,22,33,-11
LatentSpace_v327,Endopiriform nucleus,7,32,-25
LatentSpace_v327,Olfactory areas-other,13,33,-20
LatentSpace_v327,Postpiriform transition area,12,27,-15
LatentSpace_v327,Piriform area,12,34,-22
LatentSpace_v327,Taenia tecta,13,28,-15
LatentSpace_v327,Cortical amygdalar area,7,19,-12
LatentSpace_v327,Piriform-amygdalar area,7,28,-21
LatentSpace_v327,Main olfactory bulb,15,10,5
LatentSpace_v327,Accessory olfactory bulb,20,19,1
LatentSpace_v327,Anterior olfactory nucleus,14,32,-18
LatentSpace_v327,Subiculum,3,35,-32
LatentSpace_v327,Entorhinal area,14,22,-8
LatentSpace_v327,Field CA1,5,25,-20
LatentSpace_v327,Field CA2,5,14,-9
LatentSpace_v327,Field CA3,6,8,-2
LatentSpace_v327,Dentate gyrus,6,3,3
LatentSpace_v327,Anterior cingulate area,34,39,-5
LatentSpace_v327,Infralimbic area,11,26,-15
LatentSpace_v327,Retrosplenial area,27,36,-9
LatentSpace_v327,Prelimbic area,24,35,-11
LatentSpace_v327,Primary auditory area,35,38,-3
LatentSpace_v327,Dorsal auditory area,35,38,-3
LatentSpace_v327,Ventral auditory area,38,38,0
LatentSpace_v327,Agranular insular area,20,37,-17
LatentSpace_v327,Ectorhinal area,22,33,-11
LatentSpace_v327,Primary motor area,35,38,-3
LatentSpace_v327,Secondary motor area,36,38,-2
LatentSpace_v327,"Frontal pole, cerebral cortex",29,40,-11
LatentSpace_v327,Orbital area,22,35,-13
LatentSpace_v327,Posterior parietal association areas,35,38,-3
LatentSpace_v327,Perirhinal area,17,32,-15
LatentSpace_v327,Primary somatosensory area,33,35,-2
LatentSpace_v327,Supplemental somatosensory area,36,38,-2
LatentSpace_v327,Temporal association areas,30,33,-3
LatentSpace_v327,Visual areas,35,38,-3
LatentSpace_v327,Pallidum,9,6,3
LatentSpace_v327,Striatum ventral region,6,3,3
LatentSpace_v327,Lateral septal complex,10,4,6
LatentSpace_v327,Caudoputamen,3,3,0
LatentSpace_v327,Medial amygdalar nucleus,10,7,3
LatentSpace_v327,Hypothalamus,10,9,1
LatentSpace_v327,Thalamus,1,1,0
LatentSpace_v327,Inferior colliculus,5,9,-4
LatentSpace_v327,"Superior colliculus, sensory related",6,10,-4
LatentSpace_v327,Midbrain raphe nuclei,14,12,2
LatentSpace_v327,Midbrain-other,13,10,3
LatentSpace_v327,Periaqueductal gray,13,11,2
LatentSpace_v327,Pons,9,9,0
LatentSpace_v327,Medulla,14,9,5
LatentSpace_v327,Lingula (I),12,34,-22
LatentSpace_v327,Central lobule,10,34,-24
LatentSpace_v327,Culmen,27,34,-7
LatentSpace_v327,Declive (VI),23,28,-5
LatentSpace_v327,Folium-tuber vermis (VII),23,31,-8
LatentSpace_v327,Pyramus (VIII),23,32,-9
LatentSpace_v327,Uvula (IX),20,34,-14
LatentSpace_v327,Nodulus (X),13,35,-22
LatentSpace_v327,Simple lobule,22,29,-7
LatentSpace_v327,Crus 1,22,26,-4
LatentSpace_v327,Crus 2,23,27,-4
LatentSpace_v327,Paramedian lobule,23,33,-10
LatentSpace_v327,Copula pyramidis,24,34,-10
LatentSpace_v327,Flocculus,13,34,-21
LatentSpace_v327,Paraflocculus,29,36,-7
LatentSpace_v327,Cerebellar nuclei,12,11,1
LatentSpace_v328,Cortical subplate-other,7,15,-8
LatentSpace_v328,Claustrum,26,33,-7
LatentSpace_v328,Endopiriform nucleus,13,32,-19
LatentSpace_v328,Olfactory areas-other,15,33,-18
LatentSpace_v328,Postpiriform transition area,7,27,-20
LatentSpace_v328,Piriform area,13,34,-21
LatentSpace_v328,Taenia tecta,11,28,-17
LatentSpace_v328,Cortical amygdalar area,4,19,-15
LatentSpace_v328,Piriform-amygdalar area,5,28,-23
LatentSpace_v328,Main olfactory bulb,40,10,30
LatentSpace_v328,Accessory olfactory bulb,29,19,10
LatentSpace_v328,Anterior olfactory nucleus,14,32,-18
LatentSpace_v328,Subiculum,2,35,-33
LatentSpace_v328,Entorhinal area,12,22,-10
LatentSpace_v328,Field CA1,5,25,-20
LatentSpace_v328,Field CA2,7,14,-7
LatentSpace_v328,Field CA3,6,8,-2
LatentSpace_v328,Dentate gyrus,8,3,5
LatentSpace_v328,Anterior cingulate area,35,39,-4
LatentSpace_v328,Infralimbic area,11,26,-15
LatentSpace_v328,Retrosplenial area,23,36,-13
LatentSpace_v328,Prelimbic area,29,35,-6
LatentSpace_v328,Primary auditory area,36,38,-2
LatentSpace_v328,Dorsal auditory area,35,38,-3
LatentSpace_v328,Ventral auditory area,39,38,1
LatentSpace_v328,Agranular insular area,23,37,-14
LatentSpace_v328,Ectorhinal area,24,33,-9
LatentSpace_v328,Primary motor area,35,38,-3
LatentSpace_v328,Secondary motor area,36,38,-2
LatentSpace_v328,"Frontal pole, cerebral cortex",35,40,-5
LatentSpace_v328,Orbital area,26,35,-9
LatentSpace_v328,Posterior parietal association areas,35,38,-3
LatentSpace_v328,Perirhinal area,22,32,-10
LatentSpace_v328,Primary somatosensory area,24,35,-11
LatentSpace_v328,Supplemental somatosensory area,37,38,-1
LatentSpace_v328,Temporal association areas,30,33,-3
LatentSpace_v328,Visual areas,35,38,-3
LatentSpace_v328,Pallidum,7,6,1
LatentSpace_v328,Striatum ventral region,5,3,2
LatentSpace_v328,Lateral septal complex,8,4,4
LatentSpace_v328,Caudoputamen,3,3,0
LatentSpace_v328,Medial amygdalar nucleus,8,7,1
LatentSpace_v328,Hypothalamus,8,9,-1
LatentSpace_v328,Thalamus,7,1,6
LatentSpace_v328,Inferior colliculus,8,9,-1
LatentSpace_v328,"Superior colliculus, sensory related",5,10,-5
LatentSpace_v328,Midbrain raphe nuclei,12,12,0
LatentSpace_v328,Midbrain-other,11,10,1
LatentSpace_v328,Periaqueductal gray,11,11,0
LatentSpace_v328,Pons,9,9,0
LatentSpace_v328,Medulla,10,9,1
LatentSpace_v328,Lingula (I),18,34,-16
LatentSpace_v328,Central lobule,32,34,-2
LatentSpace_v328,Culmen,34,34,0
LatentSpace_v328,Declive (VI),23,28,-5
LatentSpace_v328,Folium-tuber vermis (VII),23,31,-8
LatentSpace_v328,Pyramus (VIII),23,32,-9
LatentSpace_v328,Uvula (IX),31,34,-3
LatentSpace_v328,Nodulus (X),32,35,-3
LatentSpace_v328,Simple lobule,25,29,-4
LatentSpace_v328,Crus 1,23,26,-3
LatentSpace_v328,Crus 2,22,27,-5
LatentSpace_v328,Paramedian lobule,24,33,-9
LatentSpace_v328,Copula pyramidis,25,34,-9
LatentSpace_v328,Flocculus,34,34,0
LatentSpace_v328,Paraflocculus,26,36,-10
LatentSpace_v328,Cerebellar nuclei,17,11,6
LatentSpace_v329,Cortical subplate-other,12,15,-3
LatentSpace_v329,Claustrum,28,33,-5
LatentSpace_v329,Endopiriform nucleus,12,32,-20
LatentSpace_v329,Olfactory areas-other,14,33,-19
LatentSpace_v329,Postpiriform transition area,13,27,-14
LatentSpace_v329,Piriform area,18,34,-16
LatentSpace_v329,Taenia tecta,13,28,-15
LatentSpace_v329,Cortical amygdalar area,11,19,-8
LatentSpace_v329,Piriform-amygdalar area,13,28,-15
LatentSpace_v329,Main olfactory bulb,6,10,-4
LatentSpace_v329,Accessory olfactory bulb,30,19,11
LatentSpace_v329,Anterior olfactory nucleus,11,32,-21
LatentSpace_v329,Subiculum,6,35,-29
LatentSpace_v329,Entorhinal area,19,22,-3
LatentSpace_v329,Field CA1,7,25,-18
LatentSpace_v329,Field CA2,7,14,-7
LatentSpace_v329,Field CA3,6,8,-2
LatentSpace_v329,Dentate gyrus,6,3,3
LatentSpace_v329,Anterior cingulate area,36,39,-3
LatentSpace_v329,Infralimbic area,11,26,-15
LatentSpace_v329,Retrosplenial area,25,36,-11
LatentSpace_v329,Prelimbic area,24,35,-11
LatentSpace_v329,Primary auditory area,37,38,-1
LatentSpace_v329,Dorsal auditory area,35,38,-3
LatentSpace_v329,Ventral auditory area,39,38,1
LatentSpace_v329,Agranular insular area,23,37,-14
LatentSpace_v329,Ectorhinal area,23,33,-10
LatentSpace_v329,Primary motor area,35,38,-3
LatentSpace_v329,Secondary motor area,36,38,-2
LatentSpace_v329,"Frontal pole, cerebral cortex",29,40,-11
LatentSpace_v329,Orbital area,24,35,-11
LatentSpace_v329,Posterior parietal association areas,35,38,-3
LatentSpace_v329,Perirhinal area,22,32,-10
LatentSpace_v329,Primary somatosensory area,31,35,-4
LatentSpace_v329,Supplemental somatosensory area,37,38,-1
LatentSpace_v329,Temporal association areas,28,33,-5
LatentSpace_v329,Visual areas,35,38,-3
LatentSpace_v329,Pallidum,9,6,3
LatentSpace_v329,Striatum ventral region,8,3,5
LatentSpace_v329,Lateral septal complex,13,4,9
LatentSpace_v329,Caudoputamen,3,3,0
LatentSpace_v329,Medial amygdalar nucleus,11,7,4
LatentSpace_v329,Hypothalamus,5,9,-4
LatentSpace_v329,Thalamus,3,1,2
LatentSpace_v329,Inferior colliculus,4,9,-5
LatentSpace_v329,"Superior colliculus, sensory related",4,10,-6
LatentSpace_v329,Midbrain raphe nuclei,13,12,1
LatentSpace_v329,Midbrain-other,12,10,2
LatentSpace_v329,Periaqueductal gray,11,11,0
LatentSpace_v329,Pons,10,9,1
LatentSpace_v329,Medulla,12,9,3
LatentSpace_v329,Lingula (I),16,34,-18
LatentSpace_v329,Central lobule,22,34,-12
LatentSpace_v329,Culmen,23,34,-11
LatentSpace_v329,Declive (VI),23,28,-5
LatentSpace_v329,Folium-tuber vermis (VII),23,31,-8
LatentSpace_v329,Pyramus (VIII),25,32,-7
LatentSpace_v329,Uvula (IX),19,34,-15
LatentSpace_v329,Nodulus (X),15,35,-20
LatentSpace_v329,Simple lobule,22,29,-7
LatentSpace_v329,Crus 1,22,26,-4
LatentSpace_v329,Crus 2,22,27,-5
LatentSpace_v329,Paramedian lobule,24,33,-9
LatentSpace_v329,Copula pyramidis,27,34,-7
LatentSpace_v329,Flocculus,16,34,-18
LatentSpace_v329,Paraflocculus,27,36,-9
LatentSpace_v329,Cerebellar nuclei,27,11,16
LatentSpace_v330,Cortical subplate-other,10,15,-5
LatentSpace_v330,Claustrum,27,33,-6
LatentSpace_v330,Endopiriform nucleus,17,32,-15
LatentSpace_v330,Olfactory areas-other,19,33,-14
LatentSpace_v330,Postpiriform transition area,13,27,-14
LatentSpace_v330,Piriform area,24,34,-10
LatentSpace_v330,Taenia tecta,14,28,-14
LatentSpace_v330,Cortical amygdalar area,11,19,-8
LatentSpace_v330,Piriform-amygdalar area,13,28,-15
LatentSpace_v330,Main olfactory bulb,8,10,-2
LatentSpace_v330,Accessory olfactory bulb,13,19,-6
LatentSpace_v330,Anterior olfactory nucleus,20,32,-12
LatentSpace_v330,Subiculum,5,35,-30
LatentSpace_v330,Entorhinal area,16,22,-6
LatentSpace_v330,Field CA1,5,25,-20
LatentSpace_v330,Field CA2,6,14,-8
LatentSpace_v330,Field CA3,5,8,-3
LatentSpace_v330,Dentate gyrus,4,3,1
LatentSpace_v330,Anterior cingulate area,34,39,-5
LatentSpace_v330,Infralimbic area,9,26,-17
LatentSpace_v330,Retrosplenial area,23,36,-13
LatentSpace_v330,Prelimbic area,24,35,-11
LatentSpace_v330,Primary auditory area,35,38,-3
LatentSpace_v330,Dorsal auditory area,35,38,-3
LatentSpace_v330,Ventral auditory area,37,38,-1
LatentSpace_v330,Agranular insular area,21,37,-16
LatentSpace_v330,Ectorhinal area,24,33,-9
LatentSpace_v330,Primary motor area,35,38,-3
LatentSpace_v330,Secondary motor area,33,38,-5
LatentSpace_v330,"Frontal pole, cerebral cortex",29,40,-11
LatentSpace_v330,Orbital area,23,35,-12
LatentSpace_v330,Posterior parietal association areas,35,38,-3
LatentSpace_v330,Perirhinal area,24,32,-8
LatentSpace_v330,Primary somatosensory area,26,35,-9
LatentSpace_v330,Supplemental somatosensory area,35,38,-3
LatentSpace_v330,Temporal association areas,34,33,1
LatentSpace_v330,Visual areas,31,38,-7
LatentSpace_v330,Pallidum,5,6,-1
LatentSpace_v330,Striatum ventral region,6,3,3
LatentSpace_v330,Lateral septal complex,7,4,3
LatentSpace_v330,Caudoputamen,3,3,0
LatentSpace_v330,Medial amygdalar nucleus,11,7,4
LatentSpace_v330,Hypothalamus,7,9,-2
LatentSpace_v330,Thalamus,6,1,5
LatentSpace_v330,Inferior colliculus,7,9,-2
LatentSpace_v330,"Superior colliculus, sensory related",4,10,-6
LatentSpace_v330,Midbrain raphe nuclei,14,12,2
LatentSpace_v330,Midbrain-other,12,10,2
LatentSpace_v330,Periaqueductal gray,12,11,1
LatentSpace_v330,Pons,10,9,1
LatentSpace_v330,Medulla,11,9,2
LatentSpace_v330,Lingula (I),14,34,-20
LatentSpace_v330,Central lobule,22,34,-12
LatentSpace_v330,Culmen,29,34,-5
LatentSpace_v330,Declive (VI),23,28,-5
LatentSpace_v330,Folium-tuber vermis (VII),23,31,-8
LatentSpace_v330,Pyramus (VIII),27,32,-5
LatentSpace_v330,Uvula (IX),34,34,0
LatentSpace_v330,Nodulus (X),23,35,-12
LatentSpace_v330,Simple lobule,23,29,-6
LatentSpace_v330,Crus 1,23,26,-3
LatentSpace_v330,Crus 2,23,27,-4
LatentSpace_v330,Paramedian lobule,23,33,-10
LatentSpace_v330,Copula pyramidis,26,34,-8
LatentSpace_v330,Flocculus,28,34,-6
LatentSpace_v330,Paraflocculus,25,36,-11
LatentSpace_v330,Cerebellar nuclei,18,11,7
LatentSpace_v331,Cortical subplate-other,11,15,-4
LatentSpace_v331,Claustrum,28,33,-5
LatentSpace_v331,Endopiriform nucleus,11,32,-21
LatentSpace_v331,Olfactory areas-other,9,33,-24
LatentSpace_v331,Postpiriform transition area,7,27,-20
LatentSpace_v331,Piriform area,12,34,-22
LatentSpace_v331,Taenia tecta,17,28,-11
LatentSpace_v331,Cortical amygdalar area,8,19,-11
LatentSpace_v331,Piriform-amygdalar area,7,28,-21
LatentSpace_v331,Main olfactory bulb,28,10,18
LatentSpace_v331,Accessory olfactory bulb,31,19,12
LatentSpace_v331,Anterior olfactory nucleus,10,32,-22
LatentSpace_v331,Subiculum,6,35,-29
LatentSpace_v331,Entorhinal area,12,22,-10
LatentSpace_v331,Field CA1,8,25,-17
LatentSpace_v331,Field CA2,6,14,-8
LatentSpace_v331,Field CA3,6,8,-2
LatentSpace_v331,Dentate gyrus,8,3,5
LatentSpace_v331,Anterior cingulate area,37,39,-2
LatentSpace_v331,Infralimbic area,13,26,-13
LatentSpace_v331,Retrosplenial area,25,36,-11
LatentSpace_v331,Prelimbic area,30,35,-5
LatentSpace_v331,Primary auditory area,35,38,-3
LatentSpace_v331,Dorsal auditory area,35,38,-3
LatentSpace_v331,Ventral auditory area,36,38,-2
LatentSpace_v331,Agranular insular area,23,37,-14
LatentSpace_v331,Ectorhinal area,24,33,-9
LatentSpace_v331,Primary motor area,35,38,-3
LatentSpace_v331,Secondary motor area,33,38,-5
LatentSpace_v331,"Frontal pole, cerebral cortex",33,40,-7
LatentSpace_v331,Orbital area,27,35,-8
LatentSpace_v331,Posterior parietal association areas,35,38,-3
LatentSpace_v331,Perirhinal area,20,32,-12
LatentSpace_v331,Primary somatosensory area,28,35,-7
LatentSpace_v331,Supplemental somatosensory area,36,38,-2
LatentSpace_v331,Temporal association areas,31,33,-2
LatentSpace_v331,Visual areas,34,38,-4
LatentSpace_v331,Pallidum,7,6,1
LatentSpace_v331,Striatum ventral region,7,3,4
LatentSpace_v331,Lateral septal complex,9,4,5
LatentSpace_v331,Caudoputamen,3,3,0
LatentSpace_v331,Medial amygdalar nucleus,12,7,5
LatentSpace_v331,Hypothalamus,6,9,-3
LatentSpace_v331,Thalamus,7,1,6
LatentSpace_v331,Inferior colliculus,3,9,-6
LatentSpace_v331,"Superior colliculus, sensory related",4,10,-6
LatentSpace_v331,Midbrain raphe nuclei,15,12,3
LatentSpace_v331,Midbrain-other,9,10,-1
LatentSpace_v331,Periaqueductal gray,9,11,-2
LatentSpace_v331,Pons,7,9,-2
LatentSpace_v331,Medulla,6,9,-3
LatentSpace_v331,Lingula (I),10,34,-24
LatentSpace_v331,Central lobule,28,34,-6
LatentSpace_v331,Culmen,25,34,-9
LatentSpace_v331,Declive (VI),23,28,-5
LatentSpace_v331,Folium-tuber vermis (VII),23,31,-8
LatentSpace_v331,Pyramus (VIII),24,32,-8
LatentSpace_v331,Uvula (IX),32,34,-2
LatentSpace_v331,Nodulus (X),12,35,-23
LatentSpace_v331,Simple lobule,24,29,-5
LatentSpace_v331,Crus 1,23,26,-3
LatentSpace_v331,Crus 2,23,27,-4
LatentSpace_v331,Paramedian lobule,23,33,-10
LatentSpace_v331,Copula pyramidis,26,34,-8
LatentSpace_v331,Flocculus,18,34,-16
LatentSpace_v331,Paraflocculus,24,36,-12
LatentSpace_v331,Cerebellar nuclei,12,11,1
LatentSpace_v332,Cortical subplate-other,12,15,-3
LatentSpace_v332,Claustrum,24,33,-9
LatentSpace_v332,Endopiriform nucleus,12,32,-20
LatentSpace_v332,Olfactory areas-other,11,33,-22
LatentSpace_v332,Postpiriform transition area,9,27,-18
LatentSpace_v332,Piriform area,18,34,-16
LatentSpace_v332,Taenia tecta,11,28,-17
LatentSpace_v332,Cortical amygdalar area,9,19,-10
LatentSpace_v332,Piriform-amygdalar area,7,28,-21
LatentSpace_v332,Main olfactory bulb,7,10,-3
LatentSpace_v332,Accessory olfactory bulb,40,19,21
LatentSpace_v332,Anterior olfactory nucleus,10,32,-22
LatentSpace_v332,Subiculum,6,35,-29
LatentSpace_v332,Entorhinal area,11,22,-11
LatentSpace_v332,Field CA1,6,25,-19
LatentSpace_v332,Field CA2,6,14,-8
LatentSpace_v332,Field CA3,6,8,-2
LatentSpace_v332,Dentate gyrus,8,3,5
LatentSpace_v332,Anterior cingulate area,39,39,0
LatentSpace_v332,Infralimbic area,9,26,-17
LatentSpace_v332,Retrosplenial area,25,36,-11
LatentSpace_v332,Prelimbic area,29,35,-6
LatentSpace_v332,Primary auditory area,36,38,-2
LatentSpace_v332,Dorsal auditory area,36,38,-2
LatentSpace_v332,Ventral auditory area,38,38,0
LatentSpace_v332,Agranular insular area,26,37,-11
LatentSpace_v332,Ectorhinal area,23,33,-10
LatentSpace_v332,Primary motor area,36,38,-2
LatentSpace_v332,Secondary motor area,37,38,-1
LatentSpace_v332,"Frontal pole, cerebral cortex",36,40,-4
LatentSpace_v332,Orbital area,27,35,-8
LatentSpace_v332,Posterior parietal association areas,35,38,-3
LatentSpace_v332,Perirhinal area,16,32,-16
LatentSpace_v332,Primary somatosensory area,31,35,-4
LatentSpace_v332,Supplemental somatosensory area,37,38,-1
LatentSpace_v332,Temporal association areas,30,33,-3
LatentSpace_v332,Visual areas,35,38,-3
LatentSpace_v332,Pallidum,11,6,5
LatentSpace_v332,Striatum ventral region,8,3,5
LatentSpace_v332,Lateral septal complex,12,4,8
LatentSpace_v332,Caudoputamen,3,3,0
LatentSpace_v332,Medial amygdalar nucleus,12,7,5
LatentSpace_v332,Hypothalamus,10,9,1
LatentSpace_v332,Thalamus,5,1,4
LatentSpace_v332,Inferior colliculus,8,9,-1
LatentSpace_v332,"Superior colliculus, sensory related",7,10,-3
LatentSpace_v332,Midbrain raphe nuclei,14,12,2
LatentSpace_v332,Midbrain-other,12,10,2
LatentSpace_v332,Periaqueductal gray,13,11,2
LatentSpace_v332,Pons,9,9,0
LatentSpace_v332,Medulla,12,9,3
LatentSpace_v332,Lingula (I),20,34,-14
LatentSpace_v332,Central lobule,25,34,-9
LatentSpace_v332,Culmen,25,34,-9
LatentSpace_v332,Declive (VI),23,28,-5
LatentSpace_v332,Folium-tuber vermis (VII),23,31,-8
LatentSpace_v332,Pyramus (VIII),24,32,-8
LatentSpace_v332,Uvula (IX),21,34,-13
LatentSpace_v332,Nodulus (X),21,35,-14
LatentSpace_v332,Simple lobule,22,29,-7
LatentSpace_v332,Crus 1,22,26,-4
LatentSpace_v332,Crus 2,22,27,-5
LatentSpace_v332,Paramedian lobule,23,33,-10
LatentSpace_v332,Copula pyramidis,28,34,-6
LatentSpace_v332,Flocculus,28,34,-6
LatentSpace_v332,Paraflocculus,24,36,-12
LatentSpace_v332,Cerebellar nuclei,21,11,10
LatentSpace_v333,Cortical subplate-other,6,15,-9
LatentSpace_v333,Claustrum,23,33,-10
LatentSpace_v333,Endopiriform nucleus,14,32,-18
LatentSpace_v333,Olfactory areas-other,11,33,-22
LatentSpace_v333,Postpiriform transition area,9,27,-18
LatentSpace_v333,Piriform area,18,34,-16
LatentSpace_v333,Taenia tecta,11,28,-17
LatentSpace_v333,Cortical amygdalar area,4,19,-15
LatentSpace_v333,Piriform-amygdalar area,6,28,-22
LatentSpace_v333,Main olfactory bulb,6,10,-4
LatentSpace_v333,Accessory olfactory bulb,27,19,8
LatentSpace_v333,Anterior olfactory nucleus,10,32,-22
LatentSpace_v333,Subiculum,5,35,-30
LatentSpace_v333,Entorhinal area,16,22,-6
LatentSpace_v333,Field CA1,7,25,-18
LatentSpace_v333,Field CA2,10,14,-4
LatentSpace_v333,Field CA3,6,8,-2
LatentSpace_v333,Dentate gyrus,9,3,6
LatentSpace_v333,Anterior cingulate area,37,39,-2
LatentSpace_v333,Infralimbic area,11,26,-15
LatentSpace_v333,Retrosplenial area,23,36,-13
LatentSpace_v333,Prelimbic area,29,35,-6
LatentSpace_v333,Primary auditory area,38,38,0
LatentSpace_v333,Dorsal auditory area,36,38,-2
LatentSpace_v333,Ventral auditory area,39,38,1
LatentSpace_v333,Agranular insular area,30,37,-7
LatentSpace_v333,Ectorhinal area,24,33,-9
LatentSpace_v333,Primary motor area,36,38,-2
LatentSpace_v333,Secondary motor area,37,38,-1
LatentSpace_v333,"Frontal pole, cerebral cortex",35,40,-5
LatentSpace_v333,Orbital area,28,35,-7
LatentSpace_v333,Posterior parietal association areas,35,38,-3
LatentSpace_v333,Perirhinal area,24,32,-8
LatentSpace_v333,Primary somatosensory area,30,35,-5
LatentSpace_v333,Supplemental somatosensory area,37,38,-1
LatentSpace_v333,Temporal association areas,34,33,1
LatentSpace_v333,Visual areas,35,38,-3
LatentSpace_v333,Pallidum,11,6,5
LatentSpace_v333,Striatum ventral region,6,3,3
LatentSpace_v333,Lateral septal complex,7,4,3
LatentSpace_v333,Caudoputamen,3,3,0
LatentSpace_v333,Medial amygdalar nucleus,8,7,1
LatentSpace_v333,Hypothalamus,9,9,0
LatentSpace_v333,Thalamus,4,1,3
LatentSpace_v333,Inferior colliculus,6,9,-3
LatentSpace_v333,"Superior colliculus, sensory related",6,10,-4
LatentSpace_v333,Midbrain raphe nuclei,14,12,2
LatentSpace_v333,Midbrain-other,12,10,2
LatentSpace_v333,Periaqueductal gray,11,11,0
LatentSpace_v333,Pons,9,9,0
LatentSpace_v333,Medulla,9,9,0
LatentSpace_v333,Lingula (I),23,34,-11
LatentSpace_v333,Central lobule,31,34,-3
LatentSpace_v333,Culmen,24,34,-10
LatentSpace_v333,Declive (VI),23,28,-5
LatentSpace_v333,Folium-tuber vermis (VII),23,31,-8
LatentSpace_v333,Pyramus (VIII),23,32,-9
LatentSpace_v333,Uvula (IX),26,34,-8
LatentSpace_v333,Nodulus (X),19,35,-16
LatentSpace_v333,Simple lobule,22,29,-7
LatentSpace_v333,Crus 1,22,26,-4
LatentSpace_v333,Crus 2,22,27,-5
LatentSpace_v333,Paramedian lobule,22,33,-11
LatentSpace_v333,Copula pyramidis,23,34,-11
LatentSpace_v333,Flocculus,28,34,-6
LatentSpace_v333,Paraflocculus,23,36,-13
LatentSpace_v333,Cerebellar nuclei,18,11,7
LatentSpace_v334,Cortical subplate-other,13,15,-2
LatentSpace_v334,Claustrum,21,33,-12
LatentSpace_v334,Endopiriform nucleus,12,32,-20
LatentSpace_v334,Olfactory areas-other,11,33,-22
LatentSpace_v334,Postpiriform transition area,13,27,-14
LatentSpace_v334,Piriform area,8,34,-26
LatentSpace_v334,Taenia tecta,14,28,-14
LatentSpace_v334,Cortical amygdalar area,11,19,-8
LatentSpace_v334,Piriform-amygdalar area,11,28,-17
LatentSpace_v334,Main olfactory bulb,10,10,0
LatentSpace_v334,Accessory olfactory bulb,19,19,0
LatentSpace_v334,Anterior olfactory nucleus,13,32,-19
LatentSpace_v334,Subiculum,7,35,-28
LatentSpace_v334,Entorhinal area,15,22,-7
LatentSpace_v334,Field CA1,12,25,-13
LatentSpace_v334,Field CA2,15,14,1
LatentSpace_v334,Field CA3,6,8,-2
LatentSpace_v334,Dentate gyrus,10,3,7
LatentSpace_v334,Anterior cingulate area,34,39,-5
LatentSpace_v334,Infralimbic area,12,26,-14
LatentSpace_v334,Retrosplenial area,28,36,-8
LatentSpace_v334,Prelimbic area,27,35,-8
LatentSpace_v334,Primary auditory area,36,38,-2
LatentSpace_v334,Dorsal auditory area,35,38,-3
LatentSpace_v334,Ventral auditory area,38,38,0
LatentSpace_v334,Agranular insular area,26,37,-11
LatentSpace_v334,Ectorhinal area,22,33,-11
LatentSpace_v334,Primary motor area,35,38,-3
LatentSpace_v334,Secondary motor area,35,38,-3
LatentSpace_v334,"Frontal pole, cerebral cortex",29,40,-11
LatentSpace_v334,Orbital area,27,35,-8
LatentSpace_v334,Posterior parietal association areas,35,38,-3
LatentSpace_v334,Perirhinal area,16,32,-16
LatentSpace_v334,Primary somatosensory area,29,35,-6
LatentSpace_v334,Supplemental somatosensory area,36,38,-2
LatentSpace_v334,Temporal association areas,30,33,-3
LatentSpace_v334,Visual areas,35,38,-3
LatentSpace_v334,Pallidum,7,6,1
LatentSpace_v334,Striatum ventral region,7,3,4
LatentSpace_v334,Lateral septal complex,10,4,6
LatentSpace_v334,Caudoputamen,3,3,0
LatentSpace_v334,Medial amygdalar nucleus,13,7,6
LatentSpace_v334,Hypothalamus,8,9,-1
LatentSpace_v334,Thalamus,5,1,4
LatentSpace_v334,Inferior colliculus,7,9,-2
LatentSpace_v334,"Superior colliculus, sensory related",5,10,-5
LatentSpace_v334,Midbrain raphe nuclei,14,12,2
LatentSpace_v334,Midbrain-other,12,10,2
LatentSpace_v334,Periaqueductal gray,12,11,1
LatentSpace_v334,Pons,9,9,0
LatentSpace_v334,Medulla,12,9,3
LatentSpace_v334,Lingula (I),13,34,-21
LatentSpace_v334,Central lobule,9,34,-25
LatentSpace_v334,Culmen,30,34,-4
LatentSpace_v334,Declive (VI),23,28,-5
LatentSpace_v334,Folium-tuber vermis (VII),23,31,-8
LatentSpace_v334,Pyramus (VIII),23,32,-9
LatentSpace_v334,Uvula (IX),29,34,-5
LatentSpace_v334,Nodulus (X),15,35,-20
LatentSpace_v334,Simple lobule,23,29,-6
LatentSpace_v334,Crus 1,22,26,-4
LatentSpace_v334,Crus 2,22,27,-5
LatentSpace_v334,Paramedian lobule,23,33,-10
LatentSpace_v334,Copula pyramidis,24,34,-10
LatentSpace_v334,Flocculus,30,34,-4
LatentSpace_v334,Paraflocculus,25,36,-11
LatentSpace_v334,Cerebellar nuclei,15,11,4
LatentSpace_v335,Cortical subplate-other,9,15,-6
LatentSpace_v335,Claustrum,32,33,-1
LatentSpace_v335,Endopiriform nucleus,13,32,-19
LatentSpace_v335,Olfactory areas-other,19,33,-14
LatentSpace_v335,Postpiriform transition area,16,27,-11
LatentSpace_v335,Piriform area,19,34,-15
LatentSpace_v335,Taenia tecta,12,28,-16
LatentSpace_v335,Cortical amygdalar area,11,19,-8
LatentSpace_v335,Piriform-amygdalar area,17,28,-11
LatentSpace_v335,Main olfactory bulb,27,10,17
LatentSpace_v335,Accessory olfactory bulb,26,19,7
LatentSpace_v335,Anterior olfactory nucleus,20,32,-12
LatentSpace_v335,Subiculum,10,35,-25
LatentSpace_v335,Entorhinal area,19,22,-3
LatentSpace_v335,Field CA1,10,25,-15
LatentSpace_v335,Field CA2,15,14,1
LatentSpace_v335,Field CA3,6,8,-2
LatentSpace_v335,Dentate gyrus,9,3,6
LatentSpace_v335,Anterior cingulate area,35,39,-4
LatentSpace_v335,Infralimbic area,12,26,-14
LatentSpace_v335,Retrosplenial area,28,36,-8
LatentSpace_v335,Prelimbic area,24,35,-11
LatentSpace_v335,Primary auditory area,35,38,-3
LatentSpace_v335,Dorsal auditory area,35,38,-3
LatentSpace_v335,Ventral auditory area,35,38,-3
LatentSpace_v335,Agranular insular area,23,37,-14
LatentSpace_v335,Ectorhinal area,29,33,-4
LatentSpace_v335,Primary motor area,35,38,-3
LatentSpace_v335,Secondary motor area,37,38,-1
LatentSpace_v335,"Frontal pole, cerebral cortex",32,40,-8
LatentSpace_v335,Orbital area,23,35,-12
LatentSpace_v335,Posterior parietal association areas,35,38,-3
LatentSpace_v335,Perirhinal area,21,32,-11
LatentSpace_v335,Primary somatosensory area,23,35,-12
LatentSpace_v335,Supplemental somatosensory area,33,38,-5
LatentSpace_v335,Temporal association areas,33,33,0
LatentSpace_v335,Visual areas,33,38,-5
LatentSpace_v335,Pallidum,8,6,2
LatentSpace_v335,Striatum ventral region,6,3,3
LatentSpace_v335,Lateral septal complex,15,4,11
LatentSpace_v335,Caudoputamen,3,3,0
LatentSpace_v335,Medial amygdalar nucleus,7,7,0
LatentSpace_v335,Hypothalamus,10,9,1
LatentSpace_v335,Thalamus,11,1,10
LatentSpace_v335,Inferior colliculus,4,9,-5
LatentSpace_v335,"Superior colliculus, sensory related",8,10,-2
LatentSpace_v335,Midbrain raphe nuclei,14,12,2
LatentSpace_v335,Midbrain-other,13,10,3
LatentSpace_v335,Periaqueductal gray,12,11,1
LatentSpace_v335,Pons,11,9,2
LatentSpace_v335,Medulla,13,9,4
LatentSpace_v335,Lingula (I),13,34,-21
LatentSpace_v335,Central lobule,13,34,-21
LatentSpace_v335,Culmen,28,34,-6
LatentSpace_v335,Declive (VI),23,28,-5
LatentSpace_v335,Folium-tuber vermis (VII),23,31,-8
LatentSpace_v335,Pyramus (VIII),25,32,-7
LatentSpace_v335,Uvula (IX),21,34,-13
LatentSpace_v335,Nodulus (X),15,35,-20
LatentSpace_v335,Simple lobule,22,29,-7
LatentSpace_v335,Crus 1,22,26,-4
LatentSpace_v335,Crus 2,23,27,-4
LatentSpace_v335,Paramedian lobule,23,33,-10
LatentSpace_v335,Copula pyramidis,27,34,-7
LatentSpace_v335,Flocculus,33,34,-1
LatentSpace_v335,Paraflocculus,24,36,-12
LatentSpace_v335,Cerebellar nuclei,33,11,22
LatentSpace_v336,Cortical subplate-other,11,15,-4
LatentSpace_v336,Claustrum,14,33,-19
LatentSpace_v336,Endopiriform nucleus,13,32,-19
LatentSpace_v336,Olfactory areas-other,18,33,-15
LatentSpace_v336,Postpiriform transition area,12,27,-15
LatentSpace_v336,Piriform area,15,34,-19
LatentSpace_v336,Taenia tecta,12,28,-16
LatentSpace_v336,Cortical amygdalar area,10,19,-9
LatentSpace_v336,Piriform-amygdalar area,10,28,-18
LatentSpace_v336,Main olfactory bulb,16,10,6
LatentSpace_v336,Accessory olfactory bulb,23,19,4
LatentSpace_v336,Anterior olfactory nucleus,15,32,-17
LatentSpace_v336,Subiculum,7,35,-28
LatentSpace_v336,Entorhinal area,16,22,-6
LatentSpace_v336,Field CA1,8,25,-17
LatentSpace_v336,Field CA2,8,14,-6
LatentSpace_v336,Field CA3,10,8,2
LatentSpace_v336,Dentate gyrus,9,3,6
LatentSpace_v336,Anterior cingulate area,33,39,-6
LatentSpace_v336,Infralimbic area,12,26,-14
LatentSpace_v336,Retrosplenial area,23,36,-13
LatentSpace_v336,Prelimbic area,26,35,-9
LatentSpace_v336,Primary auditory area,35,38,-3
LatentSpace_v336,Dorsal auditory area,31,38,-7
LatentSpace_v336,Ventral auditory area,35,38,-3
LatentSpace_v336,Agranular insular area,20,37,-17
LatentSpace_v336,Ectorhinal area,22,33,-11
LatentSpace_v336,Primary motor area,31,38,-7
LatentSpace_v336,Secondary motor area,35,38,-3
LatentSpace_v336,"Frontal pole, cerebral cortex",34,40,-6
LatentSpace_v336,Orbital area,23,35,-12
LatentSpace_v336,Posterior parietal association areas,31,38,-7
LatentSpace_v336,Perirhinal area,19,32,-13
LatentSpace_v336,Primary somatosensory area,24,35,-11
LatentSpace_v336,Supplemental somatosensory area,36,38,-2
LatentSpace_v336,Temporal association areas,26,33,-7
LatentSpace_v336,Visual areas,31,38,-7
LatentSpace_v336,Pallidum,8,6,2
LatentSpace_v336,Striatum ventral region,8,3,5
LatentSpace_v336,Lateral septal complex,10,4,6
LatentSpace_v336,Caudoputamen,3,3,0
LatentSpace_v336,Medial amygdalar nucleus,10,7,3
LatentSpace_v336,Hypothalamus,6,9,-3
LatentSpace_v336,Thalamus,4,1,3
LatentSpace_v336,Inferior colliculus,8,9,-1
LatentSpace_v336,"Superior colliculus, sensory related",7,10,-3
LatentSpace_v336,Midbrain raphe nuclei,15,12,3
LatentSpace_v336,Midbrain-other,11,10,1
LatentSpace_v336,Periaqueductal gray,13,11,2
LatentSpace_v336,Pons,11,9,2
LatentSpace_v336,Medulla,14,9,5
LatentSpace_v336,Lingula (I),17,34,-17
LatentSpace_v336,Central lobule,28,34,-6
LatentSpace_v336,Culmen,26,34,-8
LatentSpace_v336,Declive (VI),23,28,-5
LatentSpace_v336,Folium-tuber vermis (VII),23,31,-8
LatentSpace_v336,Pyramus (VIII),24,32,-8
LatentSpace_v336,Uvula (IX),31,34,-3
LatentSpace_v336,Nodulus (X),20,35,-15
LatentSpace_v336,Simple lobule,22,29,-7
LatentSpace_v336,Crus 1,22,26,-4
LatentSpace_v336,Crus 2,22,27,-5
LatentSpace_v336,Paramedian lobule,25,33,-8
LatentSpace_v336,Copula pyramidis,29,34,-5
LatentSpace_v336,Flocculus,27,34,-7
LatentSpace_v336,Paraflocculus,32,36,-4
LatentSpace_v336,Cerebellar nuclei,15,11,4
LatentSpace_v337,Cortical subplate-other,7,15,-8
LatentSpace_v337,Claustrum,28,33,-5
LatentSpace_v337,Endopiriform nucleus,9,32,-23
LatentSpace_v337,Olfactory areas-other,9,33,-24
LatentSpace_v337,Postpiriform transition area,8,27,-19
LatentSpace_v337,Piriform area,10,34,-24
LatentSpace_v337,Taenia tecta,12,28,-16
LatentSpace_v337,Cortical amygdalar area,6,19,-13
LatentSpace_v337,Piriform-amygdalar area,12,28,-16
LatentSpace_v337,Main olfactory bulb,9,10,-1
LatentSpace_v337,Accessory olfactory bulb,21,19,2
LatentSpace_v337,Anterior olfactory nucleus,9,32,-23
LatentSpace_v337,Subiculum,7,35,-28
LatentSpace_v337,Entorhinal area,9,22,-13
LatentSpace_v337,Field CA1,9,25,-16
LatentSpace_v337,Field CA2,9,14,-5
LatentSpace_v337,Field CA3,7,8,-1
LatentSpace_v337,Dentate gyrus,10,3,7
LatentSpace_v337,Anterior cingulate area,34,39,-5
LatentSpace_v337,Infralimbic area,9,26,-17
LatentSpace_v337,Retrosplenial area,24,36,-12
LatentSpace_v337,Prelimbic area,27,35,-8
LatentSpace_v337,Primary auditory area,35,38,-3
LatentSpace_v337,Dorsal auditory area,32,38,-6
LatentSpace_v337,Ventral auditory area,36,38,-2
LatentSpace_v337,Agranular insular area,19,37,-18
LatentSpace_v337,Ectorhinal area,22,33,-11
LatentSpace_v337,Primary motor area,33,38,-5
LatentSpace_v337,Secondary motor area,36,38,-2
LatentSpace_v337,"Frontal pole, cerebral cortex",24,40,-16
LatentSpace_v337,Orbital area,22,35,-13
LatentSpace_v337,Posterior parietal association areas,35,38,-3
LatentSpace_v337,Perirhinal area,20,32,-12
LatentSpace_v337,Primary somatosensory area,25,35,-10
LatentSpace_v337,Supplemental somatosensory area,35,38,-3
LatentSpace_v337,Temporal association areas,32,33,-1
LatentSpace_v337,Visual areas,35,38,-3
LatentSpace_v337,Pallidum,7,6,1
LatentSpace_v337,Striatum ventral region,7,3,4
LatentSpace_v337,Lateral septal complex,8,4,4
LatentSpace_v337,Caudoputamen,3,3,0
LatentSpace_v337,Medial amygdalar nucleus,11,7,4
LatentSpace_v337,Hypothalamus,5,9,-4
LatentSpace_v337,Thalamus,10,1,9
LatentSpace_v337,Inferior colliculus,24,9,15
LatentSpace_v337,"Superior colliculus, sensory related",5,10,-5
LatentSpace_v337,Midbrain raphe nuclei,14,12,2
LatentSpace_v337,Midbrain-other,9,10,-1
LatentSpace_v337,Periaqueductal gray,9,11,-2
LatentSpace_v337,Pons,10,9,1
LatentSpace_v337,Medulla,9,9,0
LatentSpace_v337,Lingula (I),8,34,-26
LatentSpace_v337,Central lobule,15,34,-19
LatentSpace_v337,Culmen,24,34,-10
LatentSpace_v337,Declive (VI),23,28,-5
LatentSpace_v337,Folium-tuber vermis (VII),23,31,-8
LatentSpace_v337,Pyramus (VIII),26,32,-6
LatentSpace_v337,Uvula (IX),13,34,-21
LatentSpace_v337,Nodulus (X),13,35,-22
LatentSpace_v337,Simple lobule,22,29,-7
LatentSpace_v337,Crus 1,22,26,-4
LatentSpace_v337,Crus 2,22,27,-5
LatentSpace_v337,Paramedian lobule,24,33,-9
LatentSpace_v337,Copula pyramidis,30,34,-4
LatentSpace_v337,Flocculus,14,34,-20
LatentSpace_v337,Paraflocculus,24,36,-12
LatentSpace_v337,Cerebellar nuclei,12,11,1
LatentSpace_v338,Cortical subplate-other,9,15,-6
LatentSpace_v338,Claustrum,19,33,-14
LatentSpace_v338,Endopiriform nucleus,11,32,-21
LatentSpace_v338,Olfactory areas-other,22,33,-11
LatentSpace_v338,Postpiriform transition area,12,27,-15
LatentSpace_v338,Piriform area,17,34,-17
LatentSpace_v338,Taenia tecta,11,28,-17
LatentSpace_v338,Cortical amygdalar area,8,19,-11
LatentSpace_v338,Piriform-amygdalar area,12,28,-16
LatentSpace_v338,Main olfactory bulb,25,10,15
LatentSpace_v338,Accessory olfactory bulb,37,19,18
LatentSpace_v338,Anterior olfactory nucleus,7,32,-25
LatentSpace_v338,Subiculum,5,35,-30
LatentSpace_v338,Entorhinal area,12,22,-10
LatentSpace_v338,Field CA1,9,25,-16
LatentSpace_v338,Field CA2,22,14,8
LatentSpace_v338,Field CA3,7,8,-1
LatentSpace_v338,Dentate gyrus,7,3,4
LatentSpace_v338,Anterior cingulate area,38,39,-1
LatentSpace_v338,Infralimbic area,19,26,-7
LatentSpace_v338,Retrosplenial area,27,36,-9
LatentSpace_v338,Prelimbic area,35,35,0
LatentSpace_v338,Primary auditory area,37,38,-1
LatentSpace_v338,Dorsal auditory area,35,38,-3
LatentSpace_v338,Ventral auditory area,39,38,1
LatentSpace_v338,Agranular insular area,28,37,-9
LatentSpace_v338,Ectorhinal area,22,33,-11
LatentSpace_v338,Primary motor area,36,38,-2
LatentSpace_v338,Secondary motor area,37,38,-1
LatentSpace_v338,"Frontal pole, cerebral cortex",39,40,-1
LatentSpace_v338,Orbital area,30,35,-5
LatentSpace_v338,Posterior parietal association areas,35,38,-3
LatentSpace_v338,Perirhinal area,19,32,-13
LatentSpace_v338,Primary somatosensory area,33,35,-2
LatentSpace_v338,Supplemental somatosensory area,38,38,0
LatentSpace_v338,Temporal association areas,35,33,2
LatentSpace_v338,Visual areas,35,38,-3
LatentSpace_v338,Pallidum,10,6,4
LatentSpace_v338,Striatum ventral region,5,3,2
LatentSpace_v338,Lateral septal complex,7,4,3
LatentSpace_v338,Caudoputamen,3,3,0
LatentSpace_v338,Medial amygdalar nucleus,8,7,1
LatentSpace_v338,Hypothalamus,8,9,-1
LatentSpace_v338,Thalamus,2,1,1
LatentSpace_v338,Inferior colliculus,7,9,-2
LatentSpace_v338,"Superior colliculus, sensory related",3,10,-7
LatentSpace_v338,Midbrain raphe nuclei,12,12,0
LatentSpace_v338,Midbrain-other,9,10,-1
LatentSpace_v338,Periaqueductal gray,7,11,-4
LatentSpace_v338,Pons,10,9,1
LatentSpace_v338,Medulla,10,9,1
LatentSpace_v338,Lingula (I),34,34,0
LatentSpace_v338,Central lobule,32,34,-2
LatentSpace_v338,Culmen,25,34,-9
LatentSpace_v338,Declive (VI),23,28,-5
LatentSpace_v338,Folium-tuber vermis (VII),23,31,-8
LatentSpace_v338,Pyramus (VIII),24,32,-8
LatentSpace_v338,Uvula (IX),25,34,-9
LatentSpace_v338,Nodulus (X),32,35,-3
LatentSpace_v338,Simple lobule,23,29,-6
LatentSpace_v338,Crus 1,23,26,-3
LatentSpace_v338,Crus 2,24,27,-3
LatentSpace_v338,Paramedian lobule,25,33,-8
LatentSpace_v338,Copula pyramidis,25,34,-9
LatentSpace_v338,Flocculus,33,34,-1
LatentSpace_v338,Paraflocculus,31,36,-5
LatentSpace_v338,Cerebellar nuclei,33,11,22
LatentSpace_v339,Cortical subplate-other,12,15,-3
LatentSpace_v339,Claustrum,25,33,-8
LatentSpace_v339,Endopiriform nucleus,13,32,-19
LatentSpace_v339,Olfactory areas-other,7,33,-26
LatentSpace_v339,Postpiriform transition area,13,27,-14
LatentSpace_v339,Piriform area,12,34,-22
LatentSpace_v339,Taenia tecta,14,28,-14
LatentSpace_v339,Cortical amygdalar area,12,19,-7
LatentSpace_v339,Piriform-amygdalar area,17,28,-11
LatentSpace_v339,Main olfactory bulb,13,10,3
LatentSpace_v339,Accessory olfactory bulb,8,19,-11
LatentSpace_v339,Anterior olfactory nucleus,7,32,-25
LatentSpace_v339,Subiculum,13,35,-22
LatentSpace_v339,Entorhinal area,13,22,-9
LatentSpace_v339,Field CA1,7,25,-18
LatentSpace_v339,Field CA2,6,14,-8
LatentSpace_v339,Field CA3,6,8,-2
LatentSpace_v339,Dentate gyrus,6,3,3
LatentSpace_v339,Anterior cingulate area,36,39,-3
LatentSpace_v339,Infralimbic area,11,26,-15
LatentSpace_v339,Retrosplenial area,35,36,-1
LatentSpace_v339,Prelimbic area,25,35,-10
LatentSpace_v339,Primary auditory area,36,38,-2
LatentSpace_v339,Dorsal auditory area,35,38,-3
LatentSpace_v339,Ventral auditory area,36,38,-2
LatentSpace_v339,Agranular insular area,22,37,-15
LatentSpace_v339,Ectorhinal area,23,33,-10
LatentSpace_v339,Primary motor area,35,38,-3
LatentSpace_v339,Secondary motor area,35,38,-3
LatentSpace_v339,"Frontal pole, cerebral cortex",35,40,-5
LatentSpace_v339,Orbital area,22,35,-13
LatentSpace_v339,Posterior parietal association areas,35,38,-3
LatentSpace_v339,Perirhinal area,19,32,-13
LatentSpace_v339,Primary somatosensory area,30,35,-5
LatentSpace_v339,Supplemental somatosensory area,35,38,-3
LatentSpace_v339,Temporal association areas,29,33,-4
LatentSpace_v339,Visual areas,35,38,-3
LatentSpace_v339,Pallidum,13,6,7
LatentSpace_v339,Striatum ventral region,8,3,5
LatentSpace_v339,Lateral septal complex,17,4,13
LatentSpace_v339,Caudoputamen,3,3,0
LatentSpace_v339,Medial amygdalar nucleus,13,7,6
LatentSpace_v339,Hypothalamus,12,9,3
LatentSpace_v339,Thalamus,9,1,8
LatentSpace_v339,Inferior colliculus,5,9,-4
LatentSpace_v339,"Superior colliculus, sensory related",4,10,-6
LatentSpace_v339,Midbrain raphe nuclei,16,12,4
LatentSpace_v339,Midbrain-other,9,10,-1
LatentSpace_v339,Periaqueductal gray,11,11,0
LatentSpace_v339,Pons,7,9,-2
LatentSpace_v339,Medulla,8,9,-1
LatentSpace_v339,Lingula (I),13,34,-21
LatentSpace_v339,Central lobule,12,34,-22
LatentSpace_v339,Culmen,28,34,-6
LatentSpace_v339,Declive (VI),23,28,-5
LatentSpace_v339,Folium-tuber vermis (VII),24,31,-7
LatentSpace_v339,Pyramus (VIII),25,32,-7
LatentSpace_v339,Uvula (IX),34,34,0
LatentSpace_v339,Nodulus (X),20,35,-15
LatentSpace_v339,Simple lobule,22,29,-7
LatentSpace_v339,Crus 1,22,26,-4
LatentSpace_v339,Crus 2,21,27,-6
LatentSpace_v339,Paramedian lobule,21,33,-12
LatentSpace_v339,Copula pyramidis,24,34,-10
LatentSpace_v339,Flocculus,24,34,-10
LatentSpace_v339,Paraflocculus,23,36,-13
LatentSpace_v339,Cerebellar nuclei,33,11,22
LatentSpace_v340,Cortical subplate-other,4,15,-11
LatentSpace_v340,Claustrum,35,33,2
LatentSpace_v340,Endopiriform nucleus,3,32,-29
LatentSpace_v340,Olfactory areas-other,5,33,-28
LatentSpace_v340,Postpiriform transition area,7,27,-20
LatentSpace_v340,Piriform area,8,34,-26
LatentSpace_v340,Taenia tecta,12,28,-16
LatentSpace_v340,Cortical amygdalar area,4,19,-15
LatentSpace_v340,Piriform-amygdalar area,5,28,-23
LatentSpace_v340,Main olfactory bulb,22,10,12
LatentSpace_v340,Accessory olfactory bulb,8,19,-11
LatentSpace_v340,Anterior olfactory nucleus,3,32,-29
LatentSpace_v340,Subiculum,2,35,-33
LatentSpace_v340,Entorhinal area,13,22,-9
LatentSpace_v340,Field CA1,6,25,-19
LatentSpace_v340,Field CA2,8,14,-6
LatentSpace_v340,Field CA3,7,8,-1
LatentSpace_v340,Dentate gyrus,8,3,5
LatentSpace_v340,Anterior cingulate area,35,39,-4
LatentSpace_v340,Infralimbic area,11,26,-15
LatentSpace_v340,Retrosplenial area,25,36,-11
LatentSpace_v340,Prelimbic area,26,35,-9
LatentSpace_v340,Primary auditory area,36,38,-2
LatentSpace_v340,Dorsal auditory area,35,38,-3
LatentSpace_v340,Ventral auditory area,36,38,-2
LatentSpace_v340,Agranular insular area,23,37,-14
LatentSpace_v340,Ectorhinal area,26,33,-7
LatentSpace_v340,Primary motor area,36,38,-2
LatentSpace_v340,Secondary motor area,34,38,-4
LatentSpace_v340,"Frontal pole, cerebral cortex",29,40,-11
LatentSpace_v340,Orbital area,23,35,-12
LatentSpace_v340,Posterior parietal association areas,35,38,-3
LatentSpace_v340,Perirhinal area,17,32,-15
LatentSpace_v340,Primary somatosensory area,28,35,-7
LatentSpace_v340,Supplemental somatosensory area,36,38,-2
LatentSpace_v340,Temporal association areas,34,33,1
LatentSpace_v340,Visual areas,34,38,-4
LatentSpace_v340,Pallidum,10,6,4
LatentSpace_v340,Striatum ventral region,5,3,2
LatentSpace_v340,Lateral septal complex,12,4,8
LatentSpace_v340,Caudoputamen,3,3,0
LatentSpace_v340,Medial amygdalar nucleus,10,7,3
LatentSpace_v340,Hypothalamus,14,9,5
LatentSpace_v340,Thalamus,3,1,2
LatentSpace_v340,Inferior colliculus,6,9,-3
LatentSpace_v340,"Superior colliculus, sensory related",11,10,1
LatentSpace_v340,Midbrain raphe nuclei,14,12,2
LatentSpace_v340,Midbrain-other,14,10,4
LatentSpace_v340,Periaqueductal gray,14,11,3
LatentSpace_v340,Pons,12,9,3
LatentSpace_v340,Medulla,12,9,3
LatentSpace_v340,Lingula (I),18,34,-16
LatentSpace_v340,Central lobule,34,34,0
LatentSpace_v340,Culmen,29,34,-5
LatentSpace_v340,Declive (VI),23,28,-5
LatentSpace_v340,Folium-tuber vermis (VII),25,31,-6
LatentSpace_v340,Pyramus (VIII),33,32,1
LatentSpace_v340,Uvula (IX),36,34,2
LatentSpace_v340,Nodulus (X),35,35,0
LatentSpace_v340,Simple lobule,23,29,-6
LatentSpace_v340,Crus 1,23,26,-3
LatentSpace_v340,Crus 2,23,27,-4
LatentSpace_v340,Paramedian lobule,23,33,-10
LatentSpace_v340,Copula pyramidis,28,34,-6
LatentSpace_v340,Flocculus,34,34,0
LatentSpace_v340,Paraflocculus,25,36,-11
LatentSpace_v340,Cerebellar nuclei,16,11,5
LatentSpace_v341,Cortical subplate-other,11,15,-4
LatentSpace_v341,Claustrum,20,33,-13
LatentSpace_v341,Endopiriform nucleus,14,32,-18
LatentSpace_v341,Olfactory areas-other,12,33,-21
LatentSpace_v341,Postpiriform transition area,11,27,-16
LatentSpace_v341,Piriform area,16,34,-18
LatentSpace_v341,Taenia tecta,16,28,-12
LatentSpace_v341,Cortical amygdalar area,10,19,-9
LatentSpace_v341,Piriform-amygdalar area,12,28,-16
LatentSpace_v341,Main olfactory bulb,29,10,19
LatentSpace_v341,Accessory olfactory bulb,25,19,6
LatentSpace_v341,Anterior olfactory nucleus,14,32,-18
LatentSpace_v341,Subiculum,4,35,-31
LatentSpace_v341,Entorhinal area,11,22,-11
LatentSpace_v341,Field CA1,6,25,-19
LatentSpace_v341,Field CA2,7,14,-7
LatentSpace_v341,Field CA3,7,8,-1
LatentSpace_v341,Dentate gyrus,7,3,4
LatentSpace_v341,Anterior cingulate area,33,39,-6
LatentSpace_v341,Infralimbic area,13,26,-13
LatentSpace_v341,Retrosplenial area,31,36,-5
LatentSpace_v341,Prelimbic area,24,35,-11
LatentSpace_v341,Primary auditory area,35,38,-3
LatentSpace_v341,Dorsal auditory area,35,38,-3
LatentSpace_v341,Ventral auditory area,37,38,-1
LatentSpace_v341,Agranular insular area,21,37,-16
LatentSpace_v341,Ectorhinal area,21,33,-12
LatentSpace_v341,Primary motor area,35,38,-3
LatentSpace_v341,Secondary motor area,35,38,-3
LatentSpace_v341,"Frontal pole, cerebral cortex",32,40,-8
LatentSpace_v341,Orbital area,22,35,-13
LatentSpace_v341,Posterior parietal association areas,35,38,-3
LatentSpace_v341,Perirhinal area,12,32,-20
LatentSpace_v341,Primary somatosensory area,30,35,-5
LatentSpace_v341,Supplemental somatosensory area,35,38,-3
LatentSpace_v341,Temporal association areas,27,33,-6
LatentSpace_v341,Visual areas,35,38,-3
LatentSpace_v341,Pallidum,9,6,3
LatentSpace_v341,Striatum ventral region,11,3,8
LatentSpace_v341,Lateral septal complex,10,4,6
LatentSpace_v341,Caudoputamen,3,3,0
LatentSpace_v341,Medial amygdalar nucleus,10,7,3
LatentSpace_v341,Hypothalamus,6,9,-3
LatentSpace_v341,Thalamus,6,1,5
LatentSpace_v341,Inferior colliculus,4,9,-5
LatentSpace_v341,"Superior colliculus, sensory related",5,10,-5
LatentSpace_v341,Midbrain raphe nuclei,10,12,-2
LatentSpace_v341,Midbrain-other,9,10,-1
LatentSpace_v341,Periaqueductal gray,10,11,-1
LatentSpace_v341,Pons,7,9,-2
LatentSpace_v341,Medulla,8,9,-1
LatentSpace_v341,Lingula (I),10,34,-24
LatentSpace_v341,Central lobule,10,34,-24
LatentSpace_v341,Culmen,31,34,-3
LatentSpace_v341,Declive (VI),23,28,-5
LatentSpace_v341,Folium-tuber vermis (VII),23,31,-8
LatentSpace_v341,Pyramus (VIII),24,32,-8
LatentSpace_v341,Uvula (IX),28,34,-6
LatentSpace_v341,Nodulus (X),14,35,-21
LatentSpace_v341,Simple lobule,27,29,-2
LatentSpace_v341,Crus 1,23,26,-3
LatentSpace_v341,Crus 2,23,27,-4
LatentSpace_v341,Paramedian lobule,23,33,-10
LatentSpace_v341,Copula pyramidis,26,34,-8
LatentSpace_v341,Flocculus,33,34,-1
LatentSpace_v341,Paraflocculus,27,36,-9
LatentSpace_v341,Cerebellar nuclei,10,11,-1
LatentSpace_v342,Cortical subplate-other,9,15,-6
LatentSpace_v342,Claustrum,31,33,-2
LatentSpace_v342,Endopiriform nucleus,19,32,-13
LatentSpace_v342,Olfactory areas-other,16,33,-17
LatentSpace_v342,Postpiriform transition area,12,27,-15
LatentSpace_v342,Piriform area,23,34,-11
LatentSpace_v342,Taenia tecta,11,28,-17
LatentSpace_v342,Cortical amygdalar area,11,19,-8
LatentSpace_v342,Piriform-amygdalar area,12,28,-16
LatentSpace_v342,Main olfactory bulb,24,10,14
LatentSpace_v342,Accessory olfactory bulb,51,19,32
LatentSpace_v342,Anterior olfactory nucleus,13,32,-19
LatentSpace_v342,Subiculum,6,35,-29
LatentSpace_v342,Entorhinal area,17,22,-5
LatentSpace_v342,Field CA1,6,25,-19
LatentSpace_v342,Field CA2,7,14,-7
LatentSpace_v342,Field CA3,10,8,2
LatentSpace_v342,Dentate gyrus,8,3,5
LatentSpace_v342,Anterior cingulate area,33,39,-6
LatentSpace_v342,Infralimbic area,10,26,-16
LatentSpace_v342,Retrosplenial area,21,36,-15
LatentSpace_v342,Prelimbic area,26,35,-9
LatentSpace_v342,Primary auditory area,32,38,-6
LatentSpace_v342,Dorsal auditory area,30,38,-8
LatentSpace_v342,Ventral auditory area,35,38,-3
LatentSpace_v342,Agranular insular area,24,37,-13
LatentSpace_v342,Ectorhinal area,23,33,-10
LatentSpace_v342,Primary motor area,35,38,-3
LatentSpace_v342,Secondary motor area,35,38,-3
LatentSpace_v342,"Frontal pole, cerebral cortex",36,40,-4
LatentSpace_v342,Orbital area,23,35,-12
LatentSpace_v342,Posterior parietal association areas,32,38,-6
LatentSpace_v342,Perirhinal area,18,32,-14
LatentSpace_v342,Primary somatosensory area,23,35,-12
LatentSpace_v342,Supplemental somatosensory area,35,38,-3
LatentSpace_v342,Temporal association areas,29,33,-4
LatentSpace_v342,Visual areas,30,38,-8
LatentSpace_v342,Pallidum,7,6,1
LatentSpace_v342,Striatum ventral region,5,3,2
LatentSpace_v342,Lateral septal complex,6,4,2
LatentSpace_v342,Caudoputamen,3,3,0
LatentSpace_v342,Medial amygdalar nucleus,10,7,3
LatentSpace_v342,Hypothalamus,7,9,-2
LatentSpace_v342,Thalamus,6,1,5
LatentSpace_v342,Inferior colliculus,13,9,4
LatentSpace_v342,"Superior colliculus, sensory related",9,10,-1
LatentSpace_v342,Midbrain raphe nuclei,14,12,2
LatentSpace_v342,Midbrain-other,13,10,3
LatentSpace_v342,Periaqueductal gray,12,11,1
LatentSpace_v342,Pons,10,9,1
LatentSpace_v342,Medulla,10,9,1
LatentSpace_v342,Lingula (I),20,34,-14
LatentSpace_v342,Central lobule,23,34,-11
LatentSpace_v342,Culmen,23,34,-11
LatentSpace_v342,Declive (VI),23,28,-5
LatentSpace_v342,Folium-tuber vermis (VII),23,31,-8
LatentSpace_v342,Pyramus (VIII),23,32,-9
LatentSpace_v342,Uvula (IX),18,34,-16
LatentSpace_v342,Nodulus (X),14,35,-21
LatentSpace_v342,Simple lobule,22,29,-7
LatentSpace_v342,Crus 1,22,26,-4
LatentSpace_v342,Crus 2,22,27,-5
LatentSpace_v342,Paramedian lobule,23,33,-10
LatentSpace_v342,Copula pyramidis,23,34,-11
LatentSpace_v342,Flocculus,5,34,-29
LatentSpace_v342,Paraflocculus,10,36,-26
LatentSpace_v342,Cerebellar nuclei,14,11,3
LatentSpace_v343,Cortical subplate-other,9,15,-6
LatentSpace_v343,Claustrum,20,33,-13
LatentSpace_v343,Endopiriform nucleus,13,32,-19
LatentSpace_v343,Olfactory areas-other,11,33,-22
LatentSpace_v343,Postpiriform transition area,12,27,-15
LatentSpace_v343,Piriform area,12,34,-22
LatentSpace_v343,Taenia tecta,14,28,-14
LatentSpace_v343,Cortical amygdalar area,12,19,-7
LatentSpace_v343,Piriform-amygdalar area,11,28,-17
LatentSpace_v343,Main olfactory bulb,8,10,-2
LatentSpace_v343,Accessory olfactory bulb,25,19,6
LatentSpace_v343,Anterior olfactory nucleus,10,32,-22
LatentSpace_v343,Subiculum,8,35,-27
LatentSpace_v343,Entorhinal area,11,22,-11
LatentSpace_v343,Field CA1,9,25,-16
LatentSpace_v343,Field CA2,20,14,6
LatentSpace_v343,Field CA3,6,8,-2
LatentSpace_v343,Dentate gyrus,7,3,4
LatentSpace_v343,Anterior cingulate area,34,39,-5
LatentSpace_v343,Infralimbic area,23,26,-3
LatentSpace_v343,Retrosplenial area,29,36,-7
LatentSpace_v343,Prelimbic area,25,35,-10
LatentSpace_v343,Primary auditory area,36,38,-2
LatentSpace_v343,Dorsal auditory area,35,38,-3
LatentSpace_v343,Ventral auditory area,36,38,-2
LatentSpace_v343,Agranular insular area,24,37,-13
LatentSpace_v343,Ectorhinal area,22,33,-11
LatentSpace_v343,Primary motor area,35,38,-3
LatentSpace_v343,Secondary motor area,35,38,-3
LatentSpace_v343,"Frontal pole, cerebral cortex",33,40,-7
LatentSpace_v343,Orbital area,27,35,-8
LatentSpace_v343,Posterior parietal association areas,35,38,-3
LatentSpace_v343,Perirhinal area,12,32,-20
LatentSpace_v343,Primary somatosensory area,31,35,-4
LatentSpace_v343,Supplemental somatosensory area,35,38,-3
LatentSpace_v343,Temporal association areas,27,33,-6
LatentSpace_v343,Visual areas,35,38,-3
LatentSpace_v343,Pallidum,9,6,3
LatentSpace_v343,Striatum ventral region,5,3,2
LatentSpace_v343,Lateral septal complex,7,4,3
LatentSpace_v343,Caudoputamen,3,3,0
LatentSpace_v343,Medial amygdalar nucleus,11,7,4
LatentSpace_v343,Hypothalamus,7,9,-2
LatentSpace_v343,Thalamus,5,1,4
LatentSpace_v343,Inferior colliculus,7,9,-2
LatentSpace_v343,"Superior colliculus, sensory related",6,10,-4
LatentSpace_v343,Midbrain raphe nuclei,15,12,3
LatentSpace_v343,Midbrain-other,12,10,2
LatentSpace_v343,Periaqueductal gray,10,11,-1
LatentSpace_v343,Pons,10,9,1
LatentSpace_v343,Medulla,26,9,17
LatentSpace_v343,Lingula (I),12,34,-22
LatentSpace_v343,Central lobule,18,34,-16
LatentSpace_v343,Culmen,30,34,-4
LatentSpace_v343,Declive (VI),27,28,-1
LatentSpace_v343,Folium-tuber vermis (VII),28,31,-3
LatentSpace_v343,Pyramus (VIII),31,32,-1
LatentSpace_v343,Uvula (IX),31,34,-3
LatentSpace_v343,Nodulus (X),18,35,-17
LatentSpace_v343,Simple lobule,24,29,-5
LatentSpace_v343,Crus 1,22,26,-4
LatentSpace_v343,Crus 2,22,27,-5
LatentSpace_v343,Paramedian lobule,25,33,-8
LatentSpace_v343,Copula pyramidis,28,34,-6
LatentSpace_v343,Flocculus,31,34,-3
LatentSpace_v343,Paraflocculus,24,36,-12
LatentSpace_v343,Cerebellar nuclei,33,11,22
LatentSpace_v344,Cortical subplate-other,12,15,-3
LatentSpace_v344,Claustrum,26,33,-7
LatentSpace_v344,Endopiriform nucleus,19,32,-13
LatentSpace_v344,Olfactory areas-other,7,33,-26
LatentSpace_v344,Postpiriform transition area,13,27,-14
LatentSpace_v344,Piriform area,16,34,-18
LatentSpace_v344,Taenia tecta,12,28,-16
LatentSpace_v344,Cortical amygdalar area,12,19,-7
LatentSpace_v344,Piriform-amygdalar area,12,28,-16
LatentSpace_v344,Main olfactory bulb,18,10,8
LatentSpace_v344,Accessory olfactory bulb,36,19,17
LatentSpace_v344,Anterior olfactory nucleus,7,32,-25
LatentSpace_v344,Subiculum,6,35,-29
LatentSpace_v344,Entorhinal area,16,22,-6
LatentSpace_v344,Field CA1,7,25,-18
LatentSpace_v344,Field CA2,9,14,-5
LatentSpace_v344,Field CA3,6,8,-2
LatentSpace_v344,Dentate gyrus,7,3,4
LatentSpace_v344,Anterior cingulate area,33,39,-6
LatentSpace_v344,Infralimbic area,8,26,-18
LatentSpace_v344,Retrosplenial area,22,36,-14
LatentSpace_v344,Prelimbic area,25,35,-10
LatentSpace_v344,Primary auditory area,37,38,-1
LatentSpace_v344,Dorsal auditory area,35,38,-3
LatentSpace_v344,Ventral auditory area,37,38,-1
LatentSpace_v344,Agranular insular area,16,37,-21
LatentSpace_v344,Ectorhinal area,23,33,-10
LatentSpace_v344,Primary motor area,35,38,-3
LatentSpace_v344,Secondary motor area,35,38,-3
LatentSpace_v344,"Frontal pole, cerebral cortex",26,40,-14
LatentSpace_v344,Orbital area,19,35,-16
LatentSpace_v344,Posterior parietal association areas,31,38,-7
LatentSpace_v344,Perirhinal area,20,32,-12
LatentSpace_v344,Primary somatosensory area,31,35,-4
LatentSpace_v344,Supplemental somatosensory area,37,38,-1
LatentSpace_v344,Temporal association areas,32,33,-1
LatentSpace_v344,Visual areas,35,38,-3
LatentSpace_v344,Pallidum,8,6,2
LatentSpace_v344,Striatum ventral region,7,3,4
LatentSpace_v344,Lateral septal complex,6,4,2
LatentSpace_v344,Caudoputamen,3,3,0
LatentSpace_v344,Medial amygdalar nucleus,10,7,3
LatentSpace_v344,Hypothalamus,11,9,2
LatentSpace_v344,Thalamus,2,1,1
LatentSpace_v344,Inferior colliculus,5,9,-4
LatentSpace_v344,"Superior colliculus, sensory related",12,10,2
LatentSpace_v344,Midbrain raphe nuclei,12,12,0
LatentSpace_v344,Midbrain-other,12,10,2
LatentSpace_v344,Periaqueductal gray,12,11,1
LatentSpace_v344,Pons,8,9,-1
LatentSpace_v344,Medulla,11,9,2
LatentSpace_v344,Lingula (I),9,34,-25
LatentSpace_v344,Central lobule,21,34,-13
LatentSpace_v344,Culmen,25,34,-9
LatentSpace_v344,Declive (VI),23,28,-5
LatentSpace_v344,Folium-tuber vermis (VII),25,31,-6
LatentSpace_v344,Pyramus (VIII),33,32,1
LatentSpace_v344,Uvula (IX),20,34,-14
LatentSpace_v344,Nodulus (X),11,35,-24
LatentSpace_v344,Simple lobule,22,29,-7
LatentSpace_v344,Crus 1,22,26,-4
LatentSpace_v344,Crus 2,23,27,-4
LatentSpace_v344,Paramedian lobule,26,33,-7
LatentSpace_v344,Copula pyramidis,32,34,-2
LatentSpace_v344,Flocculus,17,34,-17
LatentSpace_v344,Paraflocculus,24,36,-12
LatentSpace_v344,Cerebellar nuclei,12,11,1
LatentSpace_v345,Cortical subplate-other,6,15,-9
LatentSpace_v345,Claustrum,19,33,-14
LatentSpace_v345,Endopiriform nucleus,7,32,-25
LatentSpace_v345,Olfactory areas-other,13,33,-20
LatentSpace_v345,Postpiriform transition area,7,27,-20
LatentSpace_v345,Piriform area,6,34,-28
LatentSpace_v345,Taenia tecta,12,28,-16
LatentSpace_v345,Cortical amygdalar area,2,19,-17
LatentSpace_v345,Piriform-amygdalar area,5,28,-23
LatentSpace_v345,Main olfactory bulb,11,10,1
LatentSpace_v345,Accessory olfactory bulb,3,19,-16
LatentSpace_v345,Anterior olfactory nucleus,11,32,-21
LatentSpace_v345,Subiculum,7,35,-28
LatentSpace_v345,Entorhinal area,9,22,-13
LatentSpace_v345,Field CA1,7,25,-18
LatentSpace_v345,Field CA2,7,14,-7
LatentSpace_v345,Field CA3,5,8,-3
LatentSpace_v345,Dentate gyrus,6,3,3
LatentSpace_v345,Anterior cingulate area,38,39,-1
LatentSpace_v345,Infralimbic area,11,26,-15
LatentSpace_v345,Retrosplenial area,28,36,-8
LatentSpace_v345,Prelimbic area,27,35,-8
LatentSpace_v345,Primary auditory area,36,38,-2
LatentSpace_v345,Dorsal auditory area,35,38,-3
LatentSpace_v345,Ventral auditory area,36,38,-2
LatentSpace_v345,Agranular insular area,23,37,-14
LatentSpace_v345,Ectorhinal area,22,33,-11
LatentSpace_v345,Primary motor area,35,38,-3
LatentSpace_v345,Secondary motor area,36,38,-2
LatentSpace_v345,"Frontal pole, cerebral cortex",36,40,-4
LatentSpace_v345,Orbital area,22,35,-13
LatentSpace_v345,Posterior parietal association areas,35,38,-3
LatentSpace_v345,Perirhinal area,10,32,-22
LatentSpace_v345,Primary somatosensory area,34,35,-1
LatentSpace_v345,Supplemental somatosensory area,37,38,-1
LatentSpace_v345,Temporal association areas,27,33,-6
LatentSpace_v345,Visual areas,35,38,-3
LatentSpace_v345,Pallidum,10,6,4
LatentSpace_v345,Striatum ventral region,6,3,3
LatentSpace_v345,Lateral septal complex,5,4,1
LatentSpace_v345,Caudoputamen,3,3,0
LatentSpace_v345,Medial amygdalar nucleus,9,7,2
LatentSpace_v345,Hypothalamus,12,9,3
LatentSpace_v345,Thalamus,6,1,5
LatentSpace_v345,Inferior colliculus,22,9,13
LatentSpace_v345,"Superior colliculus, sensory related",4,10,-6
LatentSpace_v345,Midbrain raphe nuclei,14,12,2
LatentSpace_v345,Midbrain-other,11,10,1
LatentSpace_v345,Periaqueductal gray,11,11,0
LatentSpace_v345,Pons,12,9,3
LatentSpace_v345,Medulla,23,9,14
LatentSpace_v345,Lingula (I),9,34,-25
LatentSpace_v345,Central lobule,22,34,-12
LatentSpace_v345,Culmen,25,34,-9
LatentSpace_v345,Declive (VI),23,28,-5
LatentSpace_v345,Folium-tuber vermis (VII),23,31,-8
LatentSpace_v345,Pyramus (VIII),23,32,-9
LatentSpace_v345,Uvula (IX),27,34,-7
LatentSpace_v345,Nodulus (X),11,35,-24
LatentSpace_v345,Simple lobule,22,29,-7
LatentSpace_v345,Crus 1,22,26,-4
LatentSpace_v345,Crus 2,22,27,-5
LatentSpace_v345,Paramedian lobule,23,33,-10
LatentSpace_v345,Copula pyramidis,23,34,-11
LatentSpace_v345,Flocculus,30,34,-4
LatentSpace_v345,Paraflocculus,29,36,-7
LatentSpace_v345,Cerebellar nuclei,32,11,21
LatentSpace_v346,Cortical subplate-other,7,15,-8
LatentSpace_v346,Claustrum,26,33,-7
LatentSpace_v346,Endopiriform nucleus,10,32,-22
LatentSpace_v346,Olfactory areas-other,21,33,-12
LatentSpace_v346,Postpiriform transition area,8,27,-19
LatentSpace_v346,Piriform area,11,34,-23
LatentSpace_v346,Taenia tecta,14,28,-14
LatentSpace_v346,Cortical amygdalar area,3,19,-16
LatentSpace_v346,Piriform-amygdalar area,7,28,-21
LatentSpace_v346,Main olfactory bulb,14,10,4
LatentSpace_v346,Accessory olfactory bulb,16,19,-3
LatentSpace_v346,Anterior olfactory nucleus,13,32,-19
LatentSpace_v346,Subiculum,4,35,-31
LatentSpace_v346,Entorhinal area,12,22,-10
LatentSpace_v346,Field CA1,8,25,-17
LatentSpace_v346,Field CA2,10,14,-4
LatentSpace_v346,Field CA3,9,8,1
LatentSpace_v346,Dentate gyrus,10,3,7
LatentSpace_v346,Anterior cingulate area,34,39,-5
LatentSpace_v346,Infralimbic area,10,26,-16
LatentSpace_v346,Retrosplenial area,22,36,-14
LatentSpace_v346,Prelimbic area,28,35,-7
LatentSpace_v346,Primary auditory area,35,38,-3
LatentSpace_v346,Dorsal auditory area,35,38,-3
LatentSpace_v346,Ventral auditory area,36,38,-2
LatentSpace_v346,Agranular insular area,21,37,-16
LatentSpace_v346,Ectorhinal area,22,33,-11
LatentSpace_v346,Primary motor area,35,38,-3
LatentSpace_v346,Secondary motor area,35,38,-3
LatentSpace_v346,"Frontal pole, cerebral cortex",30,40,-10
LatentSpace_v346,Orbital area,28,35,-7
LatentSpace_v346,Posterior parietal association areas,30,38,-8
LatentSpace_v346,Perirhinal area,20,32,-12
LatentSpace_v346,Primary somatosensory area,26,35,-9
LatentSpace_v346,Supplemental somatosensory area,36,38,-2
LatentSpace_v346,Temporal association areas,30,33,-3
LatentSpace_v346,Visual areas,32,38,-6
LatentSpace_v346,Pallidum,11,6,5
LatentSpace_v346,Striatum ventral region,7,3,4
LatentSpace_v346,Lateral septal complex,8,4,4
LatentSpace_v346,Caudoputamen,3,3,0
LatentSpace_v346,Medial amygdalar nucleus,8,7,1
LatentSpace_v346,Hypothalamus,11,9,2
LatentSpace_v346,Thalamus,11,1,10
LatentSpace_v346,Inferior colliculus,7,9,-2
LatentSpace_v346,"Superior colliculus, sensory related",8,10,-2
LatentSpace_v346,Midbrain raphe nuclei,14,12,2
LatentSpace_v346,Midbrain-other,13,10,3
LatentSpace_v346,Periaqueductal gray,13,11,2
LatentSpace_v346,Pons,9,9,0
LatentSpace_v346,Medulla,11,9,2
LatentSpace_v346,Lingula (I),12,34,-22
LatentSpace_v346,Central lobule,13,34,-21
LatentSpace_v346,Culmen,21,34,-13
LatentSpace_v346,Declive (VI),23,28,-5
LatentSpace_v346,Folium-tuber vermis (VII),23,31,-8
LatentSpace_v346,Pyramus (VIII),23,32,-9
LatentSpace_v346,Uvula (IX),30,34,-4
LatentSpace_v346,Nodulus (X),18,35,-17
LatentSpace_v346,Simple lobule,22,29,-7
LatentSpace_v346,Crus 1,22,26,-4
LatentSpace_v346,Crus 2,21,27,-6
LatentSpace_v346,Paramedian lobule,21,33,-12
LatentSpace_v346,Copula pyramidis,23,34,-11
LatentSpace_v346,Flocculus,34,34,0
LatentSpace_v346,Paraflocculus,23,36,-13
LatentSpace_v346,Cerebellar nuclei,24,11,13
LatentSpace_v347,Cortical subplate-other,5,15,-10
LatentSpace_v347,Claustrum,21,33,-12
LatentSpace_v347,Endopiriform nucleus,10,32,-22
LatentSpace_v347,Olfactory areas-other,13,33,-20
LatentSpace_v347,Postpiriform transition area,7,27,-20
LatentSpace_v347,Piriform area,18,34,-16
LatentSpace_v347,Taenia tecta,12,28,-16
LatentSpace_v347,Cortical amygdalar area,3,19,-16
LatentSpace_v347,Piriform-amygdalar area,7,28,-21
LatentSpace_v347,Main olfactory bulb,25,10,15
LatentSpace_v347,Accessory olfactory bulb,29,19,10
LatentSpace_v347,Anterior olfactory nucleus,12,32,-20
LatentSpace_v347,Subiculum,2,35,-33
LatentSpace_v347,Entorhinal area,9,22,-13
LatentSpace_v347,Field CA1,5,25,-20
LatentSpace_v347,Field CA2,7,14,-7
LatentSpace_v347,Field CA3,6,8,-2
LatentSpace_v347,Dentate gyrus,6,3,3
LatentSpace_v347,Anterior cingulate area,37,39,-2
LatentSpace_v347,Infralimbic area,8,26,-18
LatentSpace_v347,Retrosplenial area,25,36,-11
LatentSpace_v347,Prelimbic area,29,35,-6
LatentSpace_v347,Primary auditory area,36,38,-2
LatentSpace_v347,Dorsal auditory area,35,38,-3
LatentSpace_v347,Ventral auditory area,38,38,0
LatentSpace_v347,Agranular insular area,25,37,-12
LatentSpace_v347,Ectorhinal area,23,33,-10
LatentSpace_v347,Primary motor area,35,38,-3
LatentSpace_v347,Secondary motor area,36,38,-2
LatentSpace_v347,"Frontal pole, cerebral cortex",32,40,-8
LatentSpace_v347,Orbital area,29,35,-6
LatentSpace_v347,Posterior parietal association areas,35,38,-3
LatentSpace_v347,Perirhinal area,17,32,-15
LatentSpace_v347,Primary somatosensory area,32,35,-3
LatentSpace_v347,Supplemental somatosensory area,37,38,-1
LatentSpace_v347,Temporal association areas,36,33,3
LatentSpace_v347,Visual areas,35,38,-3
LatentSpace_v347,Pallidum,7,6,1
LatentSpace_v347,Striatum ventral region,6,3,3
LatentSpace_v347,Lateral septal complex,9,4,5
LatentSpace_v347,Caudoputamen,3,3,0
LatentSpace_v347,Medial amygdalar nucleus,8,7,1
LatentSpace_v347,Hypothalamus,13,9,4
LatentSpace_v347,Thalamus,9,1,8
LatentSpace_v347,Inferior colliculus,8,9,-1
LatentSpace_v347,"Superior colliculus, sensory related",11,10,1
LatentSpace_v347,Midbrain raphe nuclei,14,12,2
LatentSpace_v347,Midbrain-other,14,10,4
LatentSpace_v347,Periaqueductal gray,14,11,3
LatentSpace_v347,Pons,11,9,2
LatentSpace_v347,Medulla,7,9,-2
LatentSpace_v347,Lingula (I),13,34,-21
LatentSpace_v347,Central lobule,11,34,-23
LatentSpace_v347,Culmen,30,34,-4
LatentSpace_v347,Declive (VI),23,28,-5
LatentSpace_v347,Folium-tuber vermis (VII),23,31,-8
LatentSpace_v347,Pyramus (VIII),23,32,-9
LatentSpace_v347,Uvula (IX),12,34,-22
LatentSpace_v347,Nodulus (X),15,35,-20
LatentSpace_v347,Simple lobule,23,29,-6
LatentSpace_v347,Crus 1,22,26,-4
LatentSpace_v347,Crus 2,22,27,-5
LatentSpace_v347,Paramedian lobule,23,33,-10
LatentSpace_v347,Copula pyramidis,23,34,-11
LatentSpace_v347,Flocculus,9,34,-25
LatentSpace_v347,Paraflocculus,24,36,-12
LatentSpace_v347,Cerebellar nuclei,26,11,15
LatentSpace_v348,Cortical subplate-other,6,15,-9
LatentSpace_v348,Claustrum,27,33,-6
LatentSpace_v348,Endopiriform nucleus,10,32,-22
LatentSpace_v348,Olfactory areas-other,11,33,-22
LatentSpace_v348,Postpiriform transition area,12,27,-15
LatentSpace_v348,Piriform area,11,34,-23
LatentSpace_v348,Taenia tecta,11,28,-17
LatentSpace_v348,Cortical amygdalar area,6,19,-13
LatentSpace_v348,Piriform-amygdalar area,9,28,-19
LatentSpace_v348,Main olfactory bulb,5,10,-5
LatentSpace_v348,Accessory olfactory bulb,38,19,19
LatentSpace_v348,Anterior olfactory nucleus,11,32,-21
LatentSpace_v348,Subiculum,6,35,-29
LatentSpace_v348,Entorhinal area,17,22,-5
LatentSpace_v348,Field CA1,6,25,-19
LatentSpace_v348,Field CA2,8,14,-6
LatentSpace_v348,Field CA3,6,8,-2
LatentSpace_v348,Dentate gyrus,8,3,5
LatentSpace_v348,Anterior cingulate area,38,39,-1
LatentSpace_v348,Infralimbic area,11,26,-15
LatentSpace_v348,Retrosplenial area,25,36,-11
LatentSpace_v348,Prelimbic area,29,35,-6
LatentSpace_v348,Primary auditory area,35,38,-3
LatentSpace_v348,Dorsal auditory area,35,38,-3
LatentSpace_v348,Ventral auditory area,37,38,-1
LatentSpace_v348,Agranular insular area,21,37,-16
LatentSpace_v348,Ectorhinal area,25,33,-8
LatentSpace_v348,Primary motor area,35,38,-3
LatentSpace_v348,Secondary motor area,37,38,-1
LatentSpace_v348,"Frontal pole, cerebral cortex",35,40,-5
LatentSpace_v348,Orbital area,24,35,-11
LatentSpace_v348,Posterior parietal association areas,35,38,-3
LatentSpace_v348,Perirhinal area,23,32,-9
LatentSpace_v348,Primary somatosensory area,32,35,-3
LatentSpace_v348,Supplemental somatosensory area,36,38,-2
LatentSpace_v348,Temporal association areas,34,33,1
LatentSpace_v348,Visual areas,35,38,-3
LatentSpace_v348,Pallidum,6,6,0
LatentSpace_v348,Striatum ventral region,6,3,3
LatentSpace_v348,Lateral septal complex,8,4,4
LatentSpace_v348,Caudoputamen,3,3,0
LatentSpace_v348,Medial amygdalar nucleus,9,7,2
LatentSpace_v348,Hypothalamus,9,9,0
LatentSpace_v348,Thalamus,3,1,2
LatentSpace_v348,Inferior colliculus,17,9,8
LatentSpace_v348,"Superior colliculus, sensory related",6,10,-4
LatentSpace_v348,Midbrain raphe nuclei,14,12,2
LatentSpace_v348,Midbrain-other,13,10,3
LatentSpace_v348,Periaqueductal gray,11,11,0
LatentSpace_v348,Pons,9,9,0
LatentSpace_v348,Medulla,22,9,13
LatentSpace_v348,Lingula (I),11,34,-23
LatentSpace_v348,Central lobule,11,34,-23
LatentSpace_v348,Culmen,24,34,-10
LatentSpace_v348,Declive (VI),22,28,-6
LatentSpace_v348,Folium-tuber vermis (VII),23,31,-8
LatentSpace_v348,Pyramus (VIII),23,32,-9
LatentSpace_v348,Uvula (IX),34,34,0
LatentSpace_v348,Nodulus (X),21,35,-14
LatentSpace_v348,Simple lobule,22,29,-7
LatentSpace_v348,Crus 1,22,26,-4
LatentSpace_v348,Crus 2,22,27,-5
LatentSpace_v348,Paramedian lobule,23,33,-10
LatentSpace_v348,Copula pyramidis,24,34,-10
LatentSpace_v348,Flocculus,25,34,-9
LatentSpace_v348,Paraflocculus,23,36,-13
LatentSpace_v348,Cerebellar nuclei,33,11,22
LatentSpace_v349,Cortical subplate-other,11,15,-4
LatentSpace_v349,Claustrum,24,33,-9
LatentSpace_v349,Endopiriform nucleus,12,32,-20
LatentSpace_v349,Olfactory areas-other,8,33,-25
LatentSpace_v349,Postpiriform transition area,17,27,-10
LatentSpace_v349,Piriform area,13,34,-21
LatentSpace_v349,Taenia tecta,11,28,-17
LatentSpace_v349,Cortical amygdalar area,12,19,-7
LatentSpace_v349,Piriform-amygdalar area,11,28,-17
LatentSpace_v349,Main olfactory bulb,9,10,-1
LatentSpace_v349,Accessory olfactory bulb,35,19,16
LatentSpace_v349,Anterior olfactory nucleus,4,32,-28
LatentSpace_v349,Subiculum,6,35,-29
LatentSpace_v349,Entorhinal area,21,22,-1
LatentSpace_v349,Field CA1,7,25,-18
LatentSpace_v349,Field CA2,7,14,-7
LatentSpace_v349,Field CA3,6,8,-2
LatentSpace_v349,Dentate gyrus,9,3,6
LatentSpace_v349,Anterior cingulate area,37,39,-2
LatentSpace_v349,Infralimbic area,9,26,-17
LatentSpace_v349,Retrosplenial area,25,36,-11
LatentSpace_v349,Prelimbic area,28,35,-7
LatentSpace_v349,Primary auditory area,35,38,-3
LatentSpace_v349,Dorsal auditory area,35,38,-3
LatentSpace_v349,Ventral auditory area,38,38,0
LatentSpace_v349,Agranular insular area,23,37,-14
LatentSpace_v349,Ectorhinal area,24,33,-9
LatentSpace_v349,Primary motor area,35,38,-3
LatentSpace_v349,Secondary motor area,36,38,-2
LatentSpace_v349,"Frontal pole, cerebral cortex",31,40,-9
LatentSpace_v349,Orbital area,26,35,-9
LatentSpace_v349,Posterior parietal association areas,35,38,-3
LatentSpace_v349,Perirhinal area,21,32,-11
LatentSpace_v349,Primary somatosensory area,23,35,-12
LatentSpace_v349,Supplemental somatosensory area,37,38,-1
LatentSpace_v349,Temporal association areas,32,33,-1
LatentSpace_v349,Visual areas,31,38,-7
LatentSpace_v349,Pallidum,10,6,4
LatentSpace_v349,Striatum ventral region,7,3,4
LatentSpace_v349,Lateral septal complex,9,4,5
LatentSpace_v349,Caudoputamen,3,3,0
LatentSpace_v349,Medial amygdalar nucleus,13,7,6
LatentSpace_v349,Hypothalamus,14,9,5
LatentSpace_v349,Thalamus,5,1,4
LatentSpace_v349,Inferior colliculus,6,9,-3
LatentSpace_v349,"Superior colliculus, sensory related",11,10,1
LatentSpace_v349,Midbrain raphe nuclei,16,12,4
LatentSpace_v349,Midbrain-other,14,10,4
LatentSpace_v349,Periaqueductal gray,12,11,1
LatentSpace_v349,Pons,10,9,1
LatentSpace_v349,Medulla,22,9,13
LatentSpace_v349,Lingula (I),13,34,-21
LatentSpace_v349,Central lobule,13,34,-21
LatentSpace_v349,Culmen,27,34,-7
LatentSpace_v349,Declive (VI),23,28,-5
LatentSpace_v349,Folium-tuber vermis (VII),23,31,-8
LatentSpace_v349,Pyramus (VIII),25,32,-7
LatentSpace_v349,Uvula (IX),32,34,-2
LatentSpace_v349,Nodulus (X),17,35,-18
LatentSpace_v349,Simple lobule,22,29,-7
LatentSpace_v349,Crus 1,22,26,-4
LatentSpace_v349,Crus 2,22,27,-5
LatentSpace_v349,Paramedian lobule,23,33,-10
LatentSpace_v349,Copula pyramidis,25,34,-9
LatentSpace_v349,Flocculus,32,34,-2
LatentSpace_v349,Paraflocculus,23,36,-13
LatentSpace_v349,Cerebellar nuclei,21,11,10
LatentSpace_v350,Cortical subplate-other,4,15,-11
LatentSpace_v350,Claustrum,29,33,-4
LatentSpace_v350,Endopiriform nucleus,23,32,-9
LatentSpace_v350,Olfactory areas-other,14,33,-19
LatentSpace_v350,Postpiriform transition area,7,27,-20
LatentSpace_v350,Piriform area,23,34,-11
LatentSpace_v350,Taenia tecta,11,28,-17
LatentSpace_v350,Cortical amygdalar area,4,19,-15
LatentSpace_v350,Piriform-amygdalar area,9,28,-19
LatentSpace_v350,Main olfactory bulb,8,10,-2
LatentSpace_v350,Accessory olfactory bulb,22,19,3
LatentSpace_v350,Anterior olfactory nucleus,9,32,-23
LatentSpace_v350,Subiculum,8,35,-27
LatentSpace_v350,Entorhinal area,12,22,-10
LatentSpace_v350,Field CA1,8,25,-17
LatentSpace_v350,Field CA2,9,14,-5
LatentSpace_v350,Field CA3,4,8,-4
LatentSpace_v350,Dentate gyrus,7,3,4
LatentSpace_v350,Anterior cingulate area,39,39,0
LatentSpace_v350,Infralimbic area,12,26,-14
LatentSpace_v350,Retrosplenial area,31,36,-5
LatentSpace_v350,Prelimbic area,30,35,-5
LatentSpace_v350,Primary auditory area,39,38,1
LatentSpace_v350,Dorsal auditory area,37,38,-1
LatentSpace_v350,Ventral auditory area,38,38,0
LatentSpace_v350,Agranular insular area,28,37,-9
LatentSpace_v350,Ectorhinal area,24,33,-9
LatentSpace_v350,Primary motor area,36,38,-2
LatentSpace_v350,Secondary motor area,39,38,1
LatentSpace_v350,"Frontal pole, cerebral cortex",37,40,-3
LatentSpace_v350,Orbital area,32,35,-3
LatentSpace_v350,Posterior parietal association areas,38,38,0
LatentSpace_v350,Perirhinal area,24,32,-8
LatentSpace_v350,Primary somatosensory area,33,35,-2
LatentSpace_v350,Supplemental somatosensory area,37,38,-1
LatentSpace_v350,Temporal association areas,31,33,-2
LatentSpace_v350,Visual areas,37,38,-1
LatentSpace_v350,Pallidum,6,6,0
LatentSpace_v350,Striatum ventral region,3,3,0
LatentSpace_v350,Lateral septal complex,4,4,0
LatentSpace_v350,Caudoputamen,3,3,0
LatentSpace_v350,Medial amygdalar nucleus,6,7,-1
LatentSpace_v350,Hypothalamus,7,9,-2
LatentSpace_v350,Thalamus,4,1,3
LatentSpace_v350,Inferior colliculus,10,9,1
LatentSpace_v350,"Superior colliculus, sensory related",9,10,-1
LatentSpace_v350,Midbrain raphe nuclei,15,12,3
LatentSpace_v350,Midbrain-other,11,10,1
LatentSpace_v350,Periaqueductal gray,11,11,0
LatentSpace_v350,Pons,8,9,-1
LatentSpace_v350,Medulla,9,9,0
LatentSpace_v350,Lingula (I),13,34,-21
LatentSpace_v350,Central lobule,22,34,-12
LatentSpace_v350,Culmen,26,34,-8
LatentSpace_v350,Declive (VI),22,28,-6
LatentSpace_v350,Folium-tuber vermis (VII),22,31,-9
LatentSpace_v350,Pyramus (VIII),23,32,-9
LatentSpace_v350,Uvula (IX),28,34,-6
LatentSpace_v350,Nodulus (X),19,35,-16
LatentSpace_v350,Simple lobule,22,29,-7
LatentSpace_v350,Crus 1,22,26,-4
LatentSpace_v350,Crus 2,22,27,-5
LatentSpace_v350,Paramedian lobule,22,33,-11
LatentSpace_v350,Copula pyramidis,23,34,-11
LatentSpace_v350,Flocculus,26,34,-8
LatentSpace_v350,Paraflocculus,23,36,-13
LatentSpace_v350,Cerebellar nuclei,17,11,6
LatentSpace_v351,Cortical subplate-other,10,15,-5
LatentSpace_v351,Claustrum,11,33,-22
LatentSpace_v351,Endopiriform nucleus,14,32,-18
LatentSpace_v351,Olfactory areas-other,22,33,-11
LatentSpace_v351,Postpiriform transition area,16,27,-11
LatentSpace_v351,Piriform area,11,34,-23
LatentSpace_v351,Taenia tecta,12,28,-16
LatentSpace_v351,Cortical amygdalar area,13,19,-6
LatentSpace_v351,Piriform-amygdalar area,16,28,-12
LatentSpace_v351,Main olfactory bulb,35,10,25
LatentSpace_v351,Accessory olfactory bulb,39,19,20
LatentSpace_v351,Anterior olfactory nucleus,18,32,-14
LatentSpace_v351,Subiculum,6,35,-29
LatentSpace_v351,Entorhinal area,13,22,-9
LatentSpace_v351,Field CA1,14,25,-11
LatentSpace_v351,Field CA2,23,14,9
LatentSpace_v351,Field CA3,8,8,0
LatentSpace_v351,Dentate gyrus,9,3,6
LatentSpace_v351,Anterior cingulate area,38,39,-1
LatentSpace_v351,Infralimbic area,12,26,-14
LatentSpace_v351,Retrosplenial area,25,36,-11
LatentSpace_v351,Prelimbic area,30,35,-5
LatentSpace_v351,Primary auditory area,35,38,-3
LatentSpace_v351,Dorsal auditory area,32,38,-6
LatentSpace_v351,Ventral auditory area,36,38,-2
LatentSpace_v351,Agranular insular area,23,37,-14
LatentSpace_v351,Ectorhinal area,17,33,-16
LatentSpace_v351,Primary motor area,35,38,-3
LatentSpace_v351,Secondary motor area,35,38,-3
LatentSpace_v351,"Frontal pole, cerebral cortex",35,40,-5
LatentSpace_v351,Orbital area,27,35,-8
LatentSpace_v351,Posterior parietal association areas,31,38,-7
LatentSpace_v351,Perirhinal area,17,32,-15
LatentSpace_v351,Primary somatosensory area,25,35,-10
LatentSpace_v351,Supplemental somatosensory area,36,38,-2
LatentSpace_v351,Temporal association areas,29,33,-4
LatentSpace_v351,Visual areas,28,38,-10
LatentSpace_v351,Pallidum,12,6,6
LatentSpace_v351,Striatum ventral region,6,3,3
LatentSpace_v351,Lateral septal complex,8,4,4
LatentSpace_v351,Caudoputamen,3,3,0
LatentSpace_v351,Medial amygdalar nucleus,9,7,2
LatentSpace_v351,Hypothalamus,13,9,4
LatentSpace_v351,Thalamus,10,1,9
LatentSpace_v351,Inferior colliculus,11,9,2
LatentSpace_v351,"Superior colliculus, sensory related",11,10,1
LatentSpace_v351,Midbrain raphe nuclei,14,12,2
LatentSpace_v351,Midbrain-other,14,10,4
LatentSpace_v351,Periaqueductal gray,13,11,2
LatentSpace_v351,Pons,11,9,2
LatentSpace_v351,Medulla,13,9,4
LatentSpace_v351,Lingula (I),17,34,-17
LatentSpace_v351,Central lobule,31,34,-3
LatentSpace_v351,Culmen,24,34,-10
LatentSpace_v351,Declive (VI),23,28,-5
LatentSpace_v351,Folium-tuber vermis (VII),23,31,-8
LatentSpace_v351,Pyramus (VIII),27,32,-5
LatentSpace_v351,Uvula (IX),31,34,-3
LatentSpace_v351,Nodulus (X),21,35,-14
LatentSpace_v351,Simple lobule,22,29,-7
LatentSpace_v351,Crus 1,22,26,-4
LatentSpace_v351,Crus 2,22,27,-5
LatentSpace_v351,Paramedian lobule,23,33,-10
LatentSpace_v351,Copula pyramidis,29,34,-5
LatentSpace_v351,Flocculus,34,34,0
LatentSpace_v351,Paraflocculus,26,36,-10
LatentSpace_v351,Cerebellar nuclei,18,11,7
LatentSpace_v352,Cortical subplate-other,8,15,-7
LatentSpace_v352,Claustrum,23,33,-10
LatentSpace_v352,Endopiriform nucleus,6,32,-26
LatentSpace_v352,Olfactory areas-other,8,33,-25
LatentSpace_v352,Postpiriform transition area,11,27,-16
LatentSpace_v352,Piriform area,5,34,-29
LatentSpace_v352,Taenia tecta,11,28,-17
LatentSpace_v352,Cortical amygdalar area,6,19,-13
LatentSpace_v352,Piriform-amygdalar area,5,28,-23
LatentSpace_v352,Main olfactory bulb,6,10,-4
LatentSpace_v352,Accessory olfactory bulb,20,19,1
LatentSpace_v352,Anterior olfactory nucleus,7,32,-25
LatentSpace_v352,Subiculum,3,35,-32
LatentSpace_v352,Entorhinal area,13,22,-9
LatentSpace_v352,Field CA1,7,25,-18
LatentSpace_v352,Field CA2,6,14,-8
LatentSpace_v352,Field CA3,7,8,-1
LatentSpace_v352,Dentate gyrus,7,3,4
LatentSpace_v352,Anterior cingulate area,35,39,-4
LatentSpace_v352,Infralimbic area,10,26,-16
LatentSpace_v352,Retrosplenial area,28,36,-8
LatentSpace_v352,Prelimbic area,24,35,-11
LatentSpace_v352,Primary auditory area,36,38,-2
LatentSpace_v352,Dorsal auditory area,35,38,-3
LatentSpace_v352,Ventral auditory area,36,38,-2
LatentSpace_v352,Agranular insular area,23,37,-14
LatentSpace_v352,Ectorhinal area,20,33,-13
LatentSpace_v352,Primary motor area,35,38,-3
LatentSpace_v352,Secondary motor area,36,38,-2
LatentSpace_v352,"Frontal pole, cerebral cortex",32,40,-8
LatentSpace_v352,Orbital area,23,35,-12
LatentSpace_v352,Posterior parietal association areas,35,38,-3
LatentSpace_v352,Perirhinal area,15,32,-17
LatentSpace_v352,Primary somatosensory area,28,35,-7
LatentSpace_v352,Supplemental somatosensory area,36,38,-2
LatentSpace_v352,Temporal association areas,26,33,-7
LatentSpace_v352,Visual areas,35,38,-3
LatentSpace_v352,Pallidum,7,6,1
LatentSpace_v352,Striatum ventral region,7,3,4
LatentSpace_v352,Lateral septal complex,9,4,5
LatentSpace_v352,Caudoputamen,3,3,0
LatentSpace_v352,Medial amygdalar nucleus,10,7,3
LatentSpace_v352,Hypothalamus,5,9,-4
LatentSpace_v352,Thalamus,13,1,12
LatentSpace_v352,Inferior colliculus,10,9,1
LatentSpace_v352,"Superior colliculus, sensory related",14,10,4
LatentSpace_v352,Midbrain raphe nuclei,14,12,2
LatentSpace_v352,Midbrain-other,14,10,4
LatentSpace_v352,Periaqueductal gray,12,11,1
LatentSpace_v352,Pons,11,9,2
LatentSpace_v352,Medulla,11,9,2
LatentSpace_v352,Lingula (I),31,34,-3
LatentSpace_v352,Central lobule,34,34,0
LatentSpace_v352,Culmen,31,34,-3
LatentSpace_v352,Declive (VI),23,28,-5
LatentSpace_v352,Folium-tuber vermis (VII),23,31,-8
LatentSpace_v352,Pyramus (VIII),24,32,-8
LatentSpace_v352,Uvula (IX),32,34,-2
LatentSpace_v352,Nodulus (X),34,35,-1
LatentSpace_v352,Simple lobule,24,29,-5
LatentSpace_v352,Crus 1,22,26,-4
LatentSpace_v352,Crus 2,22,27,-5
LatentSpace_v352,Paramedian lobule,23,33,-10
LatentSpace_v352,Copula pyramidis,25,34,-9
LatentSpace_v352,Flocculus,34,34,0
LatentSpace_v352,Paraflocculus,27,36,-9
LatentSpace_v352,Cerebellar nuclei,33,11,22
LatentSpace_v353,Cortical subplate-other,8,15,-7
LatentSpace_v353,Claustrum,17,33,-16
LatentSpace_v353,Endopiriform nucleus,9,32,-23
LatentSpace_v353,Olfactory areas-other,10,33,-23
LatentSpace_v353,Postpiriform transition area,5,27,-22
LatentSpace_v353,Piriform area,11,34,-23
LatentSpace_v353,Taenia tecta,17,28,-11
LatentSpace_v353,Cortical amygdalar area,4,19,-15
LatentSpace_v353,Piriform-amygdalar area,2,28,-26
LatentSpace_v353,Main olfactory bulb,33,10,23
LatentSpace_v353,Accessory olfactory bulb,29,19,10
LatentSpace_v353,Anterior olfactory nucleus,9,32,-23
LatentSpace_v353,Subiculum,4,35,-31
LatentSpace_v353,Entorhinal area,7,22,-15
LatentSpace_v353,Field CA1,6,25,-19
LatentSpace_v353,Field CA2,7,14,-7
LatentSpace_v353,Field CA3,5,8,-3
LatentSpace_v353,Dentate gyrus,9,3,6
LatentSpace_v353,Anterior cingulate area,36,39,-3
LatentSpace_v353,Infralimbic area,8,26,-18
LatentSpace_v353,Retrosplenial area,23,36,-13
LatentSpace_v353,Prelimbic area,26,35,-9
LatentSpace_v353,Primary auditory area,36,38,-2
LatentSpace_v353,Dorsal auditory area,35,38,-3
LatentSpace_v353,Ventral auditory area,37,38,-1
LatentSpace_v353,Agranular insular area,23,37,-14
LatentSpace_v353,Ectorhinal area,22,33,-11
LatentSpace_v353,Primary motor area,36,38,-2
LatentSpace_v353,Secondary motor area,37,38,-1
LatentSpace_v353,"Frontal pole, cerebral cortex",35,40,-5
LatentSpace_v353,Orbital area,22,35,-13
LatentSpace_v353,Posterior parietal association areas,33,38,-5
LatentSpace_v353,Perirhinal area,14,32,-18
LatentSpace_v353,Primary somatosensory area,34,35,-1
LatentSpace_v353,Supplemental somatosensory area,37,38,-1
LatentSpace_v353,Temporal association areas,29,33,-4
LatentSpace_v353,Visual areas,35,38,-3
LatentSpace_v353,Pallidum,13,6,7
LatentSpace_v353,Striatum ventral region,10,3,7
LatentSpace_v353,Lateral septal complex,13,4,9
LatentSpace_v353,Caudoputamen,7,3,4
LatentSpace_v353,Medial amygdalar nucleus,10,7,3
LatentSpace_v353,Hypothalamus,6,9,-3
LatentSpace_v353,Thalamus,8,1,7
LatentSpace_v353,Inferior colliculus,8,9,-1
LatentSpace_v353,"Superior colliculus, sensory related",6,10,-4
LatentSpace_v353,Midbrain raphe nuclei,18,12,6
LatentSpace_v353,Midbrain-other,12,10,2
LatentSpace_v353,Periaqueductal gray,12,11,1
LatentSpace_v353,Pons,7,9,-2
LatentSpace_v353,Medulla,9,9,0
LatentSpace_v353,Lingula (I),13,34,-21
LatentSpace_v353,Central lobule,10,34,-24
LatentSpace_v353,Culmen,25,34,-9
LatentSpace_v353,Declive (VI),23,28,-5
LatentSpace_v353,Folium-tuber vermis (VII),23,31,-8
LatentSpace_v353,Pyramus (VIII),23,32,-9
LatentSpace_v353,Uvula (IX),20,34,-14
LatentSpace_v353,Nodulus (X),16,35,-19
LatentSpace_v353,Simple lobule,23,29,-6
LatentSpace_v353,Crus 1,23,26,-3
LatentSpace_v353,Crus 2,23,27,-4
LatentSpace_v353,Paramedian lobule,23,33,-10
LatentSpace_v353,Copula pyramidis,24,34,-10
LatentSpace_v353,Flocculus,30,34,-4
LatentSpace_v353,Paraflocculus,23,36,-13
LatentSpace_v353,Cerebellar nuclei,11,11,0
LatentSpace_v354,Cortical subplate-other,9,15,-6
LatentSpace_v354,Claustrum,26,33,-7
LatentSpace_v354,Endopiriform nucleus,16,32,-16
LatentSpace_v354,Olfactory areas-other,11,33,-22
LatentSpace_v354,Postpiriform transition area,8,27,-19
LatentSpace_v354,Piriform area,19,34,-15
LatentSpace_v354,Taenia tecta,14,28,-14
LatentSpace_v354,Cortical amygdalar area,2,19,-17
LatentSpace_v354,Piriform-amygdalar area,8,28,-20
LatentSpace_v354,Main olfactory bulb,26,10,16
LatentSpace_v354,Accessory olfactory bulb,31,19,12
LatentSpace_v354,Anterior olfactory nucleus,6,32,-26
LatentSpace_v354,Subiculum,4,35,-31
LatentSpace_v354,Entorhinal area,14,22,-8
LatentSpace_v354,Field CA1,8,25,-17
LatentSpace_v354,Field CA2,8,14,-6
LatentSpace_v354,Field CA3,8,8,0
LatentSpace_v354,Dentate gyrus,8,3,5
LatentSpace_v354,Anterior cingulate area,36,39,-3
LatentSpace_v354,Infralimbic area,10,26,-16
LatentSpace_v354,Retrosplenial area,29,36,-7
LatentSpace_v354,Prelimbic area,30,35,-5
LatentSpace_v354,Primary auditory area,36,38,-2
LatentSpace_v354,Dorsal auditory area,35,38,-3
LatentSpace_v354,Ventral auditory area,37,38,-1
LatentSpace_v354,Agranular insular area,24,37,-13
LatentSpace_v354,Ectorhinal area,25,33,-8
LatentSpace_v354,Primary motor area,35,38,-3
LatentSpace_v354,Secondary motor area,36,38,-2
LatentSpace_v354,"Frontal pole, cerebral cortex",35,40,-5
LatentSpace_v354,Orbital area,26,35,-9
LatentSpace_v354,Posterior parietal association areas,35,38,-3
LatentSpace_v354,Perirhinal area,20,32,-12
LatentSpace_v354,Primary somatosensory area,29,35,-6
LatentSpace_v354,Supplemental somatosensory area,36,38,-2
LatentSpace_v354,Temporal association areas,32,33,-1
LatentSpace_v354,Visual areas,35,38,-3
LatentSpace_v354,Pallidum,6,6,0
LatentSpace_v354,Striatum ventral region,3,3,0
LatentSpace_v354,Lateral septal complex,11,4,7
LatentSpace_v354,Caudoputamen,3,3,0
LatentSpace_v354,Medial amygdalar nucleus,6,7,-1
LatentSpace_v354,Hypothalamus,4,9,-5
LatentSpace_v354,Thalamus,11,1,10
LatentSpace_v354,Inferior colliculus,6,9,-3
LatentSpace_v354,"Superior colliculus, sensory related",5,10,-5
LatentSpace_v354,Midbrain raphe nuclei,13,12,1
LatentSpace_v354,Midbrain-other,10,10,0
LatentSpace_v354,Periaqueductal gray,10,11,-1
LatentSpace_v354,Pons,6,9,-3
LatentSpace_v354,Medulla,10,9,1
LatentSpace_v354,Lingula (I),13,34,-21
LatentSpace_v354,Central lobule,16,34,-18
LatentSpace_v354,Culmen,32,34,-2
LatentSpace_v354,Declive (VI),23,28,-5
LatentSpace_v354,Folium-tuber vermis (VII),23,31,-8
LatentSpace_v354,Pyramus (VIII),24,32,-8
LatentSpace_v354,Uvula (IX),34,34,0
LatentSpace_v354,Nodulus (X),22,35,-13
LatentSpace_v354,Simple lobule,22,29,-7
LatentSpace_v354,Crus 1,23,26,-3
LatentSpace_v354,Crus 2,23,27,-4
LatentSpace_v354,Paramedian lobule,23,33,-10
LatentSpace_v354,Copula pyramidis,26,34,-8
LatentSpace_v354,Flocculus,33,34,-1
LatentSpace_v354,Paraflocculus,26,36,-10
LatentSpace_v354,Cerebellar nuclei,12,11,1
LatentSpace_v355,Cortical subplate-other,11,15,-4
LatentSpace_v355,Claustrum,24,33,-9
LatentSpace_v355,Endopiriform nucleus,10,32,-22
LatentSpace_v355,Olfactory areas-other,9,33,-24
LatentSpace_v355,Postpiriform transition area,12,27,-15
LatentSpace_v355,Piriform area,18,34,-16
LatentSpace_v355,Taenia tecta,14,28,-14
LatentSpace_v355,Cortical amygdalar area,9,19,-10
LatentSpace_v355,Piriform-amygdalar area,7,28,-21
LatentSpace_v355,Main olfactory bulb,17,10,7
LatentSpace_v355,Accessory olfactory bulb,15,19,-4
LatentSpace_v355,Anterior olfactory nucleus,11,32,-21
LatentSpace_v355,Subiculum,5,35,-30
LatentSpace_v355,Entorhinal area,9,22,-13
LatentSpace_v355,Field CA1,8,25,-17
LatentSpace_v355,Field CA2,8,14,-6
LatentSpace_v355,Field CA3,8,8,0
LatentSpace_v355,Dentate gyrus,9,3,6
LatentSpace_v355,Anterior cingulate area,36,39,-3
LatentSpace_v355,Infralimbic area,11,26,-15
LatentSpace_v355,Retrosplenial area,25,36,-11
LatentSpace_v355,Prelimbic area,28,35,-7
LatentSpace_v355,Primary auditory area,36,38,-2
LatentSpace_v355,Dorsal auditory area,36,38,-2
LatentSpace_v355,Ventral auditory area,38,38,0
LatentSpace_v355,Agranular insular area,23,37,-14
LatentSpace_v355,Ectorhinal area,24,33,-9
LatentSpace_v355,Primary motor area,35,38,-3
LatentSpace_v355,Secondary motor area,37,38,-1
LatentSpace_v355,"Frontal pole, cerebral cortex",33,40,-7
LatentSpace_v355,Orbital area,24,35,-11
LatentSpace_v355,Posterior parietal association areas,35,38,-3
LatentSpace_v355,Perirhinal area,19,32,-13
LatentSpace_v355,Primary somatosensory area,35,35,0
LatentSpace_v355,Supplemental somatosensory area,37,38,-1
LatentSpace_v355,Temporal association areas,31,33,-2
LatentSpace_v355,Visual areas,35,38,-3
LatentSpace_v355,Pallidum,8,6,2
LatentSpace_v355,Striatum ventral region,7,3,4
LatentSpace_v355,Lateral septal complex,7,4,3
LatentSpace_v355,Caudoputamen,3,3,0
LatentSpace_v355,Medial amygdalar nucleus,11,7,4
LatentSpace_v355,Hypothalamus,8,9,-1
LatentSpace_v355,Thalamus,10,1,9
LatentSpace_v355,Inferior colliculus,9,9,0
LatentSpace_v355,"Superior colliculus, sensory related",10,10,0
LatentSpace_v355,Midbrain raphe nuclei,16,12,4
LatentSpace_v355,Midbrain-other,12,10,2
LatentSpace_v355,Periaqueductal gray,12,11,1
LatentSpace_v355,Pons,10,9,1
LatentSpace_v355,Medulla,15,9,6
LatentSpace_v355,Lingula (I),15,34,-19
LatentSpace_v355,Central lobule,29,34,-5
LatentSpace_v355,Culmen,27,34,-7
LatentSpace_v355,Declive (VI),22,28,-6
LatentSpace_v355,Folium-tuber vermis (VII),23,31,-8
LatentSpace_v355,Pyramus (VIII),25,32,-7
LatentSpace_v355,Uvula (IX),29,34,-5
LatentSpace_v355,Nodulus (X),20,35,-15
LatentSpace_v355,Simple lobule,22,29,-7
LatentSpace_v355,Crus 1,22,26,-4
LatentSpace_v355,Crus 2,21,27,-6
LatentSpace_v355,Paramedian lobule,22,33,-11
LatentSpace_v355,Copula pyramidis,25,34,-9
LatentSpace_v355,Flocculus,33,34,-1
LatentSpace_v355,Paraflocculus,27,36,-9
LatentSpace_v355,Cerebellar nuclei,15,11,4
LatentSpace_v356,Cortical subplate-other,5,15,-10
LatentSpace_v356,Claustrum,27,33,-6
LatentSpace_v356,Endopiriform nucleus,15,32,-17
LatentSpace_v356,Olfactory areas-other,12,33,-21
LatentSpace_v356,Postpiriform transition area,7,27,-20
LatentSpace_v356,Piriform area,22,34,-12
LatentSpace_v356,Taenia tecta,11,28,-17
LatentSpace_v356,Cortical amygdalar area,2,19,-17
LatentSpace_v356,Piriform-amygdalar area,7,28,-21
LatentSpace_v356,Main olfactory bulb,13,10,3
LatentSpace_v356,Accessory olfactory bulb,11,19,-8
LatentSpace_v356,Anterior olfactory nucleus,13,32,-19
LatentSpace_v356,Subiculum,3,35,-32
LatentSpace_v356,Entorhinal area,10,22,-12
LatentSpace_v356,Field CA1,8,25,-17
LatentSpace_v356,Field CA2,7,14,-7
LatentSpace_v356,Field CA3,8,8,0
LatentSpace_v356,Dentate gyrus,9,3,6
LatentSpace_v356,Anterior cingulate area,35,39,-4
LatentSpace_v356,Infralimbic area,11,26,-15
LatentSpace_v356,Retrosplenial area,31,36,-5
LatentSpace_v356,Prelimbic area,26,35,-9
LatentSpace_v356,Primary auditory area,37,38,-1
LatentSpace_v356,Dorsal auditory area,36,38,-2
LatentSpace_v356,Ventral auditory area,38,38,0
LatentSpace_v356,Agranular insular area,23,37,-14
LatentSpace_v356,Ectorhinal area,23,33,-10
LatentSpace_v356,Primary motor area,36,38,-2
LatentSpace_v356,Secondary motor area,36,38,-2
LatentSpace_v356,"Frontal pole, cerebral cortex",31,40,-9
LatentSpace_v356,Orbital area,22,35,-13
LatentSpace_v356,Posterior parietal association areas,35,38,-3
LatentSpace_v356,Perirhinal area,17,32,-15
LatentSpace_v356,Primary somatosensory area,32,35,-3
LatentSpace_v356,Supplemental somatosensory area,37,38,-1
LatentSpace_v356,Temporal association areas,30,33,-3
LatentSpace_v356,Visual areas,35,38,-3
LatentSpace_v356,Pallidum,7,6,1
LatentSpace_v356,Striatum ventral region,6,3,3
LatentSpace_v356,Lateral septal complex,10,4,6
LatentSpace_v356,Caudoputamen,3,3,0
LatentSpace_v356,Medial amygdalar nucleus,6,7,-1
LatentSpace_v356,Hypothalamus,5,9,-4
LatentSpace_v356,Thalamus,5,1,4
LatentSpace_v356,Inferior colliculus,9,9,0
LatentSpace_v356,"Superior colliculus, sensory related",6,10,-4
LatentSpace_v356,Midbrain raphe nuclei,13,12,1
LatentSpace_v356,Midbrain-other,11,10,1
LatentSpace_v356,Periaqueductal gray,12,11,1
LatentSpace_v356,Pons,11,9,2
LatentSpace_v356,Medulla,10,9,1
LatentSpace_v356,Lingula (I),15,34,-19
LatentSpace_v356,Central lobule,28,34,-6
LatentSpace_v356,Culmen,25,34,-9
LatentSpace_v356,Declive (VI),23,28,-5
LatentSpace_v356,Folium-tuber vermis (VII),23,31,-8
LatentSpace_v356,Pyramus (VIII),23,32,-9
LatentSpace_v356,Uvula (IX),29,34,-5
LatentSpace_v356,Nodulus (X),18,35,-17
LatentSpace_v356,Simple lobule,23,29,-6
LatentSpace_v356,Crus 1,23,26,-3
LatentSpace_v356,Crus 2,23,27,-4
LatentSpace_v356,Paramedian lobule,23,33,-10
LatentSpace_v356,Copula pyramidis,25,34,-9
LatentSpace_v356,Flocculus,27,34,-7
LatentSpace_v356,Paraflocculus,23,36,-13
LatentSpace_v356,Cerebellar nuclei,22,11,11
LatentSpace_v357,Cortical subplate-other,13,15,-2
LatentSpace_v357,Claustrum,25,33,-8
LatentSpace_v357,Endopiriform nucleus,18,32,-14
LatentSpace_v357,Olfactory areas-other,18,33,-15
LatentSpace_v357,Postpiriform transition area,14,27,-13
LatentSpace_v357,Piriform area,15,34,-19
LatentSpace_v357,Taenia tecta,9,28,-19
LatentSpace_v357,Cortical amygdalar area,11,19,-8
LatentSpace_v357,Piriform-amygdalar area,13,28,-15
LatentSpace_v357,Main olfactory bulb,29,10,19
LatentSpace_v357,Accessory olfactory bulb,30,19,11
LatentSpace_v357,Anterior olfactory nucleus,18,32,-14
LatentSpace_v357,Subiculum,7,35,-28
LatentSpace_v357,Entorhinal area,17,22,-5
LatentSpace_v357,Field CA1,8,25,-17
LatentSpace_v357,Field CA2,8,14,-6
LatentSpace_v357,Field CA3,8,8,0
LatentSpace_v357,Dentate gyrus,7,3,4
LatentSpace_v357,Anterior cingulate area,32,39,-7
LatentSpace_v357,Infralimbic area,9,26,-17
LatentSpace_v357,Retrosplenial area,23,36,-13
LatentSpace_v357,Prelimbic area,24,35,-11
LatentSpace_v357,Primary auditory area,35,38,-3
LatentSpace_v357,Dorsal auditory area,31,38,-7
LatentSpace_v357,Ventral auditory area,36,38,-2
LatentSpace_v357,Agranular insular area,23,37,-14
LatentSpace_v357,Ectorhinal area,23,33,-10
LatentSpace_v357,Primary motor area,35,38,-3
LatentSpace_v357,Secondary motor area,33,38,-5
LatentSpace_v357,"Frontal pole, cerebral cortex",31,40,-9
LatentSpace_v357,Orbital area,23,35,-12
LatentSpace_v357,Posterior parietal association areas,31,38,-7
LatentSpace_v357,Perirhinal area,20,32,-12
LatentSpace_v357,Primary somatosensory area,26,35,-9
LatentSpace_v357,Supplemental somatosensory area,35,38,-3
LatentSpace_v357,Temporal association areas,29,33,-4
LatentSpace_v357,Visual areas,27,38,-11
LatentSpace_v357,Pallidum,6,6,0
LatentSpace_v357,Striatum ventral region,4,3,1
LatentSpace_v357,Lateral septal complex,8,4,4
LatentSpace_v357,Caudoputamen,3,3,0
LatentSpace_v357,Medial amygdalar nucleus,11,7,4
LatentSpace_v357,Hypothalamus,5,9,-4
LatentSpace_v357,Thalamus,8,1,7
LatentSpace_v357,Inferior colliculus,17,9,8
LatentSpace_v357,"Superior colliculus, sensory related",4,10,-6
LatentSpace_v357,Midbrain raphe nuclei,13,12,1
LatentSpace_v357,Midbrain-other,8,10,-2
LatentSpace_v357,Periaqueductal gray,10,11,-1
LatentSpace_v357,Pons,11,9,2
LatentSpace_v357,Medulla,10,9,1
LatentSpace_v357,Lingula (I),29,34,-5
LatentSpace_v357,Central lobule,31,34,-3
LatentSpace_v357,Culmen,25,34,-9
LatentSpace_v357,Declive (VI),23,28,-5
LatentSpace_v357,Folium-tuber vermis (VII),23,31,-8
LatentSpace_v357,Pyramus (VIII),30,32,-2
LatentSpace_v357,Uvula (IX),33,34,-1
LatentSpace_v357,Nodulus (X),27,35,-8
LatentSpace_v357,Simple lobule,23,29,-6
LatentSpace_v357,Crus 1,23,26,-3
LatentSpace_v357,Crus 2,24,27,-3
LatentSpace_v357,Paramedian lobule,28,33,-5
LatentSpace_v357,Copula pyramidis,33,34,-1
LatentSpace_v357,Flocculus,13,34,-21
LatentSpace_v357,Paraflocculus,31,36,-5
LatentSpace_v357,Cerebellar nuclei,34,11,23
LatentSpace_v358,Cortical subplate-other,13,15,-2
LatentSpace_v358,Claustrum,14,33,-19
LatentSpace_v358,Endopiriform nucleus,13,32,-19
LatentSpace_v358,Olfactory areas-other,21,33,-12
LatentSpace_v358,Postpiriform transition area,11,27,-16
LatentSpace_v358,Piriform area,13,34,-21
LatentSpace_v358,Taenia tecta,11,28,-17
LatentSpace_v358,Cortical amygdalar area,9,19,-10
LatentSpace_v358,Piriform-amygdalar area,10,28,-18
LatentSpace_v358,Main olfactory bulb,26,10,16
LatentSpace_v358,Accessory olfactory bulb,34,19,15
LatentSpace_v358,Anterior olfactory nucleus,19,32,-13
LatentSpace_v358,Subiculum,4,35,-31
LatentSpace_v358,Entorhinal area,13,22,-9
LatentSpace_v358,Field CA1,8,25,-17
LatentSpace_v358,Field CA2,16,14,2
LatentSpace_v358,Field CA3,6,8,-2
LatentSpace_v358,Dentate gyrus,7,3,4
LatentSpace_v358,Anterior cingulate area,36,39,-3
LatentSpace_v358,Infralimbic area,12,26,-14
LatentSpace_v358,Retrosplenial area,30,36,-6
LatentSpace_v358,Prelimbic area,27,35,-8
LatentSpace_v358,Primary auditory area,36,38,-2
LatentSpace_v358,Dorsal auditory area,35,38,-3
LatentSpace_v358,Ventral auditory area,38,38,0
LatentSpace_v358,Agranular insular area,30,37,-7
LatentSpace_v358,Ectorhinal area,22,33,-11
LatentSpace_v358,Primary motor area,35,38,-3
LatentSpace_v358,Secondary motor area,35,38,-3
LatentSpace_v358,"Frontal pole, cerebral cortex",36,40,-4
LatentSpace_v358,Orbital area,26,35,-9
LatentSpace_v358,Posterior parietal association areas,35,38,-3
LatentSpace_v358,Perirhinal area,16,32,-16
LatentSpace_v358,Primary somatosensory area,31,35,-4
LatentSpace_v358,Supplemental somatosensory area,36,38,-2
LatentSpace_v358,Temporal association areas,33,33,0
LatentSpace_v358,Visual areas,35,38,-3
LatentSpace_v358,Pallidum,12,6,6
LatentSpace_v358,Striatum ventral region,7,3,4
LatentSpace_v358,Lateral septal complex,14,4,10
LatentSpace_v358,Caudoputamen,3,3,0
LatentSpace_v358,Medial amygdalar nucleus,11,7,4
LatentSpace_v358,Hypothalamus,15,9,6
LatentSpace_v358,Thalamus,10,1,9
LatentSpace_v358,Inferior colliculus,11,9,2
LatentSpace_v358,"Superior colliculus, sensory related",9,10,-1
LatentSpace_v358,Midbrain raphe nuclei,17,12,5
LatentSpace_v358,Midbrain-other,11,10,1
LatentSpace_v358,Periaqueductal gray,15,11,4
LatentSpace_v358,Pons,10,9,1
LatentSpace_v358,Medulla,30,9,21
LatentSpace_v358,Lingula (I),19,34,-15
LatentSpace_v358,Central lobule,22,34,-12
LatentSpace_v358,Culmen,32,34,-2
LatentSpace_v358,Declive (VI),23,28,-5
LatentSpace_v358,Folium-tuber vermis (VII),23,31,-8
LatentSpace_v358,Pyramus (VIII),24,32,-8
LatentSpace_v358,Uvula (IX),32,34,-2
LatentSpace_v358,Nodulus (X),29,35,-6
LatentSpace_v358,Simple lobule,22,29,-7
LatentSpace_v358,Crus 1,22,26,-4
LatentSpace_v358,Crus 2,22,27,-5
LatentSpace_v358,Paramedian lobule,23,33,-10
LatentSpace_v358,Copula pyramidis,23,34,-11
LatentSpace_v358,Flocculus,33,34,-1
LatentSpace_v358,Paraflocculus,36,36,0
LatentSpace_v358,Cerebellar nuclei,33,11,22
LatentSpace_v359,Cortical subplate-other,11,15,-4
LatentSpace_v359,Claustrum,18,33,-15
LatentSpace_v359,Endopiriform nucleus,10,32,-22
LatentSpace_v359,Olfactory areas-other,13,33,-20
LatentSpace_v359,Postpiriform transition area,12,27,-15
LatentSpace_v359,Piriform area,9,34,-25
LatentSpace_v359,Taenia tecta,14,28,-14
LatentSpace_v359,Cortical amygdalar area,9,19,-10
LatentSpace_v359,Piriform-amygdalar area,11,28,-17
LatentSpace_v359,Main olfactory bulb,8,10,-2
LatentSpace_v359,Accessory olfactory bulb,28,19,9
LatentSpace_v359,Anterior olfactory nucleus,13,32,-19
LatentSpace_v359,Subiculum,7,35,-28
LatentSpace_v359,Entorhinal area,16,22,-6
LatentSpace_v359,Field CA1,8,25,-17
LatentSpace_v359,Field CA2,10,14,-4
LatentSpace_v359,Field CA3,9,8,1
LatentSpace_v359,Dentate gyrus,8,3,5
LatentSpace_v359,Anterior cingulate area,34,39,-5
LatentSpace_v359,Infralimbic area,12,26,-14
LatentSpace_v359,Retrosplenial area,24,36,-12
LatentSpace_v359,Prelimbic area,29,35,-6
LatentSpace_v359,Primary auditory area,35,38,-3
LatentSpace_v359,Dorsal auditory area,34,38,-4
LatentSpace_v359,Ventral auditory area,35,38,-3
LatentSpace_v359,Agranular insular area,8,37,-29
LatentSpace_v359,Ectorhinal area,22,33,-11
LatentSpace_v359,Primary motor area,35,38,-3
LatentSpace_v359,Secondary motor area,35,38,-3
LatentSpace_v359,"Frontal pole, cerebral cortex",24,40,-16
LatentSpace_v359,Orbital area,17,35,-18
LatentSpace_v359,Posterior parietal association areas,35,38,-3
LatentSpace_v359,Perirhinal area,22,32,-10
LatentSpace_v359,Primary somatosensory area,28,35,-7
LatentSpace_v359,Supplemental somatosensory area,35,38,-3
LatentSpace_v359,Temporal association areas,33,33,0
LatentSpace_v359,Visual areas,34,38,-4
LatentSpace_v359,Pallidum,11,6,5
LatentSpace_v359,Striatum ventral region,7,3,4
LatentSpace_v359,Lateral septal complex,8,4,4
LatentSpace_v359,Caudoputamen,3,3,0
LatentSpace_v359,Medial amygdalar nucleus,8,7,1
LatentSpace_v359,Hypothalamus,5,9,-4
LatentSpace_v359,Thalamus,1,1,0
LatentSpace_v359,Inferior colliculus,7,9,-2
LatentSpace_v359,"Superior colliculus, sensory related",10,10,0
LatentSpace_v359,Midbrain raphe nuclei,13,12,1
LatentSpace_v359,Midbrain-other,13,10,3
LatentSpace_v359,Periaqueductal gray,11,11,0
LatentSpace_v359,Pons,12,9,3
LatentSpace_v359,Medulla,10,9,1
LatentSpace_v359,Lingula (I),19,34,-15
LatentSpace_v359,Central lobule,21,34,-13
LatentSpace_v359,Culmen,25,34,-9
LatentSpace_v359,Declive (VI),23,28,-5
LatentSpace_v359,Folium-tuber vermis (VII),23,31,-8
LatentSpace_v359,Pyramus (VIII),23,32,-9
LatentSpace_v359,Uvula (IX),33,34,-1
LatentSpace_v359,Nodulus (X),21,35,-14
LatentSpace_v359,Simple lobule,23,29,-6
LatentSpace_v359,Crus 1,22,26,-4
LatentSpace_v359,Crus 2,22,27,-5
LatentSpace_v359,Paramedian lobule,23,33,-10
LatentSpace_v359,Copula pyramidis,31,34,-3
LatentSpace_v359,Flocculus,34,34,0
LatentSpace_v359,Paraflocculus,31,36,-5
LatentSpace_v359,Cerebellar nuclei,12,11,1
LatentSpace_v360,Cortical subplate-other,7,15,-8
LatentSpace_v360,Claustrum,27,33,-6
LatentSpace_v360,Endopiriform nucleus,10,32,-22
LatentSpace_v360,Olfactory areas-other,14,33,-19
LatentSpace_v360,Postpiriform transition area,6,27,-21
LatentSpace_v360,Piriform area,9,34,-25
LatentSpace_v360,Taenia tecta,16,28,-12
LatentSpace_v360,Cortical amygdalar area,4,19,-15
LatentSpace_v360,Piriform-amygdalar area,5,28,-23
LatentSpace_v360,Main olfactory bulb,27,10,17
LatentSpace_v360,Accessory olfactory bulb,26,19,7
LatentSpace_v360,Anterior olfactory nucleus,7,32,-25
LatentSpace_v360,Subiculum,7,35,-28
LatentSpace_v360,Entorhinal area,13,22,-9
LatentSpace_v360,Field CA1,8,25,-17
LatentSpace_v360,Field CA2,9,14,-5
LatentSpace_v360,Field CA3,7,8,-1
LatentSpace_v360,Dentate gyrus,8,3,5
LatentSpace_v360,Anterior cingulate area,32,39,-7
LatentSpace_v360,Infralimbic area,13,26,-13
LatentSpace_v360,Retrosplenial area,26,36,-10
LatentSpace_v360,Prelimbic area,29,35,-6
LatentSpace_v360,Primary auditory area,35,38,-3
LatentSpace_v360,Dorsal auditory area,33,38,-5
LatentSpace_v360,Ventral auditory area,35,38,-3
LatentSpace_v360,Agranular insular area,16,37,-21
LatentSpace_v360,Ectorhinal area,24,33,-9
LatentSpace_v360,Primary motor area,35,38,-3
LatentSpace_v360,Secondary motor area,34,38,-4
LatentSpace_v360,"Frontal pole, cerebral cortex",28,40,-12
LatentSpace_v360,Orbital area,23,35,-12
LatentSpace_v360,Posterior parietal association areas,35,38,-3
LatentSpace_v360,Perirhinal area,17,32,-15
LatentSpace_v360,Primary somatosensory area,29,35,-6
LatentSpace_v360,Supplemental somatosensory area,35,38,-3
LatentSpace_v360,Temporal association areas,33,33,0
LatentSpace_v360,Visual areas,31,38,-7
LatentSpace_v360,Pallidum,8,6,2
LatentSpace_v360,Striatum ventral region,7,3,4
LatentSpace_v360,Lateral septal complex,9,4,5
LatentSpace_v360,Caudoputamen,3,3,0
LatentSpace_v360,Medial amygdalar nucleus,10,7,3
LatentSpace_v360,Hypothalamus,10,9,1
LatentSpace_v360,Thalamus,6,1,5
LatentSpace_v360,Inferior colliculus,7,9,-2
LatentSpace_v360,"Superior colliculus, sensory related",4,10,-6
LatentSpace_v360,Midbrain raphe nuclei,12,12,0
LatentSpace_v360,Midbrain-other,11,10,1
LatentSpace_v360,Periaqueductal gray,12,11,1
LatentSpace_v360,Pons,11,9,2
LatentSpace_v360,Medulla,11,9,2
LatentSpace_v360,Lingula (I),14,34,-20
LatentSpace_v360,Central lobule,13,34,-21
LatentSpace_v360,Culmen,23,34,-11
LatentSpace_v360,Declive (VI),22,28,-6
LatentSpace_v360,Folium-tuber vermis (VII),23,31,-8
LatentSpace_v360,Pyramus (VIII),24,32,-8
LatentSpace_v360,Uvula (IX),15,34,-19
LatentSpace_v360,Nodulus (X),14,35,-21
LatentSpace_v360,Simple lobule,22,29,-7
LatentSpace_v360,Crus 1,22,26,-4
LatentSpace_v360,Crus 2,22,27,-5
LatentSpace_v360,Paramedian lobule,23,33,-10
LatentSpace_v360,Copula pyramidis,26,34,-8
LatentSpace_v360,Flocculus,26,34,-8
LatentSpace_v360,Paraflocculus,23,36,-13
LatentSpace_v360,Cerebellar nuclei,10,11,-1
LatentSpace_v361,Cortical subplate-other,12,15,-3
LatentSpace_v361,Claustrum,20,33,-13
LatentSpace_v361,Endopiriform nucleus,11,32,-21
LatentSpace_v361,Olfactory areas-other,8,33,-25
LatentSpace_v361,Postpiriform transition area,9,27,-18
LatentSpace_v361,Piriform area,13,34,-21
LatentSpace_v361,Taenia tecta,12,28,-16
LatentSpace_v361,Cortical amygdalar area,10,19,-9
LatentSpace_v361,Piriform-amygdalar area,10,28,-18
LatentSpace_v361,Main olfactory bulb,22,10,12
LatentSpace_v361,Accessory olfactory bulb,32,19,13
LatentSpace_v361,Anterior olfactory nucleus,6,32,-26
LatentSpace_v361,Subiculum,4,35,-31
LatentSpace_v361,Entorhinal area,12,22,-10
LatentSpace_v361,Field CA1,8,25,-17
LatentSpace_v361,Field CA2,6,14,-8
LatentSpace_v361,Field CA3,5,8,-3
LatentSpace_v361,Dentate gyrus,8,3,5
LatentSpace_v361,Anterior cingulate area,38,39,-1
LatentSpace_v361,Infralimbic area,11,26,-15
LatentSpace_v361,Retrosplenial area,25,36,-11
LatentSpace_v361,Prelimbic area,28,35,-7
LatentSpace_v361,Primary auditory area,35,38,-3
LatentSpace_v361,Dorsal auditory area,35,38,-3
LatentSpace_v361,Ventral auditory area,36,38,-2
LatentSpace_v361,Agranular insular area,23,37,-14
LatentSpace_v361,Ectorhinal area,24,33,-9
LatentSpace_v361,Primary motor area,35,38,-3
LatentSpace_v361,Secondary motor area,35,38,-3
LatentSpace_v361,"Frontal pole, cerebral cortex",34,40,-6
LatentSpace_v361,Orbital area,24,35,-11
LatentSpace_v361,Posterior parietal association areas,32,38,-6
LatentSpace_v361,Perirhinal area,22,32,-10
LatentSpace_v361,Primary somatosensory area,29,35,-6
LatentSpace_v361,Supplemental somatosensory area,36,38,-2
LatentSpace_v361,Temporal association areas,34,33,1
LatentSpace_v361,Visual areas,31,38,-7
LatentSpace_v361,Pallidum,10,6,4
LatentSpace_v361,Striatum ventral region,7,3,4
LatentSpace_v361,Lateral septal complex,11,4,7
LatentSpace_v361,Caudoputamen,3,3,0
LatentSpace_v361,Medial amygdalar nucleus,11,7,4
LatentSpace_v361,Hypothalamus,8,9,-1
LatentSpace_v361,Thalamus,8,1,7
LatentSpace_v361,Inferior colliculus,9,9,0
LatentSpace_v361,"Superior colliculus, sensory related",8,10,-2
LatentSpace_v361,Midbrain raphe nuclei,15,12,3
LatentSpace_v361,Midbrain-other,12,10,2
LatentSpace_v361,Periaqueductal gray,11,11,0
LatentSpace_v361,Pons,11,9,2
LatentSpace_v361,Medulla,13,9,4
LatentSpace_v361,Lingula (I),13,34,-21
LatentSpace_v361,Central lobule,17,34,-17
LatentSpace_v361,Culmen,30,34,-4
LatentSpace_v361,Declive (VI),23,28,-5
LatentSpace_v361,Folium-tuber vermis (VII),23,31,-8
LatentSpace_v361,Pyramus (VIII),26,32,-6
LatentSpace_v361,Uvula (IX),34,34,0
LatentSpace_v361,Nodulus (X),20,35,-15
LatentSpace_v361,Simple lobule,23,29,-6
LatentSpace_v361,Crus 1,22,26,-4
LatentSpace_v361,Crus 2,22,27,-5
LatentSpace_v361,Paramedian lobule,23,33,-10
LatentSpace_v361,Copula pyramidis,25,34,-9
LatentSpace_v361,Flocculus,33,34,-1
LatentSpace_v361,Paraflocculus,23,36,-13
LatentSpace_v361,Cerebellar nuclei,21,11,10
LatentSpace_v362,Cortical subplate-other,7,15,-8
LatentSpace_v362,Claustrum,29,33,-4
LatentSpace_v362,Endopiriform nucleus,16,32,-16
LatentSpace_v362,Olfactory areas-other,4,33,-29
LatentSpace_v362,Postpiriform transition area,11,27,-16
LatentSpace_v362,Piriform area,17,34,-17
LatentSpace_v362,Taenia tecta,7,28,-21
LatentSpace_v362,Cortical amygdalar area,3,19,-16
LatentSpace_v362,Piriform-amygdalar area,5,28,-23
LatentSpace_v362,Main olfactory bulb,36,10,26
LatentSpace_v362,Accessory olfactory bulb,30,19,11
LatentSpace_v362,Anterior olfactory nucleus,4,32,-28
LatentSpace_v362,Subiculum,4,35,-31
LatentSpace_v362,Entorhinal area,13,22,-9
LatentSpace_v362,Field CA1,8,25,-17
LatentSpace_v362,Field CA2,9,14,-5
LatentSpace_v362,Field CA3,7,8,-1
LatentSpace_v362,Dentate gyrus,8,3,5
LatentSpace_v362,Anterior cingulate area,41,39,2
LatentSpace_v362,Infralimbic area,11,26,-15
LatentSpace_v362,Retrosplenial area,30,36,-6
LatentSpace_v362,Prelimbic area,34,35,-1
LatentSpace_v362,Primary auditory area,37,38,-1
LatentSpace_v362,Dorsal auditory area,35,38,-3
LatentSpace_v362,Ventral auditory area,38,38,0
LatentSpace_v362,Agranular insular area,24,37,-13
LatentSpace_v362,Ectorhinal area,26,33,-7
LatentSpace_v362,Primary motor area,36,38,-2
LatentSpace_v362,Secondary motor area,39,38,1
LatentSpace_v362,"Frontal pole, cerebral cortex",36,40,-4
LatentSpace_v362,Orbital area,24,35,-11
LatentSpace_v362,Posterior parietal association areas,35,38,-3
LatentSpace_v362,Perirhinal area,25,32,-7
LatentSpace_v362,Primary somatosensory area,35,35,0
LatentSpace_v362,Supplemental somatosensory area,39,38,1
LatentSpace_v362,Temporal association areas,37,33,4
LatentSpace_v362,Visual areas,35,38,-3
LatentSpace_v362,Pallidum,8,6,2
LatentSpace_v362,Striatum ventral region,7,3,4
LatentSpace_v362,Lateral septal complex,12,4,8
LatentSpace_v362,Caudoputamen,3,3,0
LatentSpace_v362,Medial amygdalar nucleus,7,7,0
LatentSpace_v362,Hypothalamus,9,9,0
LatentSpace_v362,Thalamus,10,1,9
LatentSpace_v362,Inferior colliculus,6,9,-3
LatentSpace_v362,"Superior colliculus, sensory related",5,10,-5
LatentSpace_v362,Midbrain raphe nuclei,16,12,4
LatentSpace_v362,Midbrain-other,12,10,2
LatentSpace_v362,Periaqueductal gray,13,11,2
LatentSpace_v362,Pons,10,9,1
LatentSpace_v362,Medulla,12,9,3
LatentSpace_v362,Lingula (I),29,34,-5
LatentSpace_v362,Central lobule,34,34,0
LatentSpace_v362,Culmen,29,34,-5
LatentSpace_v362,Declive (VI),23,28,-5
LatentSpace_v362,Folium-tuber vermis (VII),23,31,-8
LatentSpace_v362,Pyramus (VIII),23,32,-9
LatentSpace_v362,Uvula (IX),32,34,-2
LatentSpace_v362,Nodulus (X),33,35,-2
LatentSpace_v362,Simple lobule,22,29,-7
LatentSpace_v362,Crus 1,22,26,-4
LatentSpace_v362,Crus 2,22,27,-5
LatentSpace_v362,Paramedian lobule,23,33,-10
LatentSpace_v362,Copula pyramidis,24,34,-10
LatentSpace_v362,Flocculus,33,34,-1
LatentSpace_v362,Paraflocculus,24,36,-12
LatentSpace_v362,Cerebellar nuclei,20,11,9
LatentSpace_v363,Cortical subplate-other,11,15,-4
LatentSpace_v363,Claustrum,23,33,-10
LatentSpace_v363,Endopiriform nucleus,16,32,-16
LatentSpace_v363,Olfactory areas-other,16,33,-17
LatentSpace_v363,Postpiriform transition area,13,27,-14
LatentSpace_v363,Piriform area,20,34,-14
LatentSpace_v363,Taenia tecta,15,28,-13
LatentSpace_v363,Cortical amygdalar area,11,19,-8
LatentSpace_v363,Piriform-amygdalar area,13,28,-15
LatentSpace_v363,Main olfactory bulb,4,10,-6
LatentSpace_v363,Accessory olfactory bulb,12,19,-7
LatentSpace_v363,Anterior olfactory nucleus,9,32,-23
LatentSpace_v363,Subiculum,3,35,-32
LatentSpace_v363,Entorhinal area,16,22,-6
LatentSpace_v363,Field CA1,5,25,-20
LatentSpace_v363,Field CA2,8,14,-6
LatentSpace_v363,Field CA3,4,8,-4
LatentSpace_v363,Dentate gyrus,7,3,4
LatentSpace_v363,Anterior cingulate area,38,39,-1
LatentSpace_v363,Infralimbic area,9,26,-17
LatentSpace_v363,Retrosplenial area,17,36,-19
LatentSpace_v363,Prelimbic area,29,35,-6
LatentSpace_v363,Primary auditory area,38,38,0
LatentSpace_v363,Dorsal auditory area,35,38,-3
LatentSpace_v363,Ventral auditory area,40,38,2
LatentSpace_v363,Agranular insular area,25,37,-12
LatentSpace_v363,Ectorhinal area,25,33,-8
LatentSpace_v363,Primary motor area,35,38,-3
LatentSpace_v363,Secondary motor area,36,38,-2
LatentSpace_v363,"Frontal pole, cerebral cortex",31,40,-9
LatentSpace_v363,Orbital area,25,35,-10
LatentSpace_v363,Posterior parietal association areas,34,38,-4
LatentSpace_v363,Perirhinal area,22,32,-10
LatentSpace_v363,Primary somatosensory area,29,35,-6
LatentSpace_v363,Supplemental somatosensory area,38,38,0
LatentSpace_v363,Temporal association areas,31,33,-2
LatentSpace_v363,Visual areas,35,38,-3
LatentSpace_v363,Pallidum,7,6,1
LatentSpace_v363,Striatum ventral region,7,3,4
LatentSpace_v363,Lateral septal complex,8,4,4
LatentSpace_v363,Caudoputamen,3,3,0
LatentSpace_v363,Medial amygdalar nucleus,11,7,4
LatentSpace_v363,Hypothalamus,12,9,3
LatentSpace_v363,Thalamus,10,1,9
LatentSpace_v363,Inferior colliculus,9,9,0
LatentSpace_v363,"Superior colliculus, sensory related",10,10,0
LatentSpace_v363,Midbrain raphe nuclei,15,12,3
LatentSpace_v363,Midbrain-other,14,10,4
LatentSpace_v363,Periaqueductal gray,14,11,3
LatentSpace_v363,Pons,10,9,1
LatentSpace_v363,Medulla,33,9,24
LatentSpace_v363,Lingula (I),11,34,-23
LatentSpace_v363,Central lobule,12,34,-22
LatentSpace_v363,Culmen,30,34,-4
LatentSpace_v363,Declive (VI),23,28,-5
LatentSpace_v363,Folium-tuber vermis (VII),23,31,-8
LatentSpace_v363,Pyramus (VIII),23,32,-9
LatentSpace_v363,Uvula (IX),30,34,-4
LatentSpace_v363,Nodulus (X),19,35,-16
LatentSpace_v363,Simple lobule,22,29,-7
LatentSpace_v363,Crus 1,22,26,-4
LatentSpace_v363,Crus 2,22,27,-5
LatentSpace_v363,Paramedian lobule,23,33,-10
LatentSpace_v363,Copula pyramidis,23,34,-11
LatentSpace_v363,Flocculus,28,34,-6
LatentSpace_v363,Paraflocculus,24,36,-12
LatentSpace_v363,Cerebellar nuclei,31,11,20
LatentSpace_v364,Cortical subplate-other,7,15,-8
LatentSpace_v364,Claustrum,21,33,-12
LatentSpace_v364,Endopiriform nucleus,9,32,-23
LatentSpace_v364,Olfactory areas-other,13,33,-20
LatentSpace_v364,Postpiriform transition area,9,27,-18
LatentSpace_v364,Piriform area,16,34,-18
LatentSpace_v364,Taenia tecta,10,28,-18
LatentSpace_v364,Cortical amygdalar area,5,19,-14
LatentSpace_v364,Piriform-amygdalar area,5,28,-23
LatentSpace_v364,Main olfactory bulb,25,10,15
LatentSpace_v364,Accessory olfactory bulb,34,19,15
LatentSpace_v364,Anterior olfactory nucleus,10,32,-22
LatentSpace_v364,Subiculum,3,35,-32
LatentSpace_v364,Entorhinal area,9,22,-13
LatentSpace_v364,Field CA1,5,25,-20
LatentSpace_v364,Field CA2,6,14,-8
LatentSpace_v364,Field CA3,6,8,-2
LatentSpace_v364,Dentate gyrus,6,3,3
LatentSpace_v364,Anterior cingulate area,36,39,-3
LatentSpace_v364,Infralimbic area,11,26,-15
LatentSpace_v364,Retrosplenial area,25,36,-11
LatentSpace_v364,Prelimbic area,26,35,-9
LatentSpace_v364,Primary auditory area,36,38,-2
LatentSpace_v364,Dorsal auditory area,35,38,-3
LatentSpace_v364,Ventral auditory area,35,38,-3
LatentSpace_v364,Agranular insular area,24,37,-13
LatentSpace_v364,Ectorhinal area,22,33,-11
LatentSpace_v364,Primary motor area,35,38,-3
LatentSpace_v364,Secondary motor area,36,38,-2
LatentSpace_v364,"Frontal pole, cerebral cortex",33,40,-7
LatentSpace_v364,Orbital area,24,35,-11
LatentSpace_v364,Posterior parietal association areas,35,38,-3
LatentSpace_v364,Perirhinal area,13,32,-19
LatentSpace_v364,Primary somatosensory area,31,35,-4
LatentSpace_v364,Supplemental somatosensory area,38,38,0
LatentSpace_v364,Temporal association areas,25,33,-8
LatentSpace_v364,Visual areas,35,38,-3
LatentSpace_v364,Pallidum,7,6,1
LatentSpace_v364,Striatum ventral region,6,3,3
LatentSpace_v364,Lateral septal complex,11,4,7
LatentSpace_v364,Caudoputamen,3,3,0
LatentSpace_v364,Medial amygdalar nucleus,9,7,2
LatentSpace_v364,Hypothalamus,8,9,-1
LatentSpace_v364,Thalamus,8,1,7
LatentSpace_v364,Inferior colliculus,4,9,-5
LatentSpace_v364,"Superior colliculus, sensory related",8,10,-2
LatentSpace_v364,Midbrain raphe nuclei,14,12,2
LatentSpace_v364,Midbrain-other,12,10,2
LatentSpace_v364,Periaqueductal gray,12,11,1
LatentSpace_v364,Pons,10,9,1
LatentSpace_v364,Medulla,11,9,2
LatentSpace_v364,Lingula (I),14,34,-20
LatentSpace_v364,Central lobule,13,34,-21
LatentSpace_v364,Culmen,26,34,-8
LatentSpace_v364,Declive (VI),22,28,-6
LatentSpace_v364,Folium-tuber vermis (VII),23,31,-8
LatentSpace_v364,Pyramus (VIII),24,32,-8
LatentSpace_v364,Uvula (IX),32,34,-2
LatentSpace_v364,Nodulus (X),23,35,-12
LatentSpace_v364,Simple lobule,22,29,-7
LatentSpace_v364,Crus 1,21,26,-5
LatentSpace_v364,Crus 2,21,27,-6
LatentSpace_v364,Paramedian lobule,22,33,-11
LatentSpace_v364,Copula pyramidis,24,34,-10
LatentSpace_v364,Flocculus,33,34,-1
LatentSpace_v364,Paraflocculus,25,36,-11
LatentSpace_v364,Cerebellar nuclei,17,11,6
LatentSpace_v365,Cortical subplate-other,8,15,-7
LatentSpace_v365,Claustrum,21,33,-12
LatentSpace_v365,Endopiriform nucleus,6,32,-26
LatentSpace_v365,Olfactory areas-other,14,33,-19
LatentSpace_v365,Postpiriform transition area,10,27,-17
LatentSpace_v365,Piriform area,7,34,-27
LatentSpace_v365,Taenia tecta,10,28,-18
LatentSpace_v365,Cortical amygdalar area,5,19,-14
LatentSpace_v365,Piriform-amygdalar area,7,28,-21
LatentSpace_v365,Main olfactory bulb,58,10,48
LatentSpace_v365,Accessory olfactory bulb,40,19,21
LatentSpace_v365,Anterior olfactory nucleus,10,32,-22
LatentSpace_v365,Subiculum,5,35,-30
LatentSpace_v365,Entorhinal area,11,22,-11
LatentSpace_v365,Field CA1,6,25,-19
LatentSpace_v365,Field CA2,6,14,-8
LatentSpace_v365,Field CA3,6,8,-2
LatentSpace_v365,Dentate gyrus,6,3,3
LatentSpace_v365,Anterior cingulate area,38,39,-1
LatentSpace_v365,Infralimbic area,7,26,-19
LatentSpace_v365,Retrosplenial area,29,36,-7
LatentSpace_v365,Prelimbic area,34,35,-1
LatentSpace_v365,Primary auditory area,39,38,1
LatentSpace_v365,Dorsal auditory area,37,38,-1
LatentSpace_v365,Ventral auditory area,39,38,1
LatentSpace_v365,Agranular insular area,29,37,-8
LatentSpace_v365,Ectorhinal area,23,33,-10
LatentSpace_v365,Primary motor area,35,38,-3
LatentSpace_v365,Secondary motor area,36,38,-2
LatentSpace_v365,"Frontal pole, cerebral cortex",38,40,-2
LatentSpace_v365,Orbital area,30,35,-5
LatentSpace_v365,Posterior parietal association areas,35,38,-3
LatentSpace_v365,Perirhinal area,17,32,-15
LatentSpace_v365,Primary somatosensory area,34,35,-1
LatentSpace_v365,Supplemental somatosensory area,38,38,0
LatentSpace_v365,Temporal association areas,29,33,-4
LatentSpace_v365,Visual areas,35,38,-3
LatentSpace_v365,Pallidum,6,6,0
LatentSpace_v365,Striatum ventral region,5,3,2
LatentSpace_v365,Lateral septal complex,9,4,5
LatentSpace_v365,Caudoputamen,3,3,0
LatentSpace_v365,Medial amygdalar nucleus,11,7,4
LatentSpace_v365,Hypothalamus,11,9,2
LatentSpace_v365,Thalamus,8,1,7
LatentSpace_v365,Inferior colliculus,11,9,2
LatentSpace_v365,"Superior colliculus, sensory related",13,10,3
LatentSpace_v365,Midbrain raphe nuclei,14,12,2
LatentSpace_v365,Midbrain-other,14,10,4
LatentSpace_v365,Periaqueductal gray,12,11,1
LatentSpace_v365,Pons,11,9,2
LatentSpace_v365,Medulla,9,9,0
LatentSpace_v365,Lingula (I),14,34,-20
LatentSpace_v365,Central lobule,14,34,-20
LatentSpace_v365,Culmen,33,34,-1
LatentSpace_v365,Declive (VI),23,28,-5
LatentSpace_v365,Folium-tuber vermis (VII),23,31,-8
LatentSpace_v365,Pyramus (VIII),24,32,-8
LatentSpace_v365,Uvula (IX),34,34,0
LatentSpace_v365,Nodulus (X),20,35,-15
LatentSpace_v365,Simple lobule,23,29,-6
LatentSpace_v365,Crus 1,22,26,-4
LatentSpace_v365,Crus 2,22,27,-5
LatentSpace_v365,Paramedian lobule,23,33,-10
LatentSpace_v365,Copula pyramidis,26,34,-8
LatentSpace_v365,Flocculus,33,34,-1
LatentSpace_v365,Paraflocculus,31,36,-5
LatentSpace_v365,Cerebellar nuclei,14,11,3
LatentSpace_v366,Cortical subplate-other,11,15,-4
LatentSpace_v366,Claustrum,25,33,-8
LatentSpace_v366,Endopiriform nucleus,18,32,-14
LatentSpace_v366,Olfactory areas-other,15,33,-18
LatentSpace_v366,Postpiriform transition area,11,27,-16
LatentSpace_v366,Piriform area,18,34,-16
LatentSpace_v366,Taenia tecta,11,28,-17
LatentSpace_v366,Cortical amygdalar area,9,19,-10
LatentSpace_v366,Piriform-amygdalar area,11,28,-17
LatentSpace_v366,Main olfactory bulb,23,10,13
LatentSpace_v366,Accessory olfactory bulb,36,19,17
LatentSpace_v366,Anterior olfactory nucleus,9,32,-23
LatentSpace_v366,Subiculum,4,35,-31
LatentSpace_v366,Entorhinal area,13,22,-9
LatentSpace_v366,Field CA1,8,25,-17
LatentSpace_v366,Field CA2,7,14,-7
LatentSpace_v366,Field CA3,8,8,0
LatentSpace_v366,Dentate gyrus,7,3,4
LatentSpace_v366,Anterior cingulate area,35,39,-4
LatentSpace_v366,Infralimbic area,12,26,-14
LatentSpace_v366,Retrosplenial area,26,36,-10
LatentSpace_v366,Prelimbic area,31,35,-4
LatentSpace_v366,Primary auditory area,36,38,-2
LatentSpace_v366,Dorsal auditory area,35,38,-3
LatentSpace_v366,Ventral auditory area,36,38,-2
LatentSpace_v366,Agranular insular area,24,37,-13
LatentSpace_v366,Ectorhinal area,23,33,-10
LatentSpace_v366,Primary motor area,35,38,-3
LatentSpace_v366,Secondary motor area,36,38,-2
LatentSpace_v366,"Frontal pole, cerebral cortex",36,40,-4
LatentSpace_v366,Orbital area,28,35,-7
LatentSpace_v366,Posterior parietal association areas,34,38,-4
LatentSpace_v366,Perirhinal area,19,32,-13
LatentSpace_v366,Primary somatosensory area,31,35,-4
LatentSpace_v366,Supplemental somatosensory area,36,38,-2
LatentSpace_v366,Temporal association areas,31,33,-2
LatentSpace_v366,Visual areas,34,38,-4
LatentSpace_v366,Pallidum,7,6,1
LatentSpace_v366,Striatum ventral region,7,3,4
LatentSpace_v366,Lateral septal complex,12,4,8
LatentSpace_v366,Caudoputamen,3,3,0
LatentSpace_v366,Medial amygdalar nucleus,11,7,4
LatentSpace_v366,Hypothalamus,6,9,-3
LatentSpace_v366,Thalamus,9,1,8
LatentSpace_v366,Inferior colliculus,6,9,-3
LatentSpace_v366,"Superior colliculus, sensory related",4,10,-6
LatentSpace_v366,Midbrain raphe nuclei,13,12,1
LatentSpace_v366,Midbrain-other,9,10,-1
LatentSpace_v366,Periaqueductal gray,10,11,-1
LatentSpace_v366,Pons,9,9,0
LatentSpace_v366,Medulla,9,9,0
LatentSpace_v366,Lingula (I),13,34,-21
LatentSpace_v366,Central lobule,29,34,-5
LatentSpace_v366,Culmen,25,34,-9
LatentSpace_v366,Declive (VI),23,28,-5
LatentSpace_v366,Folium-tuber vermis (VII),24,31,-7
LatentSpace_v366,Pyramus (VIII),29,32,-3
LatentSpace_v366,Uvula (IX),20,34,-14
LatentSpace_v366,Nodulus (X),16,35,-19
LatentSpace_v366,Simple lobule,22,29,-7
LatentSpace_v366,Crus 1,22,26,-4
LatentSpace_v366,Crus 2,22,27,-5
LatentSpace_v366,Paramedian lobule,23,33,-10
LatentSpace_v366,Copula pyramidis,31,34,-3
LatentSpace_v366,Flocculus,30,34,-4
LatentSpace_v366,Paraflocculus,29,36,-7
LatentSpace_v366,Cerebellar nuclei,13,11,2
LatentSpace_v367,Cortical subplate-other,12,15,-3
LatentSpace_v367,Claustrum,31,33,-2
LatentSpace_v367,Endopiriform nucleus,14,32,-18
LatentSpace_v367,Olfactory areas-other,16,33,-17
LatentSpace_v367,Postpiriform transition area,12,27,-15
LatentSpace_v367,Piriform area,15,34,-19
LatentSpace_v367,Taenia tecta,16,28,-12
LatentSpace_v367,Cortical amygdalar area,10,19,-9
LatentSpace_v367,Piriform-amygdalar area,10,28,-18
LatentSpace_v367,Main olfactory bulb,23,10,13
LatentSpace_v367,Accessory olfactory bulb,26,19,7
LatentSpace_v367,Anterior olfactory nucleus,9,32,-23
LatentSpace_v367,Subiculum,5,35,-30
LatentSpace_v367,Entorhinal area,10,22,-12
LatentSpace_v367,Field CA1,6,25,-19
LatentSpace_v367,Field CA2,11,14,-3
LatentSpace_v367,Field CA3,5,8,-3
LatentSpace_v367,Dentate gyrus,8,3,5
LatentSpace_v367,Anterior cingulate area,35,39,-4
LatentSpace_v367,Infralimbic area,11,26,-15
LatentSpace_v367,Retrosplenial area,25,36,-11
LatentSpace_v367,Prelimbic area,26,35,-9
LatentSpace_v367,Primary auditory area,37,38,-1
LatentSpace_v367,Dorsal auditory area,35,38,-3
LatentSpace_v367,Ventral auditory area,36,38,-2
LatentSpace_v367,Agranular insular area,18,37,-19
LatentSpace_v367,Ectorhinal area,27,33,-6
LatentSpace_v367,Primary motor area,33,38,-5
LatentSpace_v367,Secondary motor area,36,38,-2
LatentSpace_v367,"Frontal pole, cerebral cortex",32,40,-8
LatentSpace_v367,Orbital area,24,35,-11
LatentSpace_v367,Posterior parietal association areas,35,38,-3
LatentSpace_v367,Perirhinal area,22,32,-10
LatentSpace_v367,Primary somatosensory area,27,35,-8
LatentSpace_v367,Supplemental somatosensory area,36,38,-2
LatentSpace_v367,Temporal association areas,31,33,-2
LatentSpace_v367,Visual areas,35,38,-3
LatentSpace_v367,Pallidum,7,6,1
LatentSpace_v367,Striatum ventral region,5,3,2
LatentSpace_v367,Lateral septal complex,9,4,5
LatentSpace_v367,Caudoputamen,3,3,0
LatentSpace_v367,Medial amygdalar nucleus,10,7,3
LatentSpace_v367,Hypothalamus,10,9,1
LatentSpace_v367,Thalamus,11,1,10
LatentSpace_v367,Inferior colliculus,19,9,10
LatentSpace_v367,"Superior colliculus, sensory related",4,10,-6
LatentSpace_v367,Midbrain raphe nuclei,14,12,2
LatentSpace_v367,Midbrain-other,14,10,4
LatentSpace_v367,Periaqueductal gray,11,11,0
LatentSpace_v367,Pons,11,9,2
LatentSpace_v367,Medulla,9,9,0
LatentSpace_v367,Lingula (I),10,34,-24
LatentSpace_v367,Central lobule,19,34,-15
LatentSpace_v367,Culmen,24,34,-10
LatentSpace_v367,Declive (VI),22,28,-6
LatentSpace_v367,Folium-tuber vermis (VII),23,31,-8
LatentSpace_v367,Pyramus (VIII),26,32,-6
LatentSpace_v367,Uvula (IX),18,34,-16
LatentSpace_v367,Nodulus (X),14,35,-21
LatentSpace_v367,Simple lobule,22,29,-7
LatentSpace_v367,Crus 1,21,26,-5
LatentSpace_v367,Crus 2,21,27,-6
LatentSpace_v367,Paramedian lobule,21,33,-12
LatentSpace_v367,Copula pyramidis,29,34,-5
LatentSpace_v367,Flocculus,15,34,-19
LatentSpace_v367,Paraflocculus,30,36,-6
LatentSpace_v367,Cerebellar nuclei,20,11,9
LatentSpace_v368,Cortical subplate-other,8,15,-7
LatentSpace_v368,Claustrum,25,33,-8
LatentSpace_v368,Endopiriform nucleus,10,32,-22
LatentSpace_v368,Olfactory areas-other,9,33,-24
LatentSpace_v368,Postpiriform transition area,8,27,-19
LatentSpace_v368,Piriform area,7,34,-27
LatentSpace_v368,Taenia tecta,15,28,-13
LatentSpace_v368,Cortical amygdalar area,3,19,-16
LatentSpace_v368,Piriform-amygdalar area,6,28,-22
LatentSpace_v368,Main olfactory bulb,23,10,13
LatentSpace_v368,Accessory olfactory bulb,44,19,25
LatentSpace_v368,Anterior olfactory nucleus,7,32,-25
LatentSpace_v368,Subiculum,2,35,-33
LatentSpace_v368,Entorhinal area,8,22,-14
LatentSpace_v368,Field CA1,7,25,-18
LatentSpace_v368,Field CA2,9,14,-5
LatentSpace_v368,Field CA3,7,8,-1
LatentSpace_v368,Dentate gyrus,8,3,5
LatentSpace_v368,Anterior cingulate area,33,39,-6
LatentSpace_v368,Infralimbic area,12,26,-14
LatentSpace_v368,Retrosplenial area,24,36,-12
LatentSpace_v368,Prelimbic area,25,35,-10
LatentSpace_v368,Primary auditory area,35,38,-3
LatentSpace_v368,Dorsal auditory area,34,38,-4
LatentSpace_v368,Ventral auditory area,36,38,-2
LatentSpace_v368,Agranular insular area,15,37,-22
LatentSpace_v368,Ectorhinal area,22,33,-11
LatentSpace_v368,Primary motor area,35,38,-3
LatentSpace_v368,Secondary motor area,32,38,-6
LatentSpace_v368,"Frontal pole, cerebral cortex",24,40,-16
LatentSpace_v368,Orbital area,20,35,-15
LatentSpace_v368,Posterior parietal association areas,35,38,-3
LatentSpace_v368,Perirhinal area,11,32,-21
LatentSpace_v368,Primary somatosensory area,28,35,-7
LatentSpace_v368,Supplemental somatosensory area,36,38,-2
LatentSpace_v368,Temporal association areas,29,33,-4
LatentSpace_v368,Visual areas,33,38,-5
LatentSpace_v368,Pallidum,7,6,1
LatentSpace_v368,Striatum ventral region,7,3,4
LatentSpace_v368,Lateral septal complex,11,4,7
LatentSpace_v368,Caudoputamen,3,3,0
LatentSpace_v368,Medial amygdalar nucleus,8,7,1
LatentSpace_v368,Hypothalamus,8,9,-1
LatentSpace_v368,Thalamus,12,1,11
LatentSpace_v368,Inferior colliculus,9,9,0
LatentSpace_v368,"Superior colliculus, sensory related",9,10,-1
LatentSpace_v368,Midbrain raphe nuclei,14,12,2
LatentSpace_v368,Midbrain-other,10,10,0
LatentSpace_v368,Periaqueductal gray,11,11,0
LatentSpace_v368,Pons,10,9,1
LatentSpace_v368,Medulla,11,9,2
LatentSpace_v368,Lingula (I),13,34,-21
LatentSpace_v368,Central lobule,12,34,-22
LatentSpace_v368,Culmen,28,34,-6
LatentSpace_v368,Declive (VI),23,28,-5
LatentSpace_v368,Folium-tuber vermis (VII),23,31,-8
LatentSpace_v368,Pyramus (VIII),23,32,-9
LatentSpace_v368,Uvula (IX),30,34,-4
LatentSpace_v368,Nodulus (X),14,35,-21
LatentSpace_v368,Simple lobule,22,29,-7
LatentSpace_v368,Crus 1,22,26,-4
LatentSpace_v368,Crus 2,22,27,-5
LatentSpace_v368,Paramedian lobule,23,33,-10
LatentSpace_v368,Copula pyramidis,23,34,-11
LatentSpace_v368,Flocculus,15,34,-19
LatentSpace_v368,Paraflocculus,23,36,-13
LatentSpace_v368,Cerebellar nuclei,11,11,0
LatentSpace_v369,Cortical subplate-other,8,15,-7
LatentSpace_v369,Claustrum,20,33,-13
LatentSpace_v369,Endopiriform nucleus,9,32,-23
LatentSpace_v369,Olfactory areas-other,13,33,-20
LatentSpace_v369,Postpiriform transition area,17,27,-10
LatentSpace_v369,Piriform area,13,34,-21
LatentSpace_v369,Taenia tecta,11,28,-17
LatentSpace_v369,Cortical amygdalar area,10,19,-9
LatentSpace_v369,Piriform-amygdalar area,14,28,-14
LatentSpace_v369,Main olfactory bulb,16,10,6
LatentSpace_v369,Accessory olfactory bulb,4,19,-15
LatentSpace_v369,Anterior olfactory nucleus,12,32,-20
LatentSpace_v369,Subiculum,4,35,-31
LatentSpace_v369,Entorhinal area,21,22,-1
LatentSpace_v369,Field CA1,6,25,-19
LatentSpace_v369,Field CA2,6,14,-8
LatentSpace_v369,Field CA3,6,8,-2
LatentSpace_v369,Dentate gyrus,8,3,5
LatentSpace_v369,Anterior cingulate area,35,39,-4
LatentSpace_v369,Infralimbic area,9,26,-17
LatentSpace_v369,Retrosplenial area,25,36,-11
LatentSpace_v369,Prelimbic area,28,35,-7
LatentSpace_v369,Primary auditory area,35,38,-3
LatentSpace_v369,Dorsal auditory area,35,38,-3
LatentSpace_v369,Ventral auditory area,38,38,0
LatentSpace_v369,Agranular insular area,17,37,-20
LatentSpace_v369,Ectorhinal area,23,33,-10
LatentSpace_v369,Primary motor area,35,38,-3
LatentSpace_v369,Secondary motor area,36,38,-2
LatentSpace_v369,"Frontal pole, cerebral cortex",31,40,-9
LatentSpace_v369,Orbital area,24,35,-11
LatentSpace_v369,Posterior parietal association areas,34,38,-4
LatentSpace_v369,Perirhinal area,21,32,-11
LatentSpace_v369,Primary somatosensory area,29,35,-6
LatentSpace_v369,Supplemental somatosensory area,36,38,-2
LatentSpace_v369,Temporal association areas,34,33,1
LatentSpace_v369,Visual areas,35,38,-3
LatentSpace_v369,Pallidum,7,6,1
LatentSpace_v369,Striatum ventral region,6,3,3
LatentSpace_v369,Lateral septal complex,6,4,2
LatentSpace_v369,Caudoputamen,3,3,0
LatentSpace_v369,Medial amygdalar nucleus,11,7,4
LatentSpace_v369,Hypothalamus,6,9,-3
LatentSpace_v369,Thalamus,9,1,8
LatentSpace_v369,Inferior colliculus,7,9,-2
LatentSpace_v369,"Superior colliculus, sensory related",4,10,-6
LatentSpace_v369,Midbrain raphe nuclei,14,12,2
LatentSpace_v369,Midbrain-other,11,10,1
LatentSpace_v369,Periaqueductal gray,12,11,1
LatentSpace_v369,Pons,10,9,1
LatentSpace_v369,Medulla,23,9,14
LatentSpace_v369,Lingula (I),16,34,-18
LatentSpace_v369,Central lobule,29,34,-5
LatentSpace_v369,Culmen,27,34,-7
LatentSpace_v369,Declive (VI),23,28,-5
LatentSpace_v369,Folium-tuber vermis (VII),25,31,-6
LatentSpace_v369,Pyramus (VIII),27,32,-5
LatentSpace_v369,Uvula (IX),21,34,-13
LatentSpace_v369,Nodulus (X),19,35,-16
LatentSpace_v369,Simple lobule,22,29,-7
LatentSpace_v369,Crus 1,22,26,-4
LatentSpace_v369,Crus 2,23,27,-4
LatentSpace_v369,Paramedian lobule,25,33,-8
LatentSpace_v369,Copula pyramidis,26,34,-8
LatentSpace_v369,Flocculus,33,34,-1
LatentSpace_v369,Paraflocculus,25,36,-11
LatentSpace_v369,Cerebellar nuclei,33,11,22
LatentSpace_v370,Cortical subplate-other,5,15,-10
LatentSpace_v370,Claustrum,32,33,-1
LatentSpace_v370,Endopiriform nucleus,13,32,-19
LatentSpace_v370,Olfactory areas-other,7,33,-26
LatentSpace_v370,Postpiriform transition area,7,27,-20
LatentSpace_v370,Piriform area,16,34,-18
LatentSpace_v370,Taenia tecta,12,28,-16
LatentSpace_v370,Cortical amygdalar area,5,19,-14
LatentSpace_v370,Piriform-amygdalar area,6,28,-22
LatentSpace_v370,Main olfactory bulb,1,10,-9
LatentSpace_v370,Accessory olfactory bulb,35,19,16
LatentSpace_v370,Anterior olfactory nucleus,6,32,-26
LatentSpace_v370,Subiculum,5,35,-30
LatentSpace_v370,Entorhinal area,11,22,-11
LatentSpace_v370,Field CA1,5,25,-20
LatentSpace_v370,Field CA2,5,14,-9
LatentSpace_v370,Field CA3,5,8,-3
LatentSpace_v370,Dentate gyrus,7,3,4
LatentSpace_v370,Anterior cingulate area,35,39,-4
LatentSpace_v370,Infralimbic area,10,26,-16
LatentSpace_v370,Retrosplenial area,26,36,-10
LatentSpace_v370,Prelimbic area,24,35,-11
LatentSpace_v370,Primary auditory area,36,38,-2
LatentSpace_v370,Dorsal auditory area,35,38,-3
LatentSpace_v370,Ventral auditory area,38,38,0
LatentSpace_v370,Agranular insular area,22,37,-15
LatentSpace_v370,Ectorhinal area,22,33,-11
LatentSpace_v370,Primary motor area,35,38,-3
LatentSpace_v370,Secondary motor area,37,38,-1
LatentSpace_v370,"Frontal pole, cerebral cortex",33,40,-7
LatentSpace_v370,Orbital area,21,35,-14
LatentSpace_v370,Posterior parietal association areas,35,38,-3
LatentSpace_v370,Perirhinal area,16,32,-16
LatentSpace_v370,Primary somatosensory area,31,35,-4
LatentSpace_v370,Supplemental somatosensory area,37,38,-1
LatentSpace_v370,Temporal association areas,29,33,-4
LatentSpace_v370,Visual areas,35,38,-3
LatentSpace_v370,Pallidum,7,6,1
LatentSpace_v370,Striatum ventral region,5,3,2
LatentSpace_v370,Lateral septal complex,7,4,3
LatentSpace_v370,Caudoputamen,4,3,1
LatentSpace_v370,Medial amygdalar nucleus,7,7,0
LatentSpace_v370,Hypothalamus,9,9,0
LatentSpace_v370,Thalamus,8,1,7
LatentSpace_v370,Inferior colliculus,11,9,2
LatentSpace_v370,"Superior colliculus, sensory related",8,10,-2
LatentSpace_v370,Midbrain raphe nuclei,14,12,2
LatentSpace_v370,Midbrain-other,13,10,3
LatentSpace_v370,Periaqueductal gray,12,11,1
LatentSpace_v370,Pons,12,9,3
LatentSpace_v370,Medulla,12,9,3
LatentSpace_v370,Lingula (I),26,34,-8
LatentSpace_v370,Central lobule,29,34,-5
LatentSpace_v370,Culmen,24,34,-10
LatentSpace_v370,Declive (VI),22,28,-6
LatentSpace_v370,Folium-tuber vermis (VII),23,31,-8
LatentSpace_v370,Pyramus (VIII),23,32,-9
LatentSpace_v370,Uvula (IX),25,34,-9
LatentSpace_v370,Nodulus (X),21,35,-14
LatentSpace_v370,Simple lobule,22,29,-7
LatentSpace_v370,Crus 1,22,26,-4
LatentSpace_v370,Crus 2,21,27,-6
LatentSpace_v370,Paramedian lobule,23,33,-10
LatentSpace_v370,Copula pyramidis,23,34,-11
LatentSpace_v370,Flocculus,19,34,-15
LatentSpace_v370,Paraflocculus,30,36,-6
LatentSpace_v370,Cerebellar nuclei,20,11,9
LatentSpace_v371,Cortical subplate-other,10,15,-5
LatentSpace_v371,Claustrum,21,33,-12
LatentSpace_v371,Endopiriform nucleus,9,32,-23
LatentSpace_v371,Olfactory areas-other,12,33,-21
LatentSpace_v371,Postpiriform transition area,12,27,-15
LatentSpace_v371,Piriform area,12,34,-22
LatentSpace_v371,Taenia tecta,11,28,-17
LatentSpace_v371,Cortical amygdalar area,6,19,-13
LatentSpace_v371,Piriform-amygdalar area,5,28,-23
LatentSpace_v371,Main olfactory bulb,37,10,27
LatentSpace_v371,Accessory olfactory bulb,4,19,-15
LatentSpace_v371,Anterior olfactory nucleus,11,32,-21
LatentSpace_v371,Subiculum,5,35,-30
LatentSpace_v371,Entorhinal area,15,22,-7
LatentSpace_v371,Field CA1,7,25,-18
LatentSpace_v371,Field CA2,7,14,-7
LatentSpace_v371,Field CA3,7,8,-1
LatentSpace_v371,Dentate gyrus,8,3,5
LatentSpace_v371,Anterior cingulate area,36,39,-3
LatentSpace_v371,Infralimbic area,11,26,-15
LatentSpace_v371,Retrosplenial area,24,36,-12
LatentSpace_v371,Prelimbic area,28,35,-7
LatentSpace_v371,Primary auditory area,37,38,-1
LatentSpace_v371,Dorsal auditory area,35,38,-3
LatentSpace_v371,Ventral auditory area,30,38,-8
LatentSpace_v371,Agranular insular area,21,37,-16
LatentSpace_v371,Ectorhinal area,23,33,-10
LatentSpace_v371,Primary motor area,35,38,-3
LatentSpace_v371,Secondary motor area,36,38,-2
LatentSpace_v371,"Frontal pole, cerebral cortex",33,40,-7
LatentSpace_v371,Orbital area,23,35,-12
LatentSpace_v371,Posterior parietal association areas,32,38,-6
LatentSpace_v371,Perirhinal area,19,32,-13
LatentSpace_v371,Primary somatosensory area,28,35,-7
LatentSpace_v371,Supplemental somatosensory area,36,38,-2
LatentSpace_v371,Temporal association areas,24,33,-9
LatentSpace_v371,Visual areas,32,38,-6
LatentSpace_v371,Pallidum,12,6,6
LatentSpace_v371,Striatum ventral region,6,3,3
LatentSpace_v371,Lateral septal complex,11,4,7
LatentSpace_v371,Caudoputamen,3,3,0
LatentSpace_v371,Medial amygdalar nucleus,12,7,5
LatentSpace_v371,Hypothalamus,12,9,3
LatentSpace_v371,Thalamus,11,1,10
LatentSpace_v371,Inferior colliculus,24,9,15
LatentSpace_v371,"Superior colliculus, sensory related",10,10,0
LatentSpace_v371,Midbrain raphe nuclei,14,12,2
LatentSpace_v371,Midbrain-other,11,10,1
LatentSpace_v371,Periaqueductal gray,13,11,2
LatentSpace_v371,Pons,10,9,1
LatentSpace_v371,Medulla,10,9,1
LatentSpace_v371,Lingula (I),17,34,-17
LatentSpace_v371,Central lobule,25,34,-9
LatentSpace_v371,Culmen,25,34,-9
LatentSpace_v371,Declive (VI),23,28,-5
LatentSpace_v371,Folium-tuber vermis (VII),23,31,-8
LatentSpace_v371,Pyramus (VIII),25,32,-7
LatentSpace_v371,Uvula (IX),33,34,-1
LatentSpace_v371,Nodulus (X),17,35,-18
LatentSpace_v371,Simple lobule,22,29,-7
LatentSpace_v371,Crus 1,22,26,-4
LatentSpace_v371,Crus 2,23,27,-4
LatentSpace_v371,Paramedian lobule,24,33,-9
LatentSpace_v371,Copula pyramidis,27,34,-7
LatentSpace_v371,Flocculus,37,34,3
LatentSpace_v371,Paraflocculus,38,36,2
LatentSpace_v371,Cerebellar nuclei,12,11,1
LatentSpace_v372,Cortical subplate-other,9,15,-6
LatentSpace_v372,Claustrum,21,33,-12
LatentSpace_v372,Endopiriform nucleus,19,32,-13
LatentSpace_v372,Olfactory areas-other,14,33,-19
LatentSpace_v372,Postpiriform transition area,11,27,-16
LatentSpace_v372,Piriform area,20,34,-14
LatentSpace_v372,Taenia tecta,5,28,-23
LatentSpace_v372,Cortical amygdalar area,6,19,-13
LatentSpace_v372,Piriform-amygdalar area,13,28,-15
LatentSpace_v372,Main olfactory bulb,28,10,18
LatentSpace_v372,Accessory olfactory bulb,35,19,16
LatentSpace_v372,Anterior olfactory nucleus,8,32,-24
LatentSpace_v372,Subiculum,8,35,-27
LatentSpace_v372,Entorhinal area,16,22,-6
LatentSpace_v372,Field CA1,8,25,-17
LatentSpace_v372,Field CA2,7,14,-7
LatentSpace_v372,Field CA3,8,8,0
LatentSpace_v372,Dentate gyrus,9,3,6
LatentSpace_v372,Anterior cingulate area,37,39,-2
LatentSpace_v372,Infralimbic area,12,26,-14
LatentSpace_v372,Retrosplenial area,28,36,-8
LatentSpace_v372,Prelimbic area,24,35,-11
LatentSpace_v372,Primary auditory area,36,38,-2
LatentSpace_v372,Dorsal auditory area,36,38,-2
LatentSpace_v372,Ventral auditory area,38,38,0
LatentSpace_v372,Agranular insular area,24,37,-13
LatentSpace_v372,Ectorhinal area,23,33,-10
LatentSpace_v372,Primary motor area,36,38,-2
LatentSpace_v372,Secondary motor area,36,38,-2
LatentSpace_v372,"Frontal pole, cerebral cortex",36,40,-4
LatentSpace_v372,Orbital area,24,35,-11
LatentSpace_v372,Posterior parietal association areas,35,38,-3
LatentSpace_v372,Perirhinal area,20,32,-12
LatentSpace_v372,Primary somatosensory area,29,35,-6
LatentSpace_v372,Supplemental somatosensory area,37,38,-1
LatentSpace_v372,Temporal association areas,34,33,1
LatentSpace_v372,Visual areas,33,38,-5
LatentSpace_v372,Pallidum,7,6,1
LatentSpace_v372,Striatum ventral region,3,3,0
LatentSpace_v372,Lateral septal complex,7,4,3
LatentSpace_v372,Caudoputamen,3,3,0
LatentSpace_v372,Medial amygdalar nucleus,7,7,0
LatentSpace_v372,Hypothalamus,7,9,-2
LatentSpace_v372,Thalamus,7,1,6
LatentSpace_v372,Inferior colliculus,7,9,-2
LatentSpace_v372,"Superior colliculus, sensory related",6,10,-4
LatentSpace_v372,Midbrain raphe nuclei,14,12,2
LatentSpace_v372,Midbrain-other,9,10,-1
LatentSpace_v372,Periaqueductal gray,11,11,0
LatentSpace_v372,Pons,9,9,0
LatentSpace_v372,Medulla,9,9,0
LatentSpace_v372,Lingula (I),10,34,-24
LatentSpace_v372,Central lobule,7,34,-27
LatentSpace_v372,Culmen,7,34,-27
LatentSpace_v372,Declive (VI),22,28,-6
LatentSpace_v372,Folium-tuber vermis (VII),23,31,-8
LatentSpace_v372,Pyramus (VIII),23,32,-9
LatentSpace_v372,Uvula (IX),16,34,-18
LatentSpace_v372,Nodulus (X),13,35,-22
LatentSpace_v372,Simple lobule,23,29,-6
LatentSpace_v372,Crus 1,22,26,-4
LatentSpace_v372,Crus 2,22,27,-5
LatentSpace_v372,Paramedian lobule,23,33,-10
LatentSpace_v372,Copula pyramidis,23,34,-11
LatentSpace_v372,Flocculus,14,34,-20
LatentSpace_v372,Paraflocculus,14,36,-22
LatentSpace_v372,Cerebellar nuclei,10,11,-1
LatentSpace_v373,Cortical subplate-other,11,15,-4
LatentSpace_v373,Claustrum,22,33,-11
LatentSpace_v373,Endopiriform nucleus,14,32,-18
LatentSpace_v373,Olfactory areas-other,19,33,-14
LatentSpace_v373,Postpiriform transition area,13,27,-14
LatentSpace_v373,Piriform area,18,34,-16
LatentSpace_v373,Taenia tecta,12,28,-16
LatentSpace_v373,Cortical amygdalar area,12,19,-7
LatentSpace_v373,Piriform-amygdalar area,13,28,-15
LatentSpace_v373,Main olfactory bulb,21,10,11
LatentSpace_v373,Accessory olfactory bulb,37,19,18
LatentSpace_v373,Anterior olfactory nucleus,13,32,-19
LatentSpace_v373,Subiculum,3,35,-32
LatentSpace_v373,Entorhinal area,14,22,-8
LatentSpace_v373,Field CA1,5,25,-20
LatentSpace_v373,Field CA2,6,14,-8
LatentSpace_v373,Field CA3,5,8,-3
LatentSpace_v373,Dentate gyrus,7,3,4
LatentSpace_v373,Anterior cingulate area,35,39,-4
LatentSpace_v373,Infralimbic area,11,26,-15
LatentSpace_v373,Retrosplenial area,25,36,-11
LatentSpace_v373,Prelimbic area,29,35,-6
LatentSpace_v373,Primary auditory area,37,38,-1
LatentSpace_v373,Dorsal auditory area,35,38,-3
LatentSpace_v373,Ventral auditory area,38,38,0
LatentSpace_v373,Agranular insular area,24,37,-13
LatentSpace_v373,Ectorhinal area,22,33,-11
LatentSpace_v373,Primary motor area,35,38,-3
LatentSpace_v373,Secondary motor area,36,38,-2
LatentSpace_v373,"Frontal pole, cerebral cortex",35,40,-5
LatentSpace_v373,Orbital area,24,35,-11
LatentSpace_v373,Posterior parietal association areas,35,38,-3
LatentSpace_v373,Perirhinal area,18,32,-14
LatentSpace_v373,Primary somatosensory area,33,35,-2
LatentSpace_v373,Supplemental somatosensory area,36,38,-2
LatentSpace_v373,Temporal association areas,29,33,-4
LatentSpace_v373,Visual areas,35,38,-3
LatentSpace_v373,Pallidum,4,6,-2
LatentSpace_v373,Striatum ventral region,9,3,6
LatentSpace_v373,Lateral septal complex,4,4,0
LatentSpace_v373,Caudoputamen,3,3,0
LatentSpace_v373,Medial amygdalar nucleus,8,7,1
LatentSpace_v373,Hypothalamus,4,9,-5
LatentSpace_v373,Thalamus,10,1,9
LatentSpace_v373,Inferior colliculus,7,9,-2
LatentSpace_v373,"Superior colliculus, sensory related",9,10,-1
LatentSpace_v373,Midbrain raphe nuclei,14,12,2
LatentSpace_v373,Midbrain-other,13,10,3
LatentSpace_v373,Periaqueductal gray,11,11,0
LatentSpace_v373,Pons,12,9,3
LatentSpace_v373,Medulla,16,9,7
LatentSpace_v373,Lingula (I),13,34,-21
LatentSpace_v373,Central lobule,11,34,-23
LatentSpace_v373,Culmen,30,34,-4
LatentSpace_v373,Declive (VI),22,28,-6
LatentSpace_v373,Folium-tuber vermis (VII),23,31,-8
LatentSpace_v373,Pyramus (VIII),23,32,-9
LatentSpace_v373,Uvula (IX),30,34,-4
LatentSpace_v373,Nodulus (X),22,35,-13
LatentSpace_v373,Simple lobule,23,29,-6
LatentSpace_v373,Crus 1,22,26,-4
LatentSpace_v373,Crus 2,21,27,-6
LatentSpace_v373,Paramedian lobule,23,33,-10
LatentSpace_v373,Copula pyramidis,23,34,-11
LatentSpace_v373,Flocculus,25,34,-9
LatentSpace_v373,Paraflocculus,27,36,-9
LatentSpace_v373,Cerebellar nuclei,16,11,5
LatentSpace_v374,Cortical subplate-other,15,15,0
LatentSpace_v374,Claustrum,22,33,-11
LatentSpace_v374,Endopiriform nucleus,17,32,-15
LatentSpace_v374,Olfactory areas-other,11,33,-22
LatentSpace_v374,Postpiriform transition area,16,27,-11
LatentSpace_v374,Piriform area,19,34,-15
LatentSpace_v374,Taenia tecta,16,28,-12
LatentSpace_v374,Cortical amygdalar area,13,19,-6
LatentSpace_v374,Piriform-amygdalar area,19,28,-9
LatentSpace_v374,Main olfactory bulb,37,10,27
LatentSpace_v374,Accessory olfactory bulb,20,19,1
LatentSpace_v374,Anterior olfactory nucleus,15,32,-17
LatentSpace_v374,Subiculum,7,35,-28
LatentSpace_v374,Entorhinal area,17,22,-5
LatentSpace_v374,Field CA1,6,25,-19
LatentSpace_v374,Field CA2,6,14,-8
LatentSpace_v374,Field CA3,6,8,-2
LatentSpace_v374,Dentate gyrus,7,3,4
LatentSpace_v374,Anterior cingulate area,32,39,-7
LatentSpace_v374,Infralimbic area,12,26,-14
LatentSpace_v374,Retrosplenial area,26,36,-10
LatentSpace_v374,Prelimbic area,25,35,-10
LatentSpace_v374,Primary auditory area,35,38,-3
LatentSpace_v374,Dorsal auditory area,31,38,-7
LatentSpace_v374,Ventral auditory area,36,38,-2
LatentSpace_v374,Agranular insular area,16,37,-21
LatentSpace_v374,Ectorhinal area,20,33,-13
LatentSpace_v374,Primary motor area,31,38,-7
LatentSpace_v374,Secondary motor area,33,38,-5
LatentSpace_v374,"Frontal pole, cerebral cortex",23,40,-17
LatentSpace_v374,Orbital area,16,35,-19
LatentSpace_v374,Posterior parietal association areas,33,38,-5
LatentSpace_v374,Perirhinal area,19,32,-13
LatentSpace_v374,Primary somatosensory area,23,35,-12
LatentSpace_v374,Supplemental somatosensory area,35,38,-3
LatentSpace_v374,Temporal association areas,29,33,-4
LatentSpace_v374,Visual areas,30,38,-8
LatentSpace_v374,Pallidum,10,6,4
LatentSpace_v374,Striatum ventral region,8,3,5
LatentSpace_v374,Lateral septal complex,14,4,10
LatentSpace_v374,Caudoputamen,3,3,0
LatentSpace_v374,Medial amygdalar nucleus,14,7,7
LatentSpace_v374,Hypothalamus,11,9,2
LatentSpace_v374,Thalamus,8,1,7
LatentSpace_v374,Inferior colliculus,6,9,-3
LatentSpace_v374,"Superior colliculus, sensory related",4,10,-6
LatentSpace_v374,Midbrain raphe nuclei,17,12,5
LatentSpace_v374,Midbrain-other,13,10,3
LatentSpace_v374,Periaqueductal gray,12,11,1
LatentSpace_v374,Pons,12,9,3
LatentSpace_v374,Medulla,17,9,8
LatentSpace_v374,Lingula (I),19,34,-15
LatentSpace_v374,Central lobule,33,34,-1
LatentSpace_v374,Culmen,30,34,-4
LatentSpace_v374,Declive (VI),22,28,-6
LatentSpace_v374,Folium-tuber vermis (VII),23,31,-8
LatentSpace_v374,Pyramus (VIII),23,32,-9
LatentSpace_v374,Uvula (IX),33,34,-1
LatentSpace_v374,Nodulus (X),22,35,-13
LatentSpace_v374,Simple lobule,23,29,-6
LatentSpace_v374,Crus 1,21,26,-5
LatentSpace_v374,Crus 2,21,27,-6
LatentSpace_v374,Paramedian lobule,22,33,-11
LatentSpace_v374,Copula pyramidis,24,34,-10
LatentSpace_v374,Flocculus,35,34,1
LatentSpace_v374,Paraflocculus,32,36,-4
LatentSpace_v374,Cerebellar nuclei,17,11,6
LatentSpace_v375,Cortical subplate-other,7,15,-8
LatentSpace_v375,Claustrum,24,33,-9
LatentSpace_v375,Endopiriform nucleus,7,32,-25
LatentSpace_v375,Olfactory areas-other,14,33,-19
LatentSpace_v375,Postpiriform transition area,11,27,-16
LatentSpace_v375,Piriform area,11,34,-23
LatentSpace_v375,Taenia tecta,10,28,-18
LatentSpace_v375,Cortical amygdalar area,4,19,-15
LatentSpace_v375,Piriform-amygdalar area,4,28,-24
LatentSpace_v375,Main olfactory bulb,47,10,37
LatentSpace_v375,Accessory olfactory bulb,50,19,31
LatentSpace_v375,Anterior olfactory nucleus,13,32,-19
LatentSpace_v375,Subiculum,4,35,-31
LatentSpace_v375,Entorhinal area,13,22,-9
LatentSpace_v375,Field CA1,6,25,-19
LatentSpace_v375,Field CA2,8,14,-6
LatentSpace_v375,Field CA3,7,8,-1
LatentSpace_v375,Dentate gyrus,7,3,4
LatentSpace_v375,Anterior cingulate area,35,39,-4
LatentSpace_v375,Infralimbic area,10,26,-16
LatentSpace_v375,Retrosplenial area,25,36,-11
LatentSpace_v375,Prelimbic area,30,35,-5
LatentSpace_v375,Primary auditory area,36,38,-2
LatentSpace_v375,Dorsal auditory area,36,38,-2
LatentSpace_v375,Ventral auditory area,34,38,-4
LatentSpace_v375,Agranular insular area,23,37,-14
LatentSpace_v375,Ectorhinal area,21,33,-12
LatentSpace_v375,Primary motor area,35,38,-3
LatentSpace_v375,Secondary motor area,35,38,-3
LatentSpace_v375,"Frontal pole, cerebral cortex",35,40,-5
LatentSpace_v375,Orbital area,24,35,-11
LatentSpace_v375,Posterior parietal association areas,35,38,-3
LatentSpace_v375,Perirhinal area,15,32,-17
LatentSpace_v375,Primary somatosensory area,29,35,-6
LatentSpace_v375,Supplemental somatosensory area,37,38,-1
LatentSpace_v375,Temporal association areas,26,33,-7
LatentSpace_v375,Visual areas,35,38,-3
LatentSpace_v375,Pallidum,8,6,2
LatentSpace_v375,Striatum ventral region,7,3,4
LatentSpace_v375,Lateral septal complex,8,4,4
LatentSpace_v375,Caudoputamen,3,3,0
LatentSpace_v375,Medial amygdalar nucleus,10,7,3
LatentSpace_v375,Hypothalamus,9,9,0
LatentSpace_v375,Thalamus,8,1,7
LatentSpace_v375,Inferior colliculus,7,9,-2
LatentSpace_v375,"Superior colliculus, sensory related",4,10,-6
LatentSpace_v375,Midbrain raphe nuclei,14,12,2
LatentSpace_v375,Midbrain-other,11,10,1
LatentSpace_v375,Periaqueductal gray,11,11,0
LatentSpace_v375,Pons,9,9,0
LatentSpace_v375,Medulla,10,9,1
LatentSpace_v375,Lingula (I),14,34,-20
LatentSpace_v375,Central lobule,17,34,-17
LatentSpace_v375,Culmen,28,34,-6
LatentSpace_v375,Declive (VI),23,28,-5
LatentSpace_v375,Folium-tuber vermis (VII),23,31,-8
LatentSpace_v375,Pyramus (VIII),23,32,-9
LatentSpace_v375,Uvula (IX),22,34,-12
LatentSpace_v375,Nodulus (X),19,35,-16
LatentSpace_v375,Simple lobule,23,29,-6
LatentSpace_v375,Crus 1,22,26,-4
LatentSpace_v375,Crus 2,22,27,-5
LatentSpace_v375,Paramedian lobule,23,33,-10
LatentSpace_v375,Copula pyramidis,25,34,-9
LatentSpace_v375,Flocculus,32,34,-2
LatentSpace_v375,Paraflocculus,29,36,-7
LatentSpace_v375,Cerebellar nuclei,13,11,2
LatentSpace_v376,Cortical subplate-other,12,15,-3
LatentSpace_v376,Claustrum,23,33,-10
LatentSpace_v376,Endopiriform nucleus,18,32,-14
LatentSpace_v376,Olfactory areas-other,20,33,-13
LatentSpace_v376,Postpiriform transition area,11,27,-16
LatentSpace_v376,Piriform area,22,34,-12
LatentSpace_v376,Taenia tecta,14,28,-14
LatentSpace_v376,Cortical amygdalar area,10,19,-9
LatentSpace_v376,Piriform-amygdalar area,13,28,-15
LatentSpace_v376,Main olfactory bulb,10,10,0
LatentSpace_v376,Accessory olfactory bulb,32,19,13
LatentSpace_v376,Anterior olfactory nucleus,14,32,-18
LatentSpace_v376,Subiculum,3,35,-32
LatentSpace_v376,Entorhinal area,9,22,-13
LatentSpace_v376,Field CA1,2,25,-23
LatentSpace_v376,Field CA2,5,14,-9
LatentSpace_v376,Field CA3,7,8,-1
LatentSpace_v376,Dentate gyrus,8,3,5
LatentSpace_v376,Anterior cingulate area,36,39,-3
LatentSpace_v376,Infralimbic area,10,26,-16
LatentSpace_v376,Retrosplenial area,27,36,-9
LatentSpace_v376,Prelimbic area,29,35,-6
LatentSpace_v376,Primary auditory area,37,38,-1
LatentSpace_v376,Dorsal auditory area,35,38,-3
LatentSpace_v376,Ventral auditory area,39,38,1
LatentSpace_v376,Agranular insular area,24,37,-13
LatentSpace_v376,Ectorhinal area,23,33,-10
LatentSpace_v376,Primary motor area,35,38,-3
LatentSpace_v376,Secondary motor area,35,38,-3
LatentSpace_v376,"Frontal pole, cerebral cortex",36,40,-4
LatentSpace_v376,Orbital area,24,35,-11
LatentSpace_v376,Posterior parietal association areas,35,38,-3
LatentSpace_v376,Perirhinal area,17,32,-15
LatentSpace_v376,Primary somatosensory area,35,35,0
LatentSpace_v376,Supplemental somatosensory area,38,38,0
LatentSpace_v376,Temporal association areas,32,33,-1
LatentSpace_v376,Visual areas,35,38,-3
LatentSpace_v376,Pallidum,10,6,4
LatentSpace_v376,Striatum ventral region,9,3,6
LatentSpace_v376,Lateral septal complex,8,4,4
LatentSpace_v376,Caudoputamen,3,3,0
LatentSpace_v376,Medial amygdalar nucleus,12,7,5
LatentSpace_v376,Hypothalamus,12,9,3
LatentSpace_v376,Thalamus,11,1,10
LatentSpace_v376,Inferior colliculus,7,9,-2
LatentSpace_v376,"Superior colliculus, sensory related",6,10,-4
LatentSpace_v376,Midbrain raphe nuclei,13,12,1
LatentSpace_v376,Midbrain-other,13,10,3
LatentSpace_v376,Periaqueductal gray,12,11,1
LatentSpace_v376,Pons,12,9,3
LatentSpace_v376,Medulla,10,9,1
LatentSpace_v376,Lingula (I),22,34,-12
LatentSpace_v376,Central lobule,30,34,-4
LatentSpace_v376,Culmen,26,34,-8
LatentSpace_v376,Declive (VI),23,28,-5
LatentSpace_v376,Folium-tuber vermis (VII),23,31,-8
LatentSpace_v376,Pyramus (VIII),23,32,-9
LatentSpace_v376,Uvula (IX),30,34,-4
LatentSpace_v376,Nodulus (X),22,35,-13
LatentSpace_v376,Simple lobule,23,29,-6
LatentSpace_v376,Crus 1,22,26,-4
LatentSpace_v376,Crus 2,22,27,-5
LatentSpace_v376,Paramedian lobule,23,33,-10
LatentSpace_v376,Copula pyramidis,25,34,-9
LatentSpace_v376,Flocculus,31,34,-3
LatentSpace_v376,Paraflocculus,24,36,-12
LatentSpace_v376,Cerebellar nuclei,20,11,9
LatentSpace_v377,Cortical subplate-other,6,15,-9
LatentSpace_v377,Claustrum,31,33,-2
LatentSpace_v377,Endopiriform nucleus,7,32,-25
LatentSpace_v377,Olfactory areas-other,9,33,-24
LatentSpace_v377,Postpiriform transition area,4,27,-23
LatentSpace_v377,Piriform area,13,34,-21
LatentSpace_v377,Taenia tecta,11,28,-17
LatentSpace_v377,Cortical amygdalar area,4,19,-15
LatentSpace_v377,Piriform-amygdalar area,3,28,-25
LatentSpace_v377,Main olfactory bulb,22,10,12
LatentSpace_v377,Accessory olfactory bulb,34,19,15
LatentSpace_v377,Anterior olfactory nucleus,13,32,-19
LatentSpace_v377,Subiculum,5,35,-30
LatentSpace_v377,Entorhinal area,15,22,-7
LatentSpace_v377,Field CA1,12,25,-13
LatentSpace_v377,Field CA2,25,14,11
LatentSpace_v377,Field CA3,6,8,-2
LatentSpace_v377,Dentate gyrus,6,3,3
LatentSpace_v377,Anterior cingulate area,38,39,-1
LatentSpace_v377,Infralimbic area,12,26,-14
LatentSpace_v377,Retrosplenial area,25,36,-11
LatentSpace_v377,Prelimbic area,35,35,0
LatentSpace_v377,Primary auditory area,38,38,0
LatentSpace_v377,Dorsal auditory area,35,38,-3
LatentSpace_v377,Ventral auditory area,37,38,-1
LatentSpace_v377,Agranular insular area,26,37,-11
LatentSpace_v377,Ectorhinal area,29,33,-4
LatentSpace_v377,Primary motor area,35,38,-3
LatentSpace_v377,Secondary motor area,37,38,-1
LatentSpace_v377,"Frontal pole, cerebral cortex",36,40,-4
LatentSpace_v377,Orbital area,24,35,-11
LatentSpace_v377,Posterior parietal association areas,35,38,-3
LatentSpace_v377,Perirhinal area,23,32,-9
LatentSpace_v377,Primary somatosensory area,25,35,-10
LatentSpace_v377,Supplemental somatosensory area,36,38,-2
LatentSpace_v377,Temporal association areas,33,33,0
LatentSpace_v377,Visual areas,35,38,-3
LatentSpace_v377,Pallidum,8,6,2
LatentSpace_v377,Striatum ventral region,8,3,5
LatentSpace_v377,Lateral septal complex,10,4,6
LatentSpace_v377,Caudoputamen,3,3,0
LatentSpace_v377,Medial amygdalar nucleus,9,7,2
LatentSpace_v377,Hypothalamus,7,9,-2
LatentSpace_v377,Thalamus,8,1,7
LatentSpace_v377,Inferior colliculus,6,9,-3
LatentSpace_v377,"Superior colliculus, sensory related",9,10,-1
LatentSpace_v377,Midbrain raphe nuclei,12,12,0
LatentSpace_v377,Midbrain-other,13,10,3
LatentSpace_v377,Periaqueductal gray,11,11,0
LatentSpace_v377,Pons,12,9,3
LatentSpace_v377,Medulla,12,9,3
LatentSpace_v377,Lingula (I),11,34,-23
LatentSpace_v377,Central lobule,16,34,-18
LatentSpace_v377,Culmen,26,34,-8
LatentSpace_v377,Declive (VI),22,28,-6
LatentSpace_v377,Folium-tuber vermis (VII),23,31,-8
LatentSpace_v377,Pyramus (VIII),23,32,-9
LatentSpace_v377,Uvula (IX),19,34,-15
LatentSpace_v377,Nodulus (X),15,35,-20
LatentSpace_v377,Simple lobule,22,29,-7
LatentSpace_v377,Crus 1,21,26,-5
LatentSpace_v377,Crus 2,21,27,-6
LatentSpace_v377,Paramedian lobule,23,33,-10
LatentSpace_v377,Copula pyramidis,26,34,-8
LatentSpace_v377,Flocculus,33,34,-1
LatentSpace_v377,Paraflocculus,23,36,-13
LatentSpace_v377,Cerebellar nuclei,19,11,8
LatentSpace_v378,Cortical subplate-other,6,15,-9
LatentSpace_v378,Claustrum,26,33,-7
LatentSpace_v378,Endopiriform nucleus,9,32,-23
LatentSpace_v378,Olfactory areas-other,13,33,-20
LatentSpace_v378,Postpiriform transition area,11,27,-16
LatentSpace_v378,Piriform area,19,34,-15
LatentSpace_v378,Taenia tecta,11,28,-17
LatentSpace_v378,Cortical amygdalar area,5,19,-14
LatentSpace_v378,Piriform-amygdalar area,7,28,-21
LatentSpace_v378,Main olfactory bulb,7,10,-3
LatentSpace_v378,Accessory olfactory bulb,2,19,-17
LatentSpace_v378,Anterior olfactory nucleus,8,32,-24
LatentSpace_v378,Subiculum,5,35,-30
LatentSpace_v378,Entorhinal area,13,22,-9
LatentSpace_v378,Field CA1,7,25,-18
LatentSpace_v378,Field CA2,7,14,-7
LatentSpace_v378,Field CA3,6,8,-2
LatentSpace_v378,Dentate gyrus,7,3,4
LatentSpace_v378,Anterior cingulate area,35,39,-4
LatentSpace_v378,Infralimbic area,12,26,-14
LatentSpace_v378,Retrosplenial area,24,36,-12
LatentSpace_v378,Prelimbic area,28,35,-7
LatentSpace_v378,Primary auditory area,35,38,-3
LatentSpace_v378,Dorsal auditory area,35,38,-3
LatentSpace_v378,Ventral auditory area,37,38,-1
LatentSpace_v378,Agranular insular area,25,37,-12
LatentSpace_v378,Ectorhinal area,23,33,-10
LatentSpace_v378,Primary motor area,35,38,-3
LatentSpace_v378,Secondary motor area,37,38,-1
LatentSpace_v378,"Frontal pole, cerebral cortex",33,40,-7
LatentSpace_v378,Orbital area,24,35,-11
LatentSpace_v378,Posterior parietal association areas,35,38,-3
LatentSpace_v378,Perirhinal area,16,32,-16
LatentSpace_v378,Primary somatosensory area,30,35,-5
LatentSpace_v378,Supplemental somatosensory area,35,38,-3
LatentSpace_v378,Temporal association areas,27,33,-6
LatentSpace_v378,Visual areas,34,38,-4
LatentSpace_v378,Pallidum,8,6,2
LatentSpace_v378,Striatum ventral region,7,3,4
LatentSpace_v378,Lateral septal complex,9,4,5
LatentSpace_v378,Caudoputamen,3,3,0
LatentSpace_v378,Medial amygdalar nucleus,7,7,0
LatentSpace_v378,Hypothalamus,8,9,-1
LatentSpace_v378,Thalamus,5,1,4
LatentSpace_v378,Inferior colliculus,6,9,-3
LatentSpace_v378,"Superior colliculus, sensory related",6,10,-4
LatentSpace_v378,Midbrain raphe nuclei,14,12,2
LatentSpace_v378,Midbrain-other,12,10,2
LatentSpace_v378,Periaqueductal gray,13,11,2
LatentSpace_v378,Pons,9,9,0
LatentSpace_v378,Medulla,6,9,-3
LatentSpace_v378,Lingula (I),13,34,-21
LatentSpace_v378,Central lobule,16,34,-18
LatentSpace_v378,Culmen,31,34,-3
LatentSpace_v378,Declive (VI),23,28,-5
LatentSpace_v378,Folium-tuber vermis (VII),23,31,-8
LatentSpace_v378,Pyramus (VIII),23,32,-9
LatentSpace_v378,Uvula (IX),24,34,-10
LatentSpace_v378,Nodulus (X),22,35,-13
LatentSpace_v378,Simple lobule,25,29,-4
LatentSpace_v378,Crus 1,23,26,-3
LatentSpace_v378,Crus 2,23,27,-4
LatentSpace_v378,Paramedian lobule,23,33,-10
LatentSpace_v378,Copula pyramidis,23,34,-11
LatentSpace_v378,Flocculus,21,34,-13
LatentSpace_v378,Paraflocculus,23,36,-13
LatentSpace_v378,Cerebellar nuclei,12,11,1
LatentSpace_v379,Cortical subplate-other,10,15,-5
LatentSpace_v379,Claustrum,22,33,-11
LatentSpace_v379,Endopiriform nucleus,8,32,-24
LatentSpace_v379,Olfactory areas-other,19,33,-14
LatentSpace_v379,Postpiriform transition area,12,27,-15
LatentSpace_v379,Piriform area,11,34,-23
LatentSpace_v379,Taenia tecta,12,28,-16
LatentSpace_v379,Cortical amygdalar area,12,19,-7
LatentSpace_v379,Piriform-amygdalar area,17,28,-11
LatentSpace_v379,Main olfactory bulb,13,10,3
LatentSpace_v379,Accessory olfactory bulb,37,19,18
LatentSpace_v379,Anterior olfactory nucleus,17,32,-15
LatentSpace_v379,Subiculum,17,35,-18
LatentSpace_v379,Entorhinal area,12,22,-10
LatentSpace_v379,Field CA1,7,25,-18
LatentSpace_v379,Field CA2,7,14,-7
LatentSpace_v379,Field CA3,6,8,-2
LatentSpace_v379,Dentate gyrus,6,3,3
LatentSpace_v379,Anterior cingulate area,36,39,-3
LatentSpace_v379,Infralimbic area,11,26,-15
LatentSpace_v379,Retrosplenial area,25,36,-11
LatentSpace_v379,Prelimbic area,28,35,-7
LatentSpace_v379,Primary auditory area,35,38,-3
LatentSpace_v379,Dorsal auditory area,35,38,-3
LatentSpace_v379,Ventral auditory area,38,38,0
LatentSpace_v379,Agranular insular area,22,37,-15
LatentSpace_v379,Ectorhinal area,22,33,-11
LatentSpace_v379,Primary motor area,35,38,-3
LatentSpace_v379,Secondary motor area,39,38,1
LatentSpace_v379,"Frontal pole, cerebral cortex",30,40,-10
LatentSpace_v379,Orbital area,25,35,-10
LatentSpace_v379,Posterior parietal association areas,35,38,-3
LatentSpace_v379,Perirhinal area,16,32,-16
LatentSpace_v379,Primary somatosensory area,28,35,-7
LatentSpace_v379,Supplemental somatosensory area,36,38,-2
LatentSpace_v379,Temporal association areas,33,33,0
LatentSpace_v379,Visual areas,35,38,-3
LatentSpace_v379,Pallidum,7,6,1
LatentSpace_v379,Striatum ventral region,6,3,3
LatentSpace_v379,Lateral septal complex,10,4,6
LatentSpace_v379,Caudoputamen,3,3,0
LatentSpace_v379,Medial amygdalar nucleus,10,7,3
LatentSpace_v379,Hypothalamus,11,9,2
LatentSpace_v379,Thalamus,8,1,7
LatentSpace_v379,Inferior colliculus,4,9,-5
LatentSpace_v379,"Superior colliculus, sensory related",3,10,-7
LatentSpace_v379,Midbrain raphe nuclei,15,12,3
LatentSpace_v379,Midbrain-other,13,10,3
LatentSpace_v379,Periaqueductal gray,9,11,-2
LatentSpace_v379,Pons,12,9,3
LatentSpace_v379,Medulla,12,9,3
LatentSpace_v379,Lingula (I),17,34,-17
LatentSpace_v379,Central lobule,18,34,-16
LatentSpace_v379,Culmen,26,34,-8
LatentSpace_v379,Declive (VI),22,28,-6
LatentSpace_v379,Folium-tuber vermis (VII),23,31,-8
LatentSpace_v379,Pyramus (VIII),25,32,-7
LatentSpace_v379,Uvula (IX),31,34,-3
LatentSpace_v379,Nodulus (X),27,35,-8
LatentSpace_v379,Simple lobule,22,29,-7
LatentSpace_v379,Crus 1,22,26,-4
LatentSpace_v379,Crus 2,22,27,-5
LatentSpace_v379,Paramedian lobule,23,33,-10
LatentSpace_v379,Copula pyramidis,25,34,-9
LatentSpace_v379,Flocculus,31,34,-3
LatentSpace_v379,Paraflocculus,25,36,-11
LatentSpace_v379,Cerebellar nuclei,17,11,6
LatentSpace_v380,Cortical subplate-other,13,15,-2
LatentSpace_v380,Claustrum,26,33,-7
LatentSpace_v380,Endopiriform nucleus,19,32,-13
LatentSpace_v380,Olfactory areas-other,15,33,-18
LatentSpace_v380,Postpiriform transition area,11,27,-16
LatentSpace_v380,Piriform area,14,34,-20
LatentSpace_v380,Taenia tecta,15,28,-13
LatentSpace_v380,Cortical amygdalar area,9,19,-10
LatentSpace_v380,Piriform-amygdalar area,10,28,-18
LatentSpace_v380,Main olfactory bulb,11,10,1
LatentSpace_v380,Accessory olfactory bulb,29,19,10
LatentSpace_v380,Anterior olfactory nucleus,10,32,-22
LatentSpace_v380,Subiculum,6,35,-29
LatentSpace_v380,Entorhinal area,9,22,-13
LatentSpace_v380,Field CA1,7,25,-18
LatentSpace_v380,Field CA2,7,14,-7
LatentSpace_v380,Field CA3,7,8,-1
LatentSpace_v380,Dentate gyrus,7,3,4
LatentSpace_v380,Anterior cingulate area,36,39,-3
LatentSpace_v380,Infralimbic area,12,26,-14
LatentSpace_v380,Retrosplenial area,27,36,-9
LatentSpace_v380,Prelimbic area,24,35,-11
LatentSpace_v380,Primary auditory area,35,38,-3
LatentSpace_v380,Dorsal auditory area,35,38,-3
LatentSpace_v380,Ventral auditory area,37,38,-1
LatentSpace_v380,Agranular insular area,23,37,-14
LatentSpace_v380,Ectorhinal area,24,33,-9
LatentSpace_v380,Primary motor area,35,38,-3
LatentSpace_v380,Secondary motor area,36,38,-2
LatentSpace_v380,"Frontal pole, cerebral cortex",35,40,-5
LatentSpace_v380,Orbital area,24,35,-11
LatentSpace_v380,Posterior parietal association areas,35,38,-3
LatentSpace_v380,Perirhinal area,17,32,-15
LatentSpace_v380,Primary somatosensory area,29,35,-6
LatentSpace_v380,Supplemental somatosensory area,35,38,-3
LatentSpace_v380,Temporal association areas,32,33,-1
LatentSpace_v380,Visual areas,32,38,-6
LatentSpace_v380,Pallidum,10,6,4
LatentSpace_v380,Striatum ventral region,8,3,5
LatentSpace_v380,Lateral septal complex,10,4,6
LatentSpace_v380,Caudoputamen,3,3,0
LatentSpace_v380,Medial amygdalar nucleus,12,7,5
LatentSpace_v380,Hypothalamus,12,9,3
LatentSpace_v380,Thalamus,4,1,3
LatentSpace_v380,Inferior colliculus,12,9,3
LatentSpace_v380,"Superior colliculus, sensory related",13,10,3
LatentSpace_v380,Midbrain raphe nuclei,14,12,2
LatentSpace_v380,Midbrain-other,14,10,4
LatentSpace_v380,Periaqueductal gray,14,11,3
LatentSpace_v380,Pons,10,9,1
LatentSpace_v380,Medulla,9,9,0
LatentSpace_v380,Lingula (I),13,34,-21
LatentSpace_v380,Central lobule,18,34,-16
LatentSpace_v380,Culmen,25,34,-9
LatentSpace_v380,Declive (VI),23,28,-5
LatentSpace_v380,Folium-tuber vermis (VII),23,31,-8
LatentSpace_v380,Pyramus (VIII),23,32,-9
LatentSpace_v380,Uvula (IX),10,34,-24
LatentSpace_v380,Nodulus (X),11,35,-24
LatentSpace_v380,Simple lobule,23,29,-6
LatentSpace_v380,Crus 1,23,26,-3
LatentSpace_v380,Crus 2,23,27,-4
LatentSpace_v380,Paramedian lobule,23,33,-10
LatentSpace_v380,Copula pyramidis,23,34,-11
LatentSpace_v380,Flocculus,12,34,-22
LatentSpace_v380,Paraflocculus,12,36,-24
LatentSpace_v380,Cerebellar nuclei,29,11,18
LatentSpace_v381,Cortical subplate-other,7,15,-8
LatentSpace_v381,Claustrum,22,33,-11
LatentSpace_v381,Endopiriform nucleus,8,32,-24
LatentSpace_v381,Olfactory areas-other,11,33,-22
LatentSpace_v381,Postpiriform transition area,8,27,-19
LatentSpace_v381,Piriform area,14,34,-20
LatentSpace_v381,Taenia tecta,12,28,-16
LatentSpace_v381,Cortical amygdalar area,6,19,-13
LatentSpace_v381,Piriform-amygdalar area,7,28,-21
LatentSpace_v381,Main olfactory bulb,59,10,49
LatentSpace_v381,Accessory olfactory bulb,35,19,16
LatentSpace_v381,Anterior olfactory nucleus,7,32,-25
LatentSpace_v381,Subiculum,4,35,-31
LatentSpace_v381,Entorhinal area,10,22,-12
LatentSpace_v381,Field CA1,8,25,-17
LatentSpace_v381,Field CA2,8,14,-6
LatentSpace_v381,Field CA3,6,8,-2
LatentSpace_v381,Dentate gyrus,6,3,3
LatentSpace_v381,Anterior cingulate area,36,39,-3
LatentSpace_v381,Infralimbic area,12,26,-14
LatentSpace_v381,Retrosplenial area,25,36,-11
LatentSpace_v381,Prelimbic area,27,35,-8
LatentSpace_v381,Primary auditory area,35,38,-3
LatentSpace_v381,Dorsal auditory area,35,38,-3
LatentSpace_v381,Ventral auditory area,38,38,0
LatentSpace_v381,Agranular insular area,26,37,-11
LatentSpace_v381,Ectorhinal area,23,33,-10
LatentSpace_v381,Primary motor area,35,38,-3
LatentSpace_v381,Secondary motor area,36,38,-2
LatentSpace_v381,"Frontal pole, cerebral cortex",34,40,-6
LatentSpace_v381,Orbital area,27,35,-8
LatentSpace_v381,Posterior parietal association areas,35,38,-3
LatentSpace_v381,Perirhinal area,18,32,-14
LatentSpace_v381,Primary somatosensory area,35,35,0
LatentSpace_v381,Supplemental somatosensory area,37,38,-1
LatentSpace_v381,Temporal association areas,30,33,-3
LatentSpace_v381,Visual areas,35,38,-3
LatentSpace_v381,Pallidum,7,6,1
LatentSpace_v381,Striatum ventral region,5,3,2
LatentSpace_v381,Lateral septal complex,6,4,2
LatentSpace_v381,Caudoputamen,3,3,0
LatentSpace_v381,Medial amygdalar nucleus,3,7,-4
LatentSpace_v381,Hypothalamus,6,9,-3
LatentSpace_v381,Thalamus,7,1,6
LatentSpace_v381,Inferior colliculus,10,9,1
LatentSpace_v381,"Superior colliculus, sensory related",10,10,0
LatentSpace_v381,Midbrain raphe nuclei,14,12,2
LatentSpace_v381,Midbrain-other,13,10,3
LatentSpace_v381,Periaqueductal gray,12,11,1
LatentSpace_v381,Pons,8,9,-1
LatentSpace_v381,Medulla,9,9,0
LatentSpace_v381,Lingula (I),11,34,-23
LatentSpace_v381,Central lobule,11,34,-23
LatentSpace_v381,Culmen,29,34,-5
LatentSpace_v381,Declive (VI),23,28,-5
LatentSpace_v381,Folium-tuber vermis (VII),23,31,-8
LatentSpace_v381,Pyramus (VIII),24,32,-8
LatentSpace_v381,Uvula (IX),16,34,-18
LatentSpace_v381,Nodulus (X),12,35,-23
LatentSpace_v381,Simple lobule,22,29,-7
LatentSpace_v381,Crus 1,22,26,-4
LatentSpace_v381,Crus 2,22,27,-5
LatentSpace_v381,Paramedian lobule,23,33,-10
LatentSpace_v381,Copula pyramidis,23,34,-11
LatentSpace_v381,Flocculus,14,34,-20
LatentSpace_v381,Paraflocculus,23,36,-13
LatentSpace_v381,Cerebellar nuclei,10,11,-1
LatentSpace_v382,Cortical subplate-other,11,15,-4
LatentSpace_v382,Claustrum,23,33,-10
LatentSpace_v382,Endopiriform nucleus,13,32,-19
LatentSpace_v382,Olfactory areas-other,10,33,-23
LatentSpace_v382,Postpiriform transition area,12,27,-15
LatentSpace_v382,Piriform area,14,34,-20
LatentSpace_v382,Taenia tecta,13,28,-15
LatentSpace_v382,Cortical amygdalar area,9,19,-10
LatentSpace_v382,Piriform-amygdalar area,10,28,-18
LatentSpace_v382,Main olfactory bulb,15,10,5
LatentSpace_v382,Accessory olfactory bulb,11,19,-8
LatentSpace_v382,Anterior olfactory nucleus,8,32,-24
LatentSpace_v382,Subiculum,7,35,-28
LatentSpace_v382,Entorhinal area,13,22,-9
LatentSpace_v382,Field CA1,8,25,-17
LatentSpace_v382,Field CA2,10,14,-4
LatentSpace_v382,Field CA3,7,8,-1
LatentSpace_v382,Dentate gyrus,9,3,6
LatentSpace_v382,Anterior cingulate area,36,39,-3
LatentSpace_v382,Infralimbic area,11,26,-15
LatentSpace_v382,Retrosplenial area,22,36,-14
LatentSpace_v382,Prelimbic area,26,35,-9
LatentSpace_v382,Primary auditory area,35,38,-3
LatentSpace_v382,Dorsal auditory area,35,38,-3
LatentSpace_v382,Ventral auditory area,34,38,-4
LatentSpace_v382,Agranular insular area,18,37,-19
LatentSpace_v382,Ectorhinal area,22,33,-11
LatentSpace_v382,Primary motor area,35,38,-3
LatentSpace_v382,Secondary motor area,33,38,-5
LatentSpace_v382,"Frontal pole, cerebral cortex",22,40,-18
LatentSpace_v382,Orbital area,21,35,-14
LatentSpace_v382,Posterior parietal association areas,28,38,-10
LatentSpace_v382,Perirhinal area,18,32,-14
LatentSpace_v382,Primary somatosensory area,28,35,-7
LatentSpace_v382,Supplemental somatosensory area,37,38,-1
LatentSpace_v382,Temporal association areas,28,33,-5
LatentSpace_v382,Visual areas,30,38,-8
LatentSpace_v382,Pallidum,7,6,1
LatentSpace_v382,Striatum ventral region,7,3,4
LatentSpace_v382,Lateral septal complex,7,4,3
LatentSpace_v382,Caudoputamen,3,3,0
LatentSpace_v382,Medial amygdalar nucleus,8,7,1
LatentSpace_v382,Hypothalamus,10,9,1
LatentSpace_v382,Thalamus,4,1,3
LatentSpace_v382,Inferior colliculus,6,9,-3
LatentSpace_v382,"Superior colliculus, sensory related",8,10,-2
LatentSpace_v382,Midbrain raphe nuclei,14,12,2
LatentSpace_v382,Midbrain-other,13,10,3
LatentSpace_v382,Periaqueductal gray,12,11,1
LatentSpace_v382,Pons,12,9,3
LatentSpace_v382,Medulla,8,9,-1
LatentSpace_v382,Lingula (I),21,34,-13
LatentSpace_v382,Central lobule,30,34,-4
LatentSpace_v382,Culmen,27,34,-7
LatentSpace_v382,Declive (VI),23,28,-5
LatentSpace_v382,Folium-tuber vermis (VII),26,31,-5
LatentSpace_v382,Pyramus (VIII),32,32,0
LatentSpace_v382,Uvula (IX),29,34,-5
LatentSpace_v382,Nodulus (X),16,35,-19
LatentSpace_v382,Simple lobule,23,29,-6
LatentSpace_v382,Crus 1,22,26,-4
LatentSpace_v382,Crus 2,22,27,-5
LatentSpace_v382,Paramedian lobule,24,33,-9
LatentSpace_v382,Copula pyramidis,32,34,-2
LatentSpace_v382,Flocculus,34,34,0
LatentSpace_v382,Paraflocculus,28,36,-8
LatentSpace_v382,Cerebellar nuclei,13,11,2
LatentSpace_v383,Cortical subplate-other,5,15,-10
LatentSpace_v383,Claustrum,28,33,-5
LatentSpace_v383,Endopiriform nucleus,8,32,-24
LatentSpace_v383,Olfactory areas-other,20,33,-13
LatentSpace_v383,Postpiriform transition area,10,27,-17
LatentSpace_v383,Piriform area,18,34,-16
LatentSpace_v383,Taenia tecta,12,28,-16
LatentSpace_v383,Cortical amygdalar area,4,19,-15
LatentSpace_v383,Piriform-amygdalar area,11,28,-17
LatentSpace_v383,Main olfactory bulb,27,10,17
LatentSpace_v383,Accessory olfactory bulb,37,19,18
LatentSpace_v383,Anterior olfactory nucleus,19,32,-13
LatentSpace_v383,Subiculum,4,35,-31
LatentSpace_v383,Entorhinal area,15,22,-7
LatentSpace_v383,Field CA1,5,25,-20
LatentSpace_v383,Field CA2,5,14,-9
LatentSpace_v383,Field CA3,5,8,-3
LatentSpace_v383,Dentate gyrus,6,3,3
LatentSpace_v383,Anterior cingulate area,36,39,-3
LatentSpace_v383,Infralimbic area,12,26,-14
LatentSpace_v383,Retrosplenial area,26,36,-10
LatentSpace_v383,Prelimbic area,28,35,-7
LatentSpace_v383,Primary auditory area,39,38,1
LatentSpace_v383,Dorsal auditory area,36,38,-2
LatentSpace_v383,Ventral auditory area,39,38,1
LatentSpace_v383,Agranular insular area,28,37,-9
LatentSpace_v383,Ectorhinal area,24,33,-9
LatentSpace_v383,Primary motor area,37,38,-1
LatentSpace_v383,Secondary motor area,39,38,1
LatentSpace_v383,"Frontal pole, cerebral cortex",36,40,-4
LatentSpace_v383,Orbital area,27,35,-8
LatentSpace_v383,Posterior parietal association areas,35,38,-3
LatentSpace_v383,Perirhinal area,20,32,-12
LatentSpace_v383,Primary somatosensory area,35,35,0
LatentSpace_v383,Supplemental somatosensory area,39,38,1
LatentSpace_v383,Temporal association areas,32,33,-1
LatentSpace_v383,Visual areas,35,38,-3
LatentSpace_v383,Pallidum,9,6,3
LatentSpace_v383,Striatum ventral region,5,3,2
LatentSpace_v383,Lateral septal complex,13,4,9
LatentSpace_v383,Caudoputamen,3,3,0
LatentSpace_v383,Medial amygdalar nucleus,7,7,0
LatentSpace_v383,Hypothalamus,8,9,-1
LatentSpace_v383,Thalamus,9,1,8
LatentSpace_v383,Inferior colliculus,18,9,9
LatentSpace_v383,"Superior colliculus, sensory related",5,10,-5
LatentSpace_v383,Midbrain raphe nuclei,14,12,2
LatentSpace_v383,Midbrain-other,12,10,2
LatentSpace_v383,Periaqueductal gray,11,11,0
LatentSpace_v383,Pons,8,9,-1
LatentSpace_v383,Medulla,9,9,0
LatentSpace_v383,Lingula (I),11,34,-23
LatentSpace_v383,Central lobule,24,34,-10
LatentSpace_v383,Culmen,26,34,-8
LatentSpace_v383,Declive (VI),23,28,-5
LatentSpace_v383,Folium-tuber vermis (VII),23,31,-8
LatentSpace_v383,Pyramus (VIII),25,32,-7
LatentSpace_v383,Uvula (IX),21,34,-13
LatentSpace_v383,Nodulus (X),14,35,-21
LatentSpace_v383,Simple lobule,22,29,-7
LatentSpace_v383,Crus 1,22,26,-4
LatentSpace_v383,Crus 2,22,27,-5
LatentSpace_v383,Paramedian lobule,23,33,-10
LatentSpace_v383,Copula pyramidis,26,34,-8
LatentSpace_v383,Flocculus,27,34,-7
LatentSpace_v383,Paraflocculus,25,36,-11
LatentSpace_v383,Cerebellar nuclei,14,11,3
LatentSpace_v384,Cortical subplate-other,10,15,-5
LatentSpace_v384,Claustrum,24,33,-9
LatentSpace_v384,Endopiriform nucleus,12,32,-20
LatentSpace_v384,Olfactory areas-other,12,33,-21
LatentSpace_v384,Postpiriform transition area,11,27,-16
LatentSpace_v384,Piriform area,12,34,-22
LatentSpace_v384,Taenia tecta,15,28,-13
LatentSpace_v384,Cortical amygdalar area,8,19,-11
LatentSpace_v384,Piriform-amygdalar area,11,28,-17
LatentSpace_v384,Main olfactory bulb,11,10,1
LatentSpace_v384,Accessory olfactory bulb,33,19,14
LatentSpace_v384,Anterior olfactory nucleus,12,32,-20
LatentSpace_v384,Subiculum,3,35,-32
LatentSpace_v384,Entorhinal area,15,22,-7
LatentSpace_v384,Field CA1,8,25,-17
LatentSpace_v384,Field CA2,9,14,-5
LatentSpace_v384,Field CA3,8,8,0
LatentSpace_v384,Dentate gyrus,9,3,6
LatentSpace_v384,Anterior cingulate area,35,39,-4
LatentSpace_v384,Infralimbic area,12,26,-14
LatentSpace_v384,Retrosplenial area,26,36,-10
LatentSpace_v384,Prelimbic area,26,35,-9
LatentSpace_v384,Primary auditory area,36,38,-2
LatentSpace_v384,Dorsal auditory area,35,38,-3
LatentSpace_v384,Ventral auditory area,36,38,-2
LatentSpace_v384,Agranular insular area,23,37,-14
LatentSpace_v384,Ectorhinal area,23,33,-10
LatentSpace_v384,Primary motor area,35,38,-3
LatentSpace_v384,Secondary motor area,36,38,-2
LatentSpace_v384,"Frontal pole, cerebral cortex",31,40,-9
LatentSpace_v384,Orbital area,20,35,-15
LatentSpace_v384,Posterior parietal association areas,35,38,-3
LatentSpace_v384,Perirhinal area,17,32,-15
LatentSpace_v384,Primary somatosensory area,29,35,-6
LatentSpace_v384,Supplemental somatosensory area,36,38,-2
LatentSpace_v384,Temporal association areas,29,33,-4
LatentSpace_v384,Visual areas,35,38,-3
LatentSpace_v384,Pallidum,8,6,2
LatentSpace_v384,Striatum ventral region,7,3,4
LatentSpace_v384,Lateral septal complex,12,4,8
LatentSpace_v384,Caudoputamen,3,3,0
LatentSpace_v384,Medial amygdalar nucleus,10,7,3
LatentSpace_v384,Hypothalamus,8,9,-1
LatentSpace_v384,Thalamus,3,1,2
LatentSpace_v384,Inferior colliculus,5,9,-4
LatentSpace_v384,"Superior colliculus, sensory related",3,10,-7
LatentSpace_v384,Midbrain raphe nuclei,13,12,1
LatentSpace_v384,Midbrain-other,9,10,-1
LatentSpace_v384,Periaqueductal gray,9,11,-2
LatentSpace_v384,Pons,11,9,2
LatentSpace_v384,Medulla,13,9,4
LatentSpace_v384,Lingula (I),12,34,-22
LatentSpace_v384,Central lobule,10,34,-24
LatentSpace_v384,Culmen,26,34,-8
LatentSpace_v384,Declive (VI),23,28,-5
LatentSpace_v384,Folium-tuber vermis (VII),23,31,-8
LatentSpace_v384,Pyramus (VIII),23,32,-9
LatentSpace_v384,Uvula (IX),21,34,-13
LatentSpace_v384,Nodulus (X),9,35,-26
LatentSpace_v384,Simple lobule,23,29,-6
LatentSpace_v384,Crus 1,23,26,-3
LatentSpace_v384,Crus 2,23,27,-4
LatentSpace_v384,Paramedian lobule,23,33,-10
LatentSpace_v384,Copula pyramidis,27,34,-7
LatentSpace_v384,Flocculus,33,34,-1
LatentSpace_v384,Paraflocculus,25,36,-11
LatentSpace_v384,Cerebellar nuclei,13,11,2
LatentSpace_v385,Cortical subplate-other,12,15,-3
LatentSpace_v385,Claustrum,19,33,-14
LatentSpace_v385,Endopiriform nucleus,12,32,-20
LatentSpace_v385,Olfactory areas-other,14,33,-19
LatentSpace_v385,Postpiriform transition area,11,27,-16
LatentSpace_v385,Piriform area,5,34,-29
LatentSpace_v385,Taenia tecta,13,28,-15
LatentSpace_v385,Cortical amygdalar area,11,19,-8
LatentSpace_v385,Piriform-amygdalar area,11,28,-17
LatentSpace_v385,Main olfactory bulb,19,10,9
LatentSpace_v385,Accessory olfactory bulb,33,19,14
LatentSpace_v385,Anterior olfactory nucleus,8,32,-24
LatentSpace_v385,Subiculum,18,35,-17
LatentSpace_v385,Entorhinal area,5,22,-17
LatentSpace_v385,Field CA1,14,25,-11
LatentSpace_v385,Field CA2,20,14,6
LatentSpace_v385,Field CA3,6,8,-2
LatentSpace_v385,Dentate gyrus,8,3,5
LatentSpace_v385,Anterior cingulate area,35,39,-4
LatentSpace_v385,Infralimbic area,12,26,-14
LatentSpace_v385,Retrosplenial area,26,36,-10
LatentSpace_v385,Prelimbic area,29,35,-6
LatentSpace_v385,Primary auditory area,35,38,-3
LatentSpace_v385,Dorsal auditory area,35,38,-3
LatentSpace_v385,Ventral auditory area,37,38,-1
LatentSpace_v385,Agranular insular area,23,37,-14
LatentSpace_v385,Ectorhinal area,21,33,-12
LatentSpace_v385,Primary motor area,36,38,-2
LatentSpace_v385,Secondary motor area,36,38,-2
LatentSpace_v385,"Frontal pole, cerebral cortex",34,40,-6
LatentSpace_v385,Orbital area,22,35,-13
LatentSpace_v385,Posterior parietal association areas,35,38,-3
LatentSpace_v385,Perirhinal area,15,32,-17
LatentSpace_v385,Primary somatosensory area,30,35,-5
LatentSpace_v385,Supplemental somatosensory area,36,38,-2
LatentSpace_v385,Temporal association areas,30,33,-3
LatentSpace_v385,Visual areas,33,38,-5
LatentSpace_v385,Pallidum,6,6,0
LatentSpace_v385,Striatum ventral region,7,3,4
LatentSpace_v385,Lateral septal complex,5,4,1
LatentSpace_v385,Caudoputamen,3,3,0
LatentSpace_v385,Medial amygdalar nucleus,11,7,4
LatentSpace_v385,Hypothalamus,8,9,-1
LatentSpace_v385,Thalamus,3,1,2
LatentSpace_v385,Inferior colliculus,19,9,10
LatentSpace_v385,"Superior colliculus, sensory related",9,10,-1
LatentSpace_v385,Midbrain raphe nuclei,12,12,0
LatentSpace_v385,Midbrain-other,13,10,3
LatentSpace_v385,Periaqueductal gray,9,11,-2
LatentSpace_v385,Pons,10,9,1
LatentSpace_v385,Medulla,14,9,5
LatentSpace_v385,Lingula (I),18,34,-16
LatentSpace_v385,Central lobule,31,34,-3
LatentSpace_v385,Culmen,25,34,-9
LatentSpace_v385,Declive (VI),23,28,-5
LatentSpace_v385,Folium-tuber vermis (VII),23,31,-8
LatentSpace_v385,Pyramus (VIII),23,32,-9
LatentSpace_v385,Uvula (IX),34,34,0
LatentSpace_v385,Nodulus (X),18,35,-17
LatentSpace_v385,Simple lobule,22,29,-7
LatentSpace_v385,Crus 1,22,26,-4
LatentSpace_v385,Crus 2,22,27,-5
LatentSpace_v385,Paramedian lobule,22,33,-11
LatentSpace_v385,Copula pyramidis,24,34,-10
LatentSpace_v385,Flocculus,28,34,-6
LatentSpace_v385,Paraflocculus,33,36,-3
LatentSpace_v385,Cerebellar nuclei,34,11,23
LatentSpace_v386,Cortical subplate-other,6,15,-9
LatentSpace_v386,Claustrum,30,33,-3
LatentSpace_v386,Endopiriform nucleus,12,32,-20
LatentSpace_v386,Olfactory areas-other,9,33,-24
LatentSpace_v386,Postpiriform transition area,4,27,-23
LatentSpace_v386,Piriform area,13,34,-21
LatentSpace_v386,Taenia tecta,14,28,-14
LatentSpace_v386,Cortical amygdalar area,4,19,-15
LatentSpace_v386,Piriform-amygdalar area,5,28,-23
LatentSpace_v386,Main olfactory bulb,16,10,6
LatentSpace_v386,Accessory olfactory bulb,21,19,2
LatentSpace_v386,Anterior olfactory nucleus,9,32,-23
LatentSpace_v386,Subiculum,6,35,-29
LatentSpace_v386,Entorhinal area,6,22,-16
LatentSpace_v386,Field CA1,10,25,-15
LatentSpace_v386,Field CA2,11,14,-3
LatentSpace_v386,Field CA3,4,8,-4
LatentSpace_v386,Dentate gyrus,7,3,4
LatentSpace_v386,Anterior cingulate area,38,39,-1
LatentSpace_v386,Infralimbic area,10,26,-16
LatentSpace_v386,Retrosplenial area,33,36,-3
LatentSpace_v386,Prelimbic area,29,35,-6
LatentSpace_v386,Primary auditory area,38,38,0
LatentSpace_v386,Dorsal auditory area,37,38,-1
LatentSpace_v386,Ventral auditory area,39,38,1
LatentSpace_v386,Agranular insular area,21,37,-16
LatentSpace_v386,Ectorhinal area,26,33,-7
LatentSpace_v386,Primary motor area,35,38,-3
LatentSpace_v386,Secondary motor area,39,38,1
LatentSpace_v386,"Frontal pole, cerebral cortex",35,40,-5
LatentSpace_v386,Orbital area,25,35,-10
LatentSpace_v386,Posterior parietal association areas,37,38,-1
LatentSpace_v386,Perirhinal area,18,32,-14
LatentSpace_v386,Primary somatosensory area,35,35,0
LatentSpace_v386,Supplemental somatosensory area,38,38,0
LatentSpace_v386,Temporal association areas,33,33,0
LatentSpace_v386,Visual areas,37,38,-1
LatentSpace_v386,Pallidum,7,6,1
LatentSpace_v386,Striatum ventral region,4,3,1
LatentSpace_v386,Lateral septal complex,7,4,3
LatentSpace_v386,Caudoputamen,3,3,0
LatentSpace_v386,Medial amygdalar nucleus,7,7,0
LatentSpace_v386,Hypothalamus,3,9,-6
LatentSpace_v386,Thalamus,28,1,27
LatentSpace_v386,Inferior colliculus,7,9,-2
LatentSpace_v386,"Superior colliculus, sensory related",8,10,-2
LatentSpace_v386,Midbrain raphe nuclei,16,12,4
LatentSpace_v386,Midbrain-other,14,10,4
LatentSpace_v386,Periaqueductal gray,13,11,2
LatentSpace_v386,Pons,11,9,2
LatentSpace_v386,Medulla,11,9,2
LatentSpace_v386,Lingula (I),17,34,-17
LatentSpace_v386,Central lobule,16,34,-18
LatentSpace_v386,Culmen,32,34,-2
LatentSpace_v386,Declive (VI),25,28,-3
LatentSpace_v386,Folium-tuber vermis (VII),26,31,-5
LatentSpace_v386,Pyramus (VIII),30,32,-2
LatentSpace_v386,Uvula (IX),34,34,0
LatentSpace_v386,Nodulus (X),20,35,-15
LatentSpace_v386,Simple lobule,24,29,-5
LatentSpace_v386,Crus 1,22,26,-4
LatentSpace_v386,Crus 2,23,27,-4
LatentSpace_v386,Paramedian lobule,27,33,-6
LatentSpace_v386,Copula pyramidis,33,34,-1
LatentSpace_v386,Flocculus,34,34,0
LatentSpace_v386,Paraflocculus,32,36,-4
LatentSpace_v386,Cerebellar nuclei,11,11,0
LatentSpace_v387,Cortical subplate-other,9,15,-6
LatentSpace_v387,Claustrum,21,33,-12
LatentSpace_v387,Endopiriform nucleus,8,32,-24
LatentSpace_v387,Olfactory areas-other,16,33,-17
LatentSpace_v387,Postpiriform transition area,11,27,-16
LatentSpace_v387,Piriform area,10,34,-24
LatentSpace_v387,Taenia tecta,12,28,-16
LatentSpace_v387,Cortical amygdalar area,7,19,-12
LatentSpace_v387,Piriform-amygdalar area,7,28,-21
LatentSpace_v387,Main olfactory bulb,28,10,18
LatentSpace_v387,Accessory olfactory bulb,23,19,4
LatentSpace_v387,Anterior olfactory nucleus,15,32,-17
LatentSpace_v387,Subiculum,6,35,-29
LatentSpace_v387,Entorhinal area,15,22,-7
LatentSpace_v387,Field CA1,10,25,-15
LatentSpace_v387,Field CA2,8,14,-6
LatentSpace_v387,Field CA3,6,8,-2
LatentSpace_v387,Dentate gyrus,11,3,8
LatentSpace_v387,Anterior cingulate area,35,39,-4
LatentSpace_v387,Infralimbic area,12,26,-14
LatentSpace_v387,Retrosplenial area,26,36,-10
LatentSpace_v387,Prelimbic area,26,35,-9
LatentSpace_v387,Primary auditory area,36,38,-2
LatentSpace_v387,Dorsal auditory area,35,38,-3
LatentSpace_v387,Ventral auditory area,37,38,-1
LatentSpace_v387,Agranular insular area,23,37,-14
LatentSpace_v387,Ectorhinal area,22,33,-11
LatentSpace_v387,Primary motor area,35,38,-3
LatentSpace_v387,Secondary motor area,37,38,-1
LatentSpace_v387,"Frontal pole, cerebral cortex",33,40,-7
LatentSpace_v387,Orbital area,23,35,-12
LatentSpace_v387,Posterior parietal association areas,35,38,-3
LatentSpace_v387,Perirhinal area,21,32,-11
LatentSpace_v387,Primary somatosensory area,28,35,-7
LatentSpace_v387,Supplemental somatosensory area,37,38,-1
LatentSpace_v387,Temporal association areas,31,33,-2
LatentSpace_v387,Visual areas,32,38,-6
LatentSpace_v387,Pallidum,6,6,0
LatentSpace_v387,Striatum ventral region,8,3,5
LatentSpace_v387,Lateral septal complex,8,4,4
LatentSpace_v387,Caudoputamen,3,3,0
LatentSpace_v387,Medial amygdalar nucleus,9,7,2
LatentSpace_v387,Hypothalamus,5,9,-4
LatentSpace_v387,Thalamus,8,1,7
LatentSpace_v387,Inferior colliculus,13,9,4
LatentSpace_v387,"Superior colliculus, sensory related",5,10,-5
LatentSpace_v387,Midbrain raphe nuclei,14,12,2
LatentSpace_v387,Midbrain-other,9,10,-1
LatentSpace_v387,Periaqueductal gray,8,11,-3
LatentSpace_v387,Pons,10,9,1
LatentSpace_v387,Medulla,11,9,2
LatentSpace_v387,Lingula (I),8,34,-26
LatentSpace_v387,Central lobule,19,34,-15
LatentSpace_v387,Culmen,26,34,-8
LatentSpace_v387,Declive (VI),23,28,-5
LatentSpace_v387,Folium-tuber vermis (VII),23,31,-8
LatentSpace_v387,Pyramus (VIII),23,32,-9
LatentSpace_v387,Uvula (IX),22,34,-12
LatentSpace_v387,Nodulus (X),15,35,-20
LatentSpace_v387,Simple lobule,22,29,-7
LatentSpace_v387,Crus 1,22,26,-4
LatentSpace_v387,Crus 2,22,27,-5
LatentSpace_v387,Paramedian lobule,24,33,-9
LatentSpace_v387,Copula pyramidis,26,34,-8
LatentSpace_v387,Flocculus,20,34,-14
LatentSpace_v387,Paraflocculus,23,36,-13
LatentSpace_v387,Cerebellar nuclei,12,11,1
LatentSpace_v388,Cortical subplate-other,5,15,-10
LatentSpace_v388,Claustrum,17,33,-16
LatentSpace_v388,Endopiriform nucleus,7,32,-25
LatentSpace_v388,Olfactory areas-other,8,33,-25
LatentSpace_v388,Postpiriform transition area,13,27,-14
LatentSpace_v388,Piriform area,11,34,-23
LatentSpace_v388,Taenia tecta,11,28,-17
LatentSpace_v388,Cortical amygdalar area,10,19,-9
LatentSpace_v388,Piriform-amygdalar area,8,28,-20
LatentSpace_v388,Main olfactory bulb,4,10,-6
LatentSpace_v388,Accessory olfactory bulb,36,19,17
LatentSpace_v388,Anterior olfactory nucleus,9,32,-23
LatentSpace_v388,Subiculum,5,35,-30
LatentSpace_v388,Entorhinal area,9,22,-13
LatentSpace_v388,Field CA1,4,25,-21
LatentSpace_v388,Field CA2,6,14,-8
LatentSpace_v388,Field CA3,6,8,-2
LatentSpace_v388,Dentate gyrus,6,3,3
LatentSpace_v388,Anterior cingulate area,35,39,-4
LatentSpace_v388,Infralimbic area,13,26,-13
LatentSpace_v388,Retrosplenial area,25,36,-11
LatentSpace_v388,Prelimbic area,31,35,-4
LatentSpace_v388,Primary auditory area,36,38,-2
LatentSpace_v388,Dorsal auditory area,35,38,-3
LatentSpace_v388,Ventral auditory area,38,38,0
LatentSpace_v388,Agranular insular area,23,37,-14
LatentSpace_v388,Ectorhinal area,19,33,-14
LatentSpace_v388,Primary motor area,35,38,-3
LatentSpace_v388,Secondary motor area,36,38,-2
LatentSpace_v388,"Frontal pole, cerebral cortex",35,40,-5
LatentSpace_v388,Orbital area,26,35,-9
LatentSpace_v388,Posterior parietal association areas,35,38,-3
LatentSpace_v388,Perirhinal area,12,32,-20
LatentSpace_v388,Primary somatosensory area,34,35,-1
LatentSpace_v388,Supplemental somatosensory area,38,38,0
LatentSpace_v388,Temporal association areas,26,33,-7
LatentSpace_v388,Visual areas,35,38,-3
LatentSpace_v388,Pallidum,9,6,3
LatentSpace_v388,Striatum ventral region,5,3,2
LatentSpace_v388,Lateral septal complex,6,4,2
LatentSpace_v388,Caudoputamen,3,3,0
LatentSpace_v388,Medial amygdalar nucleus,7,7,0
LatentSpace_v388,Hypothalamus,14,9,5
LatentSpace_v388,Thalamus,9,1,8
LatentSpace_v388,Inferior colliculus,21,9,12
LatentSpace_v388,"Superior colliculus, sensory related",4,10,-6
LatentSpace_v388,Midbrain raphe nuclei,14,12,2
LatentSpace_v388,Midbrain-other,14,10,4
LatentSpace_v388,Periaqueductal gray,12,11,1
LatentSpace_v388,Pons,12,9,3
LatentSpace_v388,Medulla,14,9,5
LatentSpace_v388,Lingula (I),19,34,-15
LatentSpace_v388,Central lobule,31,34,-3
LatentSpace_v388,Culmen,27,34,-7
LatentSpace_v388,Declive (VI),23,28,-5
LatentSpace_v388,Folium-tuber vermis (VII),23,31,-8
LatentSpace_v388,Pyramus (VIII),27,32,-5
LatentSpace_v388,Uvula (IX),34,34,0
LatentSpace_v388,Nodulus (X),31,35,-4
LatentSpace_v388,Simple lobule,22,29,-7
LatentSpace_v388,Crus 1,22,26,-4
LatentSpace_v388,Crus 2,23,27,-4
LatentSpace_v388,Paramedian lobule,23,33,-10
LatentSpace_v388,Copula pyramidis,27,34,-7
LatentSpace_v388,Flocculus,32,34,-2
LatentSpace_v388,Paraflocculus,27,36,-9
LatentSpace_v388,Cerebellar nuclei,34,11,23
LatentSpace_v389,Cortical subplate-other,10,15,-5
LatentSpace_v389,Claustrum,28,33,-5
LatentSpace_v389,Endopiriform nucleus,18,32,-14
LatentSpace_v389,Olfactory areas-other,10,33,-23
LatentSpace_v389,Postpiriform transition area,11,27,-16
LatentSpace_v389,Piriform area,20,34,-14
LatentSpace_v389,Taenia tecta,12,28,-16
LatentSpace_v389,Cortical amygdalar area,10,19,-9
LatentSpace_v389,Piriform-amygdalar area,13,28,-15
LatentSpace_v389,Main olfactory bulb,12,10,2
LatentSpace_v389,Accessory olfactory bulb,39,19,20
LatentSpace_v389,Anterior olfactory nucleus,11,32,-21
LatentSpace_v389,Subiculum,2,35,-33
LatentSpace_v389,Entorhinal area,12,22,-10
LatentSpace_v389,Field CA1,6,25,-19
LatentSpace_v389,Field CA2,8,14,-6
LatentSpace_v389,Field CA3,5,8,-3
LatentSpace_v389,Dentate gyrus,7,3,4
LatentSpace_v389,Anterior cingulate area,34,39,-5
LatentSpace_v389,Infralimbic area,12,26,-14
LatentSpace_v389,Retrosplenial area,22,36,-14
LatentSpace_v389,Prelimbic area,24,35,-11
LatentSpace_v389,Primary auditory area,35,38,-3
LatentSpace_v389,Dorsal auditory area,35,38,-3
LatentSpace_v389,Ventral auditory area,35,38,-3
LatentSpace_v389,Agranular insular area,22,37,-15
LatentSpace_v389,Ectorhinal area,25,33,-8
LatentSpace_v389,Primary motor area,35,38,-3
LatentSpace_v389,Secondary motor area,35,38,-3
LatentSpace_v389,"Frontal pole, cerebral cortex",34,40,-6
LatentSpace_v389,Orbital area,23,35,-12
LatentSpace_v389,Posterior parietal association areas,35,38,-3
LatentSpace_v389,Perirhinal area,23,32,-9
LatentSpace_v389,Primary somatosensory area,30,35,-5
LatentSpace_v389,Supplemental somatosensory area,35,38,-3
LatentSpace_v389,Temporal association areas,36,33,3
LatentSpace_v389,Visual areas,32,38,-6
LatentSpace_v389,Pallidum,7,6,1
LatentSpace_v389,Striatum ventral region,7,3,4
LatentSpace_v389,Lateral septal complex,10,4,6
LatentSpace_v389,Caudoputamen,3,3,0
LatentSpace_v389,Medial amygdalar nucleus,10,7,3
LatentSpace_v389,Hypothalamus,5,9,-4
LatentSpace_v389,Thalamus,3,1,2
LatentSpace_v389,Inferior colliculus,5,9,-4
LatentSpace_v389,"Superior colliculus, sensory related",8,10,-2
LatentSpace_v389,Midbrain raphe nuclei,11,12,-1
LatentSpace_v389,Midbrain-other,13,10,3
LatentSpace_v389,Periaqueductal gray,12,11,1
LatentSpace_v389,Pons,12,9,3
LatentSpace_v389,Medulla,10,9,1
LatentSpace_v389,Lingula (I),13,34,-21
LatentSpace_v389,Central lobule,17,34,-17
LatentSpace_v389,Culmen,25,34,-9
LatentSpace_v389,Declive (VI),23,28,-5
LatentSpace_v389,Folium-tuber vermis (VII),23,31,-8
LatentSpace_v389,Pyramus (VIII),29,32,-3
LatentSpace_v389,Uvula (IX),13,34,-21
LatentSpace_v389,Nodulus (X),13,35,-22
LatentSpace_v389,Simple lobule,23,29,-6
LatentSpace_v389,Crus 1,23,26,-3
LatentSpace_v389,Crus 2,22,27,-5
LatentSpace_v389,Paramedian lobule,24,33,-9
LatentSpace_v389,Copula pyramidis,27,34,-7
LatentSpace_v389,Flocculus,14,34,-20
LatentSpace_v389,Paraflocculus,18,36,-18
LatentSpace_v389,Cerebellar nuclei,12,11,1
LatentSpace_v390,Cortical subplate-other,9,15,-6
LatentSpace_v390,Claustrum,19,33,-14
LatentSpace_v390,Endopiriform nucleus,19,32,-13
LatentSpace_v390,Olfactory areas-other,19,33,-14
LatentSpace_v390,Postpiriform transition area,6,27,-21
LatentSpace_v390,Piriform area,15,34,-19
LatentSpace_v390,Taenia tecta,14,28,-14
LatentSpace_v390,Cortical amygdalar area,5,19,-14
LatentSpace_v390,Piriform-amygdalar area,6,28,-22
LatentSpace_v390,Main olfactory bulb,24,10,14
LatentSpace_v390,Accessory olfactory bulb,28,19,9
LatentSpace_v390,Anterior olfactory nucleus,13,32,-19
LatentSpace_v390,Subiculum,7,35,-28
LatentSpace_v390,Entorhinal area,9,22,-13
LatentSpace_v390,Field CA1,5,25,-20
LatentSpace_v390,Field CA2,5,14,-9
LatentSpace_v390,Field CA3,6,8,-2
LatentSpace_v390,Dentate gyrus,7,3,4
LatentSpace_v390,Anterior cingulate area,36,39,-3
LatentSpace_v390,Infralimbic area,11,26,-15
LatentSpace_v390,Retrosplenial area,25,36,-11
LatentSpace_v390,Prelimbic area,27,35,-8
LatentSpace_v390,Primary auditory area,37,38,-1
LatentSpace_v390,Dorsal auditory area,35,38,-3
LatentSpace_v390,Ventral auditory area,38,38,0
LatentSpace_v390,Agranular insular area,24,37,-13
LatentSpace_v390,Ectorhinal area,24,33,-9
LatentSpace_v390,Primary motor area,35,38,-3
LatentSpace_v390,Secondary motor area,37,38,-1
LatentSpace_v390,"Frontal pole, cerebral cortex",32,40,-8
LatentSpace_v390,Orbital area,25,35,-10
LatentSpace_v390,Posterior parietal association areas,35,38,-3
LatentSpace_v390,Perirhinal area,17,32,-15
LatentSpace_v390,Primary somatosensory area,28,35,-7
LatentSpace_v390,Supplemental somatosensory area,37,38,-1
LatentSpace_v390,Temporal association areas,31,33,-2
LatentSpace_v390,Visual areas,33,38,-5
LatentSpace_v390,Pallidum,10,6,4
LatentSpace_v390,Striatum ventral region,6,3,3
LatentSpace_v390,Lateral septal complex,13,4,9
LatentSpace_v390,Caudoputamen,3,3,0
LatentSpace_v390,Medial amygdalar nucleus,10,7,3
LatentSpace_v390,Hypothalamus,7,9,-2
LatentSpace_v390,Thalamus,10,1,9
LatentSpace_v390,Inferior colliculus,10,9,1
LatentSpace_v390,"Superior colliculus, sensory related",5,10,-5
LatentSpace_v390,Midbrain raphe nuclei,14,12,2
LatentSpace_v390,Midbrain-other,11,10,1
LatentSpace_v390,Periaqueductal gray,11,11,0
LatentSpace_v390,Pons,10,9,1
LatentSpace_v390,Medulla,12,9,3
LatentSpace_v390,Lingula (I),12,34,-22
LatentSpace_v390,Central lobule,12,34,-22
LatentSpace_v390,Culmen,27,34,-7
LatentSpace_v390,Declive (VI),23,28,-5
LatentSpace_v390,Folium-tuber vermis (VII),23,31,-8
LatentSpace_v390,Pyramus (VIII),26,32,-6
LatentSpace_v390,Uvula (IX),29,34,-5
LatentSpace_v390,Nodulus (X),14,35,-21
LatentSpace_v390,Simple lobule,23,29,-6
LatentSpace_v390,Crus 1,23,26,-3
LatentSpace_v390,Crus 2,23,27,-4
LatentSpace_v390,Paramedian lobule,23,33,-10
LatentSpace_v390,Copula pyramidis,28,34,-6
LatentSpace_v390,Flocculus,23,34,-11
LatentSpace_v390,Paraflocculus,26,36,-10
LatentSpace_v390,Cerebellar nuclei,23,11,12
LatentSpace_v391,Cortical subplate-other,12,15,-3
LatentSpace_v391,Claustrum,22,33,-11
LatentSpace_v391,Endopiriform nucleus,13,32,-19
LatentSpace_v391,Olfactory areas-other,17,33,-16
LatentSpace_v391,Postpiriform transition area,11,27,-16
LatentSpace_v391,Piriform area,11,34,-23
LatentSpace_v391,Taenia tecta,13,28,-15
LatentSpace_v391,Cortical amygdalar area,9,19,-10
LatentSpace_v391,Piriform-amygdalar area,9,28,-19
LatentSpace_v391,Main olfactory bulb,23,10,13
LatentSpace_v391,Accessory olfactory bulb,45,19,26
LatentSpace_v391,Anterior olfactory nucleus,19,32,-13
LatentSpace_v391,Subiculum,3,35,-32
LatentSpace_v391,Entorhinal area,9,22,-13
LatentSpace_v391,Field CA1,6,25,-19
LatentSpace_v391,Field CA2,7,14,-7
LatentSpace_v391,Field CA3,6,8,-2
LatentSpace_v391,Dentate gyrus,9,3,6
LatentSpace_v391,Anterior cingulate area,30,39,-9
LatentSpace_v391,Infralimbic area,12,26,-14
LatentSpace_v391,Retrosplenial area,23,36,-13
LatentSpace_v391,Prelimbic area,23,35,-12
LatentSpace_v391,Primary auditory area,35,38,-3
LatentSpace_v391,Dorsal auditory area,31,38,-7
LatentSpace_v391,Ventral auditory area,36,38,-2
LatentSpace_v391,Agranular insular area,21,37,-16
LatentSpace_v391,Ectorhinal area,19,33,-14
LatentSpace_v391,Primary motor area,35,38,-3
LatentSpace_v391,Secondary motor area,33,38,-5
LatentSpace_v391,"Frontal pole, cerebral cortex",29,40,-11
LatentSpace_v391,Orbital area,21,35,-14
LatentSpace_v391,Posterior parietal association areas,30,38,-8
LatentSpace_v391,Perirhinal area,12,32,-20
LatentSpace_v391,Primary somatosensory area,27,35,-8
LatentSpace_v391,Supplemental somatosensory area,36,38,-2
LatentSpace_v391,Temporal association areas,27,33,-6
LatentSpace_v391,Visual areas,30,38,-8
LatentSpace_v391,Pallidum,7,6,1
LatentSpace_v391,Striatum ventral region,9,3,6
LatentSpace_v391,Lateral septal complex,8,4,4
LatentSpace_v391,Caudoputamen,3,3,0
LatentSpace_v391,Medial amygdalar nucleus,9,7,2
LatentSpace_v391,Hypothalamus,4,9,-5
LatentSpace_v391,Thalamus,5,1,4
LatentSpace_v391,Inferior colliculus,10,9,1
LatentSpace_v391,"Superior colliculus, sensory related",11,10,1
LatentSpace_v391,Midbrain raphe nuclei,12,12,0
LatentSpace_v391,Midbrain-other,12,10,2
LatentSpace_v391,Periaqueductal gray,12,11,1
LatentSpace_v391,Pons,9,9,0
LatentSpace_v391,Medulla,9,9,0
LatentSpace_v391,Lingula (I),13,34,-21
LatentSpace_v391,Central lobule,13,34,-21
LatentSpace_v391,Culmen,29,34,-5
LatentSpace_v391,Declive (VI),23,28,-5
LatentSpace_v391,Folium-tuber vermis (VII),24,31,-7
LatentSpace_v391,Pyramus (VIII),27,32,-5
LatentSpace_v391,Uvula (IX),9,34,-25
LatentSpace_v391,Nodulus (X),12,35,-23
LatentSpace_v391,Simple lobule,24,29,-5
LatentSpace_v391,Crus 1,23,26,-3
LatentSpace_v391,Crus 2,23,27,-4
LatentSpace_v391,Paramedian lobule,23,33,-10
LatentSpace_v391,Copula pyramidis,27,34,-7
LatentSpace_v391,Flocculus,19,34,-15
LatentSpace_v391,Paraflocculus,27,36,-9
LatentSpace_v391,Cerebellar nuclei,13,11,2
LatentSpace_v392,Cortical subplate-other,12,15,-3
LatentSpace_v392,Claustrum,18,33,-15
LatentSpace_v392,Endopiriform nucleus,19,32,-13
LatentSpace_v392,Olfactory areas-other,25,33,-8
LatentSpace_v392,Postpiriform transition area,13,27,-14
LatentSpace_v392,Piriform area,21,34,-13
LatentSpace_v392,Taenia tecta,14,28,-14
LatentSpace_v392,Cortical amygdalar area,13,19,-6
LatentSpace_v392,Piriform-amygdalar area,13,28,-15
LatentSpace_v392,Main olfactory bulb,19,10,9
LatentSpace_v392,Accessory olfactory bulb,20,19,1
LatentSpace_v392,Anterior olfactory nucleus,26,32,-6
LatentSpace_v392,Subiculum,6,35,-29
LatentSpace_v392,Entorhinal area,18,22,-4
LatentSpace_v392,Field CA1,7,25,-18
LatentSpace_v392,Field CA2,7,14,-7
LatentSpace_v392,Field CA3,6,8,-2
LatentSpace_v392,Dentate gyrus,6,3,3
LatentSpace_v392,Anterior cingulate area,34,39,-5
LatentSpace_v392,Infralimbic area,15,26,-11
LatentSpace_v392,Retrosplenial area,23,36,-13
LatentSpace_v392,Prelimbic area,22,35,-13
LatentSpace_v392,Primary auditory area,35,38,-3
LatentSpace_v392,Dorsal auditory area,35,38,-3
LatentSpace_v392,Ventral auditory area,37,38,-1
LatentSpace_v392,Agranular insular area,20,37,-17
LatentSpace_v392,Ectorhinal area,18,33,-15
LatentSpace_v392,Primary motor area,35,38,-3
LatentSpace_v392,Secondary motor area,33,38,-5
LatentSpace_v392,"Frontal pole, cerebral cortex",23,40,-17
LatentSpace_v392,Orbital area,21,35,-14
LatentSpace_v392,Posterior parietal association areas,35,38,-3
LatentSpace_v392,Perirhinal area,20,32,-12
LatentSpace_v392,Primary somatosensory area,27,35,-8
LatentSpace_v392,Supplemental somatosensory area,36,38,-2
LatentSpace_v392,Temporal association areas,23,33,-10
LatentSpace_v392,Visual areas,31,38,-7
LatentSpace_v392,Pallidum,13,6,7
LatentSpace_v392,Striatum ventral region,8,3,5
LatentSpace_v392,Lateral septal complex,13,4,9
LatentSpace_v392,Caudoputamen,3,3,0
LatentSpace_v392,Medial amygdalar nucleus,11,7,4
LatentSpace_v392,Hypothalamus,14,9,5
LatentSpace_v392,Thalamus,5,1,4
LatentSpace_v392,Inferior colliculus,19,9,10
LatentSpace_v392,"Superior colliculus, sensory related",7,10,-3
LatentSpace_v392,Midbrain raphe nuclei,14,12,2
LatentSpace_v392,Midbrain-other,14,10,4
LatentSpace_v392,Periaqueductal gray,14,11,3
LatentSpace_v392,Pons,11,9,2
LatentSpace_v392,Medulla,11,9,2
LatentSpace_v392,Lingula (I),13,34,-21
LatentSpace_v392,Central lobule,15,34,-19
LatentSpace_v392,Culmen,23,34,-11
LatentSpace_v392,Declive (VI),23,28,-5
LatentSpace_v392,Folium-tuber vermis (VII),23,31,-8
LatentSpace_v392,Pyramus (VIII),24,32,-8
LatentSpace_v392,Uvula (IX),23,34,-11
LatentSpace_v392,Nodulus (X),19,35,-16
LatentSpace_v392,Simple lobule,23,29,-6
LatentSpace_v392,Crus 1,23,26,-3
LatentSpace_v392,Crus 2,23,27,-4
LatentSpace_v392,Paramedian lobule,23,33,-10
LatentSpace_v392,Copula pyramidis,23,34,-11
LatentSpace_v392,Flocculus,33,34,-1
LatentSpace_v392,Paraflocculus,24,36,-12
LatentSpace_v392,Cerebellar nuclei,12,11,1
LatentSpace_v393,Cortical subplate-other,10,15,-5
LatentSpace_v393,Claustrum,25,33,-8
LatentSpace_v393,Endopiriform nucleus,8,32,-24
LatentSpace_v393,Olfactory areas-other,7,33,-26
LatentSpace_v393,Postpiriform transition area,12,27,-15
LatentSpace_v393,Piriform area,14,34,-20
LatentSpace_v393,Taenia tecta,13,28,-15
LatentSpace_v393,Cortical amygdalar area,10,19,-9
LatentSpace_v393,Piriform-amygdalar area,11,28,-17
LatentSpace_v393,Main olfactory bulb,37,10,27
LatentSpace_v393,Accessory olfactory bulb,36,19,17
LatentSpace_v393,Anterior olfactory nucleus,4,32,-28
LatentSpace_v393,Subiculum,6,35,-29
LatentSpace_v393,Entorhinal area,18,22,-4
LatentSpace_v393,Field CA1,8,25,-17
LatentSpace_v393,Field CA2,14,14,0
LatentSpace_v393,Field CA3,7,8,-1
LatentSpace_v393,Dentate gyrus,8,3,5
LatentSpace_v393,Anterior cingulate area,35,39,-4
LatentSpace_v393,Infralimbic area,12,26,-14
LatentSpace_v393,Retrosplenial area,26,36,-10
LatentSpace_v393,Prelimbic area,26,35,-9
LatentSpace_v393,Primary auditory area,36,38,-2
LatentSpace_v393,Dorsal auditory area,35,38,-3
LatentSpace_v393,Ventral auditory area,37,38,-1
LatentSpace_v393,Agranular insular area,23,37,-14
LatentSpace_v393,Ectorhinal area,23,33,-10
LatentSpace_v393,Primary motor area,35,38,-3
LatentSpace_v393,Secondary motor area,36,38,-2
LatentSpace_v393,"Frontal pole, cerebral cortex",36,40,-4
LatentSpace_v393,Orbital area,23,35,-12
LatentSpace_v393,Posterior parietal association areas,35,38,-3
LatentSpace_v393,Perirhinal area,20,32,-12
LatentSpace_v393,Primary somatosensory area,27,35,-8
LatentSpace_v393,Supplemental somatosensory area,35,38,-3
LatentSpace_v393,Temporal association areas,32,33,-1
LatentSpace_v393,Visual areas,34,38,-4
LatentSpace_v393,Pallidum,8,6,2
LatentSpace_v393,Striatum ventral region,7,3,4
LatentSpace_v393,Lateral septal complex,12,4,8
LatentSpace_v393,Caudoputamen,3,3,0
LatentSpace_v393,Medial amygdalar nucleus,12,7,5
LatentSpace_v393,Hypothalamus,7,9,-2
LatentSpace_v393,Thalamus,10,1,9
LatentSpace_v393,Inferior colliculus,7,9,-2
LatentSpace_v393,"Superior colliculus, sensory related",4,10,-6
LatentSpace_v393,Midbrain raphe nuclei,14,12,2
LatentSpace_v393,Midbrain-other,11,10,1
LatentSpace_v393,Periaqueductal gray,10,11,-1
LatentSpace_v393,Pons,11,9,2
LatentSpace_v393,Medulla,10,9,1
LatentSpace_v393,Lingula (I),13,34,-21
LatentSpace_v393,Central lobule,12,34,-22
LatentSpace_v393,Culmen,30,34,-4
LatentSpace_v393,Declive (VI),25,28,-3
LatentSpace_v393,Folium-tuber vermis (VII),24,31,-7
LatentSpace_v393,Pyramus (VIII),23,32,-9
LatentSpace_v393,Uvula (IX),31,34,-3
LatentSpace_v393,Nodulus (X),14,35,-21
LatentSpace_v393,Simple lobule,25,29,-4
LatentSpace_v393,Crus 1,24,26,-2
LatentSpace_v393,Crus 2,22,27,-5
LatentSpace_v393,Paramedian lobule,23,33,-10
LatentSpace_v393,Copula pyramidis,25,34,-9
LatentSpace_v393,Flocculus,32,34,-2
LatentSpace_v393,Paraflocculus,27,36,-9
LatentSpace_v393,Cerebellar nuclei,11,11,0
LatentSpace_v394,Cortical subplate-other,11,15,-4
LatentSpace_v394,Claustrum,30,33,-3
LatentSpace_v394,Endopiriform nucleus,24,32,-8
LatentSpace_v394,Olfactory areas-other,18,33,-15
LatentSpace_v394,Postpiriform transition area,17,27,-10
LatentSpace_v394,Piriform area,23,34,-11
LatentSpace_v394,Taenia tecta,13,28,-15
LatentSpace_v394,Cortical amygdalar area,10,19,-9
LatentSpace_v394,Piriform-amygdalar area,17,28,-11
LatentSpace_v394,Main olfactory bulb,11,10,1
LatentSpace_v394,Accessory olfactory bulb,32,19,13
LatentSpace_v394,Anterior olfactory nucleus,12,32,-20
LatentSpace_v394,Subiculum,3,35,-32
LatentSpace_v394,Entorhinal area,15,22,-7
LatentSpace_v394,Field CA1,7,25,-18
LatentSpace_v394,Field CA2,12,14,-2
LatentSpace_v394,Field CA3,6,8,-2
LatentSpace_v394,Dentate gyrus,8,3,5
LatentSpace_v394,Anterior cingulate area,32,39,-7
LatentSpace_v394,Infralimbic area,12,26,-14
LatentSpace_v394,Retrosplenial area,25,36,-11
LatentSpace_v394,Prelimbic area,29,35,-6
LatentSpace_v394,Primary auditory area,35,38,-3
LatentSpace_v394,Dorsal auditory area,35,38,-3
LatentSpace_v394,Ventral auditory area,37,38,-1
LatentSpace_v394,Agranular insular area,24,37,-13
LatentSpace_v394,Ectorhinal area,26,33,-7
LatentSpace_v394,Primary motor area,34,38,-4
LatentSpace_v394,Secondary motor area,34,38,-4
LatentSpace_v394,"Frontal pole, cerebral cortex",27,40,-13
LatentSpace_v394,Orbital area,27,35,-8
LatentSpace_v394,Posterior parietal association areas,35,38,-3
LatentSpace_v394,Perirhinal area,23,32,-9
LatentSpace_v394,Primary somatosensory area,25,35,-10
LatentSpace_v394,Supplemental somatosensory area,33,38,-5
LatentSpace_v394,Temporal association areas,34,33,1
LatentSpace_v394,Visual areas,34,38,-4
LatentSpace_v394,Pallidum,7,6,1
LatentSpace_v394,Striatum ventral region,6,3,3
LatentSpace_v394,Lateral septal complex,8,4,4
LatentSpace_v394,Caudoputamen,3,3,0
LatentSpace_v394,Medial amygdalar nucleus,8,7,1
LatentSpace_v394,Hypothalamus,7,9,-2
LatentSpace_v394,Thalamus,1,1,0
LatentSpace_v394,Inferior colliculus,5,9,-4
LatentSpace_v394,"Superior colliculus, sensory related",5,10,-5
LatentSpace_v394,Midbrain raphe nuclei,14,12,2
LatentSpace_v394,Midbrain-other,11,10,1
LatentSpace_v394,Periaqueductal gray,12,11,1
LatentSpace_v394,Pons,11,9,2
LatentSpace_v394,Medulla,9,9,0
LatentSpace_v394,Lingula (I),27,34,-7
LatentSpace_v394,Central lobule,30,34,-4
LatentSpace_v394,Culmen,26,34,-8
LatentSpace_v394,Declive (VI),23,28,-5
LatentSpace_v394,Folium-tuber vermis (VII),23,31,-8
LatentSpace_v394,Pyramus (VIII),25,32,-7
LatentSpace_v394,Uvula (IX),32,34,-2
LatentSpace_v394,Nodulus (X),31,35,-4
LatentSpace_v394,Simple lobule,23,29,-6
LatentSpace_v394,Crus 1,22,26,-4
LatentSpace_v394,Crus 2,22,27,-5
LatentSpace_v394,Paramedian lobule,23,33,-10
LatentSpace_v394,Copula pyramidis,25,34,-9
LatentSpace_v394,Flocculus,33,34,-1
LatentSpace_v394,Paraflocculus,24,36,-12
LatentSpace_v394,Cerebellar nuclei,31,11,20
LatentSpace_v395,Cortical subplate-other,13,15,-2
LatentSpace_v395,Claustrum,28,33,-5
LatentSpace_v395,Endopiriform nucleus,18,32,-14
LatentSpace_v395,Olfactory areas-other,14,33,-19
LatentSpace_v395,Postpiriform transition area,16,27,-11
LatentSpace_v395,Piriform area,20,34,-14
LatentSpace_v395,Taenia tecta,18,28,-10
LatentSpace_v395,Cortical amygdalar area,11,19,-8
LatentSpace_v395,Piriform-amygdalar area,9,28,-19
LatentSpace_v395,Main olfactory bulb,16,10,6
LatentSpace_v395,Accessory olfactory bulb,8,19,-11
LatentSpace_v395,Anterior olfactory nucleus,10,32,-22
LatentSpace_v395,Subiculum,7,35,-28
LatentSpace_v395,Entorhinal area,15,22,-7
LatentSpace_v395,Field CA1,13,25,-12
LatentSpace_v395,Field CA2,14,14,0
LatentSpace_v395,Field CA3,6,8,-2
LatentSpace_v395,Dentate gyrus,10,3,7
LatentSpace_v395,Anterior cingulate area,32,39,-7
LatentSpace_v395,Infralimbic area,21,26,-5
LatentSpace_v395,Retrosplenial area,22,36,-14
LatentSpace_v395,Prelimbic area,28,35,-7
LatentSpace_v395,Primary auditory area,35,38,-3
LatentSpace_v395,Dorsal auditory area,31,38,-7
LatentSpace_v395,Ventral auditory area,30,38,-8
LatentSpace_v395,Agranular insular area,21,37,-16
LatentSpace_v395,Ectorhinal area,24,33,-9
LatentSpace_v395,Primary motor area,31,38,-7
LatentSpace_v395,Secondary motor area,33,38,-5
LatentSpace_v395,"Frontal pole, cerebral cortex",30,40,-10
LatentSpace_v395,Orbital area,25,35,-10
LatentSpace_v395,Posterior parietal association areas,30,38,-8
LatentSpace_v395,Perirhinal area,20,32,-12
LatentSpace_v395,Primary somatosensory area,25,35,-10
LatentSpace_v395,Supplemental somatosensory area,35,38,-3
LatentSpace_v395,Temporal association areas,25,33,-8
LatentSpace_v395,Visual areas,28,38,-10
LatentSpace_v395,Pallidum,15,6,9
LatentSpace_v395,Striatum ventral region,11,3,8
LatentSpace_v395,Lateral septal complex,12,4,8
LatentSpace_v395,Caudoputamen,3,3,0
LatentSpace_v395,Medial amygdalar nucleus,14,7,7
LatentSpace_v395,Hypothalamus,11,9,2
LatentSpace_v395,Thalamus,2,1,1
LatentSpace_v395,Inferior colliculus,7,9,-2
LatentSpace_v395,"Superior colliculus, sensory related",8,10,-2
LatentSpace_v395,Midbrain raphe nuclei,14,12,2
LatentSpace_v395,Midbrain-other,12,10,2
LatentSpace_v395,Periaqueductal gray,11,11,0
LatentSpace_v395,Pons,8,9,-1
LatentSpace_v395,Medulla,11,9,2
LatentSpace_v395,Lingula (I),13,34,-21
LatentSpace_v395,Central lobule,11,34,-23
LatentSpace_v395,Culmen,26,34,-8
LatentSpace_v395,Declive (VI),23,28,-5
LatentSpace_v395,Folium-tuber vermis (VII),23,31,-8
LatentSpace_v395,Pyramus (VIII),28,32,-4
LatentSpace_v395,Uvula (IX),17,34,-17
LatentSpace_v395,Nodulus (X),14,35,-21
LatentSpace_v395,Simple lobule,24,29,-5
LatentSpace_v395,Crus 1,23,26,-3
LatentSpace_v395,Crus 2,22,27,-5
LatentSpace_v395,Paramedian lobule,23,33,-10
LatentSpace_v395,Copula pyramidis,30,34,-4
LatentSpace_v395,Flocculus,13,34,-21
LatentSpace_v395,Paraflocculus,26,36,-10
LatentSpace_v395,Cerebellar nuclei,22,11,11
LatentSpace_v396,Cortical subplate-other,6,15,-9
LatentSpace_v396,Claustrum,23,33,-10
LatentSpace_v396,Endopiriform nucleus,6,32,-26
LatentSpace_v396,Olfactory areas-other,9,33,-24
LatentSpace_v396,Postpiriform transition area,10,27,-17
LatentSpace_v396,Piriform area,9,34,-25
LatentSpace_v396,Taenia tecta,13,28,-15
LatentSpace_v396,Cortical amygdalar area,3,19,-16
LatentSpace_v396,Piriform-amygdalar area,15,28,-13
LatentSpace_v396,Main olfactory bulb,9,10,-1
LatentSpace_v396,Accessory olfactory bulb,18,19,-1
LatentSpace_v396,Anterior olfactory nucleus,8,32,-24
LatentSpace_v396,Subiculum,6,35,-29
LatentSpace_v396,Entorhinal area,11,22,-11
LatentSpace_v396,Field CA1,7,25,-18
LatentSpace_v396,Field CA2,8,14,-6
LatentSpace_v396,Field CA3,5,8,-3
LatentSpace_v396,Dentate gyrus,6,3,3
LatentSpace_v396,Anterior cingulate area,35,39,-4
LatentSpace_v396,Infralimbic area,10,26,-16
LatentSpace_v396,Retrosplenial area,25,36,-11
LatentSpace_v396,Prelimbic area,22,35,-13
LatentSpace_v396,Primary auditory area,36,38,-2
LatentSpace_v396,Dorsal auditory area,35,38,-3
LatentSpace_v396,Ventral auditory area,39,38,1
LatentSpace_v396,Agranular insular area,19,37,-18
LatentSpace_v396,Ectorhinal area,21,33,-12
LatentSpace_v396,Primary motor area,35,38,-3
LatentSpace_v396,Secondary motor area,36,38,-2
LatentSpace_v396,"Frontal pole, cerebral cortex",29,40,-11
LatentSpace_v396,Orbital area,16,35,-19
LatentSpace_v396,Posterior parietal association areas,35,38,-3
LatentSpace_v396,Perirhinal area,13,32,-19
LatentSpace_v396,Primary somatosensory area,35,35,0
LatentSpace_v396,Supplemental somatosensory area,37,38,-1
LatentSpace_v396,Temporal association areas,31,33,-2
LatentSpace_v396,Visual areas,35,38,-3
LatentSpace_v396,Pallidum,7,6,1
LatentSpace_v396,Striatum ventral region,7,3,4
LatentSpace_v396,Lateral septal complex,10,4,6
LatentSpace_v396,Caudoputamen,3,3,0
LatentSpace_v396,Medial amygdalar nucleus,7,7,0
LatentSpace_v396,Hypothalamus,6,9,-3
LatentSpace_v396,Thalamus,8,1,7
LatentSpace_v396,Inferior colliculus,9,9,0
LatentSpace_v396,"Superior colliculus, sensory related",6,10,-4
LatentSpace_v396,Midbrain raphe nuclei,15,12,3
LatentSpace_v396,Midbrain-other,12,10,2
LatentSpace_v396,Periaqueductal gray,11,11,0
LatentSpace_v396,Pons,13,9,4
LatentSpace_v396,Medulla,34,9,25
LatentSpace_v396,Lingula (I),13,34,-21
LatentSpace_v396,Central lobule,16,34,-18
LatentSpace_v396,Culmen,34,34,0
LatentSpace_v396,Declive (VI),23,28,-5
LatentSpace_v396,Folium-tuber vermis (VII),23,31,-8
LatentSpace_v396,Pyramus (VIII),25,32,-7
LatentSpace_v396,Uvula (IX),29,34,-5
LatentSpace_v396,Nodulus (X),15,35,-20
LatentSpace_v396,Simple lobule,26,29,-3
LatentSpace_v396,Crus 1,23,26,-3
LatentSpace_v396,Crus 2,22,27,-5
LatentSpace_v396,Paramedian lobule,23,33,-10
LatentSpace_v396,Copula pyramidis,26,34,-8
LatentSpace_v396,Flocculus,33,34,-1
LatentSpace_v396,Paraflocculus,30,36,-6
LatentSpace_v396,Cerebellar nuclei,34,11,23
LatentSpace_v397,Cortical subplate-other,9,15,-6
LatentSpace_v397,Claustrum,27,33,-6
LatentSpace_v397,Endopiriform nucleus,15,32,-17
LatentSpace_v397,Olfactory areas-other,15,33,-18
LatentSpace_v397,Postpiriform transition area,3,27,-24
LatentSpace_v397,Piriform area,18,34,-16
LatentSpace_v397,Taenia tecta,12,28,-16
LatentSpace_v397,Cortical amygdalar area,3,19,-16
LatentSpace_v397,Piriform-amygdalar area,6,28,-22
LatentSpace_v397,Main olfactory bulb,11,10,1
LatentSpace_v397,Accessory olfactory bulb,12,19,-7
LatentSpace_v397,Anterior olfactory nucleus,13,32,-19
LatentSpace_v397,Subiculum,5,35,-30
LatentSpace_v397,Entorhinal area,14,22,-8
LatentSpace_v397,Field CA1,7,25,-18
LatentSpace_v397,Field CA2,8,14,-6
LatentSpace_v397,Field CA3,8,8,0
LatentSpace_v397,Dentate gyrus,9,3,6
LatentSpace_v397,Anterior cingulate area,32,39,-7
LatentSpace_v397,Infralimbic area,12,26,-14
LatentSpace_v397,Retrosplenial area,25,36,-11
LatentSpace_v397,Prelimbic area,28,35,-7
LatentSpace_v397,Primary auditory area,35,38,-3
LatentSpace_v397,Dorsal auditory area,35,38,-3
LatentSpace_v397,Ventral auditory area,37,38,-1
LatentSpace_v397,Agranular insular area,23,37,-14
LatentSpace_v397,Ectorhinal area,23,33,-10
LatentSpace_v397,Primary motor area,35,38,-3
LatentSpace_v397,Secondary motor area,35,38,-3
LatentSpace_v397,"Frontal pole, cerebral cortex",30,40,-10
LatentSpace_v397,Orbital area,26,35,-9
LatentSpace_v397,Posterior parietal association areas,35,38,-3
LatentSpace_v397,Perirhinal area,19,32,-13
LatentSpace_v397,Primary somatosensory area,32,35,-3
LatentSpace_v397,Supplemental somatosensory area,37,38,-1
LatentSpace_v397,Temporal association areas,33,33,0
LatentSpace_v397,Visual areas,35,38,-3
LatentSpace_v397,Pallidum,6,6,0
LatentSpace_v397,Striatum ventral region,5,3,2
LatentSpace_v397,Lateral septal complex,14,4,10
LatentSpace_v397,Caudoputamen,3,3,0
LatentSpace_v397,Medial amygdalar nucleus,7,7,0
LatentSpace_v397,Hypothalamus,8,9,-1
LatentSpace_v397,Thalamus,9,1,8
LatentSpace_v397,Inferior colliculus,6,9,-3
LatentSpace_v397,"Superior colliculus, sensory related",4,10,-6
LatentSpace_v397,Midbrain raphe nuclei,15,12,3
LatentSpace_v397,Midbrain-other,9,10,-1
LatentSpace_v397,Periaqueductal gray,11,11,0
LatentSpace_v397,Pons,10,9,1
LatentSpace_v397,Medulla,10,9,1
LatentSpace_v397,Lingula (I),16,34,-18
LatentSpace_v397,Central lobule,29,34,-5
LatentSpace_v397,Culmen,28,34,-6
LatentSpace_v397,Declive (VI),23,28,-5
LatentSpace_v397,Folium-tuber vermis (VII),23,31,-8
LatentSpace_v397,Pyramus (VIII),23,32,-9
LatentSpace_v397,Uvula (IX),31,34,-3
LatentSpace_v397,Nodulus (X),16,35,-19
LatentSpace_v397,Simple lobule,23,29,-6
LatentSpace_v397,Crus 1,23,26,-3
LatentSpace_v397,Crus 2,23,27,-4
LatentSpace_v397,Paramedian lobule,23,33,-10
LatentSpace_v397,Copula pyramidis,25,34,-9
LatentSpace_v397,Flocculus,27,34,-7
LatentSpace_v397,Paraflocculus,26,36,-10
LatentSpace_v397,Cerebellar nuclei,21,11,10
LatentSpace_v398,Cortical subplate-other,10,15,-5
LatentSpace_v398,Claustrum,21,33,-12
LatentSpace_v398,Endopiriform nucleus,10,32,-22
LatentSpace_v398,Olfactory areas-other,23,33,-10
LatentSpace_v398,Postpiriform transition area,10,27,-17
LatentSpace_v398,Piriform area,13,34,-21
LatentSpace_v398,Taenia tecta,12,28,-16
LatentSpace_v398,Cortical amygdalar area,10,19,-9
LatentSpace_v398,Piriform-amygdalar area,6,28,-22
LatentSpace_v398,Main olfactory bulb,20,10,10
LatentSpace_v398,Accessory olfactory bulb,22,19,3
LatentSpace_v398,Anterior olfactory nucleus,20,32,-12
LatentSpace_v398,Subiculum,5,35,-30
LatentSpace_v398,Entorhinal area,9,22,-13
LatentSpace_v398,Field CA1,8,25,-17
LatentSpace_v398,Field CA2,9,14,-5
LatentSpace_v398,Field CA3,8,8,0
LatentSpace_v398,Dentate gyrus,8,3,5
LatentSpace_v398,Anterior cingulate area,35,39,-4
LatentSpace_v398,Infralimbic area,14,26,-12
LatentSpace_v398,Retrosplenial area,25,36,-11
LatentSpace_v398,Prelimbic area,28,35,-7
LatentSpace_v398,Primary auditory area,36,38,-2
LatentSpace_v398,Dorsal auditory area,35,38,-3
LatentSpace_v398,Ventral auditory area,35,38,-3
LatentSpace_v398,Agranular insular area,24,37,-13
LatentSpace_v398,Ectorhinal area,22,33,-11
LatentSpace_v398,Primary motor area,35,38,-3
LatentSpace_v398,Secondary motor area,35,38,-3
LatentSpace_v398,"Frontal pole, cerebral cortex",35,40,-5
LatentSpace_v398,Orbital area,24,35,-11
LatentSpace_v398,Posterior parietal association areas,35,38,-3
LatentSpace_v398,Perirhinal area,15,32,-17
LatentSpace_v398,Primary somatosensory area,30,35,-5
LatentSpace_v398,Supplemental somatosensory area,36,38,-2
LatentSpace_v398,Temporal association areas,31,33,-2
LatentSpace_v398,Visual areas,33,38,-5
LatentSpace_v398,Pallidum,7,6,1
LatentSpace_v398,Striatum ventral region,7,3,4
LatentSpace_v398,Lateral septal complex,10,4,6
LatentSpace_v398,Caudoputamen,3,3,0
LatentSpace_v398,Medial amygdalar nucleus,8,7,1
LatentSpace_v398,Hypothalamus,5,9,-4
LatentSpace_v398,Thalamus,9,1,8
LatentSpace_v398,Inferior colliculus,6,9,-3
LatentSpace_v398,"Superior colliculus, sensory related",5,10,-5
LatentSpace_v398,Midbrain raphe nuclei,12,12,0
LatentSpace_v398,Midbrain-other,11,10,1
LatentSpace_v398,Periaqueductal gray,11,11,0
LatentSpace_v398,Pons,10,9,1
LatentSpace_v398,Medulla,23,9,14
LatentSpace_v398,Lingula (I),7,34,-27
LatentSpace_v398,Central lobule,5,34,-29
LatentSpace_v398,Culmen,24,34,-10
LatentSpace_v398,Declive (VI),22,28,-6
LatentSpace_v398,Folium-tuber vermis (VII),23,31,-8
LatentSpace_v398,Pyramus (VIII),24,32,-8
LatentSpace_v398,Uvula (IX),28,34,-6
LatentSpace_v398,Nodulus (X),15,35,-20
LatentSpace_v398,Simple lobule,22,29,-7
LatentSpace_v398,Crus 1,22,26,-4
LatentSpace_v398,Crus 2,22,27,-5
LatentSpace_v398,Paramedian lobule,23,33,-10
LatentSpace_v398,Copula pyramidis,24,34,-10
LatentSpace_v398,Flocculus,26,34,-8
LatentSpace_v398,Paraflocculus,27,36,-9
LatentSpace_v398,Cerebellar nuclei,32,11,21
LatentSpace_v399,Cortical subplate-other,8,15,-7
LatentSpace_v399,Claustrum,13,33,-20
LatentSpace_v399,Endopiriform nucleus,6,32,-26
LatentSpace_v399,Olfactory areas-other,14,33,-19
LatentSpace_v399,Postpiriform transition area,8,27,-19
LatentSpace_v399,Piriform area,16,34,-18
LatentSpace_v399,Taenia tecta,12,28,-16
LatentSpace_v399,Cortical amygdalar area,4,19,-15
LatentSpace_v399,Piriform-amygdalar area,6,28,-22
LatentSpace_v399,Main olfactory bulb,22,10,12
LatentSpace_v399,Accessory olfactory bulb,34,19,15
LatentSpace_v399,Anterior olfactory nucleus,7,32,-25
LatentSpace_v399,Subiculum,3,35,-32
LatentSpace_v399,Entorhinal area,11,22,-11
LatentSpace_v399,Field CA1,7,25,-18
LatentSpace_v399,Field CA2,10,14,-4
LatentSpace_v399,Field CA3,7,8,-1
LatentSpace_v399,Dentate gyrus,8,3,5
LatentSpace_v399,Anterior cingulate area,36,39,-3
LatentSpace_v399,Infralimbic area,10,26,-16
LatentSpace_v399,Retrosplenial area,25,36,-11
LatentSpace_v399,Prelimbic area,28,35,-7
LatentSpace_v399,Primary auditory area,36,38,-2
LatentSpace_v399,Dorsal auditory area,35,38,-3
LatentSpace_v399,Ventral auditory area,37,38,-1
LatentSpace_v399,Agranular insular area,26,37,-11
LatentSpace_v399,Ectorhinal area,22,33,-11
LatentSpace_v399,Primary motor area,35,38,-3
LatentSpace_v399,Secondary motor area,35,38,-3
LatentSpace_v399,"Frontal pole, cerebral cortex",36,40,-4
LatentSpace_v399,Orbital area,25,35,-10
LatentSpace_v399,Posterior parietal association areas,31,38,-7
LatentSpace_v399,Perirhinal area,17,32,-15
LatentSpace_v399,Primary somatosensory area,31,35,-4
LatentSpace_v399,Supplemental somatosensory area,37,38,-1
LatentSpace_v399,Temporal association areas,29,33,-4
LatentSpace_v399,Visual areas,31,38,-7
LatentSpace_v399,Pallidum,9,6,3
LatentSpace_v399,Striatum ventral region,9,3,6
LatentSpace_v399,Lateral septal complex,9,4,5
LatentSpace_v399,Caudoputamen,3,3,0
LatentSpace_v399,Medial amygdalar nucleus,8,7,1
LatentSpace_v399,Hypothalamus,10,9,1
LatentSpace_v399,Thalamus,4,1,3
LatentSpace_v399,Inferior colliculus,6,9,-3
LatentSpace_v399,"Superior colliculus, sensory related",4,10,-6
LatentSpace_v399,Midbrain raphe nuclei,14,12,2
LatentSpace_v399,Midbrain-other,12,10,2
LatentSpace_v399,Periaqueductal gray,12,11,1
LatentSpace_v399,Pons,11,9,2
LatentSpace_v399,Medulla,12,9,3
LatentSpace_v399,Lingula (I),12,34,-22
LatentSpace_v399,Central lobule,8,34,-26
LatentSpace_v399,Culmen,30,34,-4
LatentSpace_v399,Declive (VI),25,28,-3
LatentSpace_v399,Folium-tuber vermis (VII),24,31,-7
LatentSpace_v399,Pyramus (VIII),29,32,-3
LatentSpace_v399,Uvula (IX),35,34,1
LatentSpace_v399,Nodulus (X),27,35,-8
LatentSpace_v399,Simple lobule,25,29,-4
LatentSpace_v399,Crus 1,22,26,-4
LatentSpace_v399,Crus 2,23,27,-4
LatentSpace_v399,Paramedian lobule,23,33,-10
LatentSpace_v399,Copula pyramidis,25,34,-9
LatentSpace_v399,Flocculus,27,34,-7
LatentSpace_v399,Paraflocculus,23,36,-13
LatentSpace_v399,Cerebellar nuclei,26,11,15
LatentSpace_v400,Cortical subplate-other,8,15,-7
LatentSpace_v400,Claustrum,27,33,-6
LatentSpace_v400,Endopiriform nucleus,10,32,-22
LatentSpace_v400,Olfactory areas-other,9,33,-24
LatentSpace_v400,Postpiriform transition area,15,27,-12
LatentSpace_v400,Piriform area,13,34,-21
LatentSpace_v400,Taenia tecta,9,28,-19
LatentSpace_v400,Cortical amygdalar area,11,19,-8
LatentSpace_v400,Piriform-amygdalar area,11,28,-17
LatentSpace_v400,Main olfactory bulb,15,10,5
LatentSpace_v400,Accessory olfactory bulb,26,19,7
LatentSpace_v400,Anterior olfactory nucleus,9,32,-23
LatentSpace_v400,Subiculum,3,35,-32
LatentSpace_v400,Entorhinal area,14,22,-8
LatentSpace_v400,Field CA1,6,25,-19
LatentSpace_v400,Field CA2,5,14,-9
LatentSpace_v400,Field CA3,5,8,-3
LatentSpace_v400,Dentate gyrus,7,3,4
LatentSpace_v400,Anterior cingulate area,37,39,-2
LatentSpace_v400,Infralimbic area,7,26,-19
LatentSpace_v400,Retrosplenial area,27,36,-9
LatentSpace_v400,Prelimbic area,26,35,-9
LatentSpace_v400,Primary auditory area,38,38,0
LatentSpace_v400,Dorsal auditory area,35,38,-3
LatentSpace_v400,Ventral auditory area,42,38,4
LatentSpace_v400,Agranular insular area,22,37,-15
LatentSpace_v400,Ectorhinal area,23,33,-10
LatentSpace_v400,Primary motor area,35,38,-3
LatentSpace_v400,Secondary motor area,36,38,-2
LatentSpace_v400,"Frontal pole, cerebral cortex",33,40,-7
LatentSpace_v400,Orbital area,23,35,-12
LatentSpace_v400,Posterior parietal association areas,35,38,-3
LatentSpace_v400,Perirhinal area,20,32,-12
LatentSpace_v400,Primary somatosensory area,30,35,-5
LatentSpace_v400,Supplemental somatosensory area,38,38,0
LatentSpace_v400,Temporal association areas,33,33,0
LatentSpace_v400,Visual areas,35,38,-3
LatentSpace_v400,Pallidum,7,6,1
LatentSpace_v400,Striatum ventral region,7,3,4
LatentSpace_v400,Lateral septal complex,9,4,5
LatentSpace_v400,Caudoputamen,3,3,0
LatentSpace_v400,Medial amygdalar nucleus,10,7,3
LatentSpace_v400,Hypothalamus,4,9,-5
LatentSpace_v400,Thalamus,8,1,7
LatentSpace_v400,Inferior colliculus,10,9,1
LatentSpace_v400,"Superior colliculus, sensory related",6,10,-4
LatentSpace_v400,Midbrain raphe nuclei,14,12,2
LatentSpace_v400,Midbrain-other,12,10,2
LatentSpace_v400,Periaqueductal gray,11,11,0
LatentSpace_v400,Pons,7,9,-2
LatentSpace_v400,Medulla,9,9,0
LatentSpace_v400,Lingula (I),10,34,-24
LatentSpace_v400,Central lobule,19,34,-15
LatentSpace_v400,Culmen,28,34,-6
LatentSpace_v400,Declive (VI),23,28,-5
LatentSpace_v400,Folium-tuber vermis (VII),23,31,-8
LatentSpace_v400,Pyramus (VIII),23,32,-9
LatentSpace_v400,Uvula (IX),32,34,-2
LatentSpace_v400,Nodulus (X),17,35,-18
LatentSpace_v400,Simple lobule,22,29,-7
LatentSpace_v400,Crus 1,22,26,-4
LatentSpace_v400,Crus 2,22,27,-5
LatentSpace_v400,Paramedian lobule,22,33,-11
LatentSpace_v400,Copula pyramidis,24,34,-10
LatentSpace_v400,Flocculus,34,34,0
LatentSpace_v400,Paraflocculus,23,36,-13
LatentSpace_v400,Cerebellar nuclei,30,11,19
LatentSpace_v401,Cortical subplate-other,10,15,-5
LatentSpace_v401,Claustrum,26,33,-7
LatentSpace_v401,Endopiriform nucleus,9,32,-23
LatentSpace_v401,Olfactory areas-other,13,33,-20
LatentSpace_v401,Postpiriform transition area,12,27,-15
LatentSpace_v401,Piriform area,10,34,-24
LatentSpace_v401,Taenia tecta,13,28,-15
LatentSpace_v401,Cortical amygdalar area,7,19,-12
LatentSpace_v401,Piriform-amygdalar area,9,28,-19
LatentSpace_v401,Main olfactory bulb,5,10,-5
LatentSpace_v401,Accessory olfactory bulb,31,19,12
LatentSpace_v401,Anterior olfactory nucleus,4,32,-28
LatentSpace_v401,Subiculum,7,35,-28
LatentSpace_v401,Entorhinal area,13,22,-9
LatentSpace_v401,Field CA1,10,25,-15
LatentSpace_v401,Field CA2,20,14,6
LatentSpace_v401,Field CA3,9,8,1
LatentSpace_v401,Dentate gyrus,7,3,4
LatentSpace_v401,Anterior cingulate area,36,39,-3
LatentSpace_v401,Infralimbic area,13,26,-13
LatentSpace_v401,Retrosplenial area,25,36,-11
LatentSpace_v401,Prelimbic area,29,35,-6
LatentSpace_v401,Primary auditory area,35,38,-3
LatentSpace_v401,Dorsal auditory area,35,38,-3
LatentSpace_v401,Ventral auditory area,33,38,-5
LatentSpace_v401,Agranular insular area,23,37,-14
LatentSpace_v401,Ectorhinal area,23,33,-10
LatentSpace_v401,Primary motor area,35,38,-3
LatentSpace_v401,Secondary motor area,35,38,-3
LatentSpace_v401,"Frontal pole, cerebral cortex",32,40,-8
LatentSpace_v401,Orbital area,25,35,-10
LatentSpace_v401,Posterior parietal association areas,34,38,-4
LatentSpace_v401,Perirhinal area,18,32,-14
LatentSpace_v401,Primary somatosensory area,25,35,-10
LatentSpace_v401,Supplemental somatosensory area,35,38,-3
LatentSpace_v401,Temporal association areas,26,33,-7
LatentSpace_v401,Visual areas,31,38,-7
LatentSpace_v401,Pallidum,7,6,1
LatentSpace_v401,Striatum ventral region,6,3,3
LatentSpace_v401,Lateral septal complex,9,4,5
LatentSpace_v401,Caudoputamen,3,3,0
LatentSpace_v401,Medial amygdalar nucleus,8,7,1
LatentSpace_v401,Hypothalamus,12,9,3
LatentSpace_v401,Thalamus,11,1,10
LatentSpace_v401,Inferior colliculus,10,9,1
LatentSpace_v401,"Superior colliculus, sensory related",10,10,0
LatentSpace_v401,Midbrain raphe nuclei,13,12,1
LatentSpace_v401,Midbrain-other,11,10,1
LatentSpace_v401,Periaqueductal gray,13,11,2
LatentSpace_v401,Pons,10,9,1
LatentSpace_v401,Medulla,14,9,5
LatentSpace_v401,Lingula (I),13,34,-21
LatentSpace_v401,Central lobule,22,34,-12
LatentSpace_v401,Culmen,25,34,-9
LatentSpace_v401,Declive (VI),22,28,-6
LatentSpace_v401,Folium-tuber vermis (VII),23,31,-8
LatentSpace_v401,Pyramus (VIII),23,32,-9
LatentSpace_v401,Uvula (IX),33,34,-1
LatentSpace_v401,Nodulus (X),21,35,-14
LatentSpace_v401,Simple lobule,23,29,-6
LatentSpace_v401,Crus 1,22,26,-4
LatentSpace_v401,Crus 2,22,27,-5
LatentSpace_v401,Paramedian lobule,23,33,-10
LatentSpace_v401,Copula pyramidis,23,34,-11
LatentSpace_v401,Flocculus,29,34,-5
LatentSpace_v401,Paraflocculus,29,36,-7
LatentSpace_v401,Cerebellar nuclei,24,11,13
LatentSpace_v402,Cortical subplate-other,3,15,-12
LatentSpace_v402,Claustrum,27,33,-6
LatentSpace_v402,Endopiriform nucleus,7,32,-25
LatentSpace_v402,Olfactory areas-other,11,33,-22
LatentSpace_v402,Postpiriform transition area,5,27,-22
LatentSpace_v402,Piriform area,6,34,-28
LatentSpace_v402,Taenia tecta,13,28,-15
LatentSpace_v402,Cortical amygdalar area,3,19,-16
LatentSpace_v402,Piriform-amygdalar area,3,28,-25
LatentSpace_v402,Main olfactory bulb,28,10,18
LatentSpace_v402,Accessory olfactory bulb,21,19,2
LatentSpace_v402,Anterior olfactory nucleus,9,32,-23
LatentSpace_v402,Subiculum,2,35,-33
LatentSpace_v402,Entorhinal area,8,22,-14
LatentSpace_v402,Field CA1,8,25,-17
LatentSpace_v402,Field CA2,9,14,-5
LatentSpace_v402,Field CA3,7,8,-1
LatentSpace_v402,Dentate gyrus,6,3,3
LatentSpace_v402,Anterior cingulate area,37,39,-2
LatentSpace_v402,Infralimbic area,11,26,-15
LatentSpace_v402,Retrosplenial area,26,36,-10
LatentSpace_v402,Prelimbic area,30,35,-5
LatentSpace_v402,Primary auditory area,37,38,-1
LatentSpace_v402,Dorsal auditory area,35,38,-3
LatentSpace_v402,Ventral auditory area,35,38,-3
LatentSpace_v402,Agranular insular area,23,37,-14
LatentSpace_v402,Ectorhinal area,24,33,-9
LatentSpace_v402,Primary motor area,35,38,-3
LatentSpace_v402,Secondary motor area,37,38,-1
LatentSpace_v402,"Frontal pole, cerebral cortex",33,40,-7
LatentSpace_v402,Orbital area,24,35,-11
LatentSpace_v402,Posterior parietal association areas,35,38,-3
LatentSpace_v402,Perirhinal area,19,32,-13
LatentSpace_v402,Primary somatosensory area,32,35,-3
LatentSpace_v402,Supplemental somatosensory area,39,38,1
LatentSpace_v402,Temporal association areas,30,33,-3
LatentSpace_v402,Visual areas,35,38,-3
LatentSpace_v402,Pallidum,9,6,3
LatentSpace_v402,Striatum ventral region,7,3,4
LatentSpace_v402,Lateral septal complex,8,4,4
LatentSpace_v402,Caudoputamen,3,3,0
LatentSpace_v402,Medial amygdalar nucleus,5,7,-2
LatentSpace_v402,Hypothalamus,7,9,-2
LatentSpace_v402,Thalamus,10,1,9
LatentSpace_v402,Inferior colliculus,6,9,-3
LatentSpace_v402,"Superior colliculus, sensory related",6,10,-4
LatentSpace_v402,Midbrain raphe nuclei,14,12,2
LatentSpace_v402,Midbrain-other,11,10,1
LatentSpace_v402,Periaqueductal gray,11,11,0
LatentSpace_v402,Pons,5,9,-4
LatentSpace_v402,Medulla,10,9,1
LatentSpace_v402,Lingula (I),11,34,-23
LatentSpace_v402,Central lobule,11,34,-23
LatentSpace_v402,Culmen,28,34,-6
LatentSpace_v402,Declive (VI),23,28,-5
LatentSpace_v402,Folium-tuber vermis (VII),24,31,-7
LatentSpace_v402,Pyramus (VIII),26,32,-6
LatentSpace_v402,Uvula (IX),19,34,-15
LatentSpace_v402,Nodulus (X),13,35,-22
LatentSpace_v402,Simple lobule,22,29,-7
LatentSpace_v402,Crus 1,23,26,-3
LatentSpace_v402,Crus 2,23,27,-4
LatentSpace_v402,Paramedian lobule,23,33,-10
LatentSpace_v402,Copula pyramidis,28,34,-6
LatentSpace_v402,Flocculus,31,34,-3
LatentSpace_v402,Paraflocculus,29,36,-7
LatentSpace_v402,Cerebellar nuclei,8,11,-3
LatentSpace_v403,Cortical subplate-other,12,15,-3
LatentSpace_v403,Claustrum,20,33,-13
LatentSpace_v403,Endopiriform nucleus,17,32,-15
LatentSpace_v403,Olfactory areas-other,12,33,-21
LatentSpace_v403,Postpiriform transition area,12,27,-15
LatentSpace_v403,Piriform area,23,34,-11
LatentSpace_v403,Taenia tecta,12,28,-16
LatentSpace_v403,Cortical amygdalar area,12,19,-7
LatentSpace_v403,Piriform-amygdalar area,15,28,-13
LatentSpace_v403,Main olfactory bulb,29,10,19
LatentSpace_v403,Accessory olfactory bulb,36,19,17
LatentSpace_v403,Anterior olfactory nucleus,9,32,-23
LatentSpace_v403,Subiculum,7,35,-28
LatentSpace_v403,Entorhinal area,15,22,-7
LatentSpace_v403,Field CA1,8,25,-17
LatentSpace_v403,Field CA2,12,14,-2
LatentSpace_v403,Field CA3,7,8,-1
LatentSpace_v403,Dentate gyrus,9,3,6
LatentSpace_v403,Anterior cingulate area,32,39,-7
LatentSpace_v403,Infralimbic area,12,26,-14
LatentSpace_v403,Retrosplenial area,23,36,-13
LatentSpace_v403,Prelimbic area,29,35,-6
LatentSpace_v403,Primary auditory area,36,38,-2
LatentSpace_v403,Dorsal auditory area,35,38,-3
LatentSpace_v403,Ventral auditory area,35,38,-3
LatentSpace_v403,Agranular insular area,25,37,-12
LatentSpace_v403,Ectorhinal area,22,33,-11
LatentSpace_v403,Primary motor area,35,38,-3
LatentSpace_v403,Secondary motor area,36,38,-2
LatentSpace_v403,"Frontal pole, cerebral cortex",34,40,-6
LatentSpace_v403,Orbital area,28,35,-7
LatentSpace_v403,Posterior parietal association areas,33,38,-5
LatentSpace_v403,Perirhinal area,19,32,-13
LatentSpace_v403,Primary somatosensory area,26,35,-9
LatentSpace_v403,Supplemental somatosensory area,36,38,-2
LatentSpace_v403,Temporal association areas,30,33,-3
LatentSpace_v403,Visual areas,32,38,-6
LatentSpace_v403,Pallidum,6,6,0
LatentSpace_v403,Striatum ventral region,7,3,4
LatentSpace_v403,Lateral septal complex,7,4,3
LatentSpace_v403,Caudoputamen,3,3,0
LatentSpace_v403,Medial amygdalar nucleus,12,7,5
LatentSpace_v403,Hypothalamus,12,9,3
LatentSpace_v403,Thalamus,6,1,5
LatentSpace_v403,Inferior colliculus,9,9,0
LatentSpace_v403,"Superior colliculus, sensory related",7,10,-3
LatentSpace_v403,Midbrain raphe nuclei,14,12,2
LatentSpace_v403,Midbrain-other,10,10,0
LatentSpace_v403,Periaqueductal gray,12,11,1
LatentSpace_v403,Pons,10,9,1
LatentSpace_v403,Medulla,10,9,1
LatentSpace_v403,Lingula (I),13,34,-21
LatentSpace_v403,Central lobule,18,34,-16
LatentSpace_v403,Culmen,24,34,-10
LatentSpace_v403,Declive (VI),23,28,-5
LatentSpace_v403,Folium-tuber vermis (VII),23,31,-8
LatentSpace_v403,Pyramus (VIII),24,32,-8
LatentSpace_v403,Uvula (IX),18,34,-16
LatentSpace_v403,Nodulus (X),13,35,-22
LatentSpace_v403,Simple lobule,22,29,-7
LatentSpace_v403,Crus 1,22,26,-4
LatentSpace_v403,Crus 2,22,27,-5
LatentSpace_v403,Paramedian lobule,23,33,-10
LatentSpace_v403,Copula pyramidis,26,34,-8
LatentSpace_v403,Flocculus,18,34,-16
LatentSpace_v403,Paraflocculus,27,36,-9
LatentSpace_v403,Cerebellar nuclei,12,11,1
LatentSpace_v404,Cortical subplate-other,10,15,-5
LatentSpace_v404,Claustrum,27,33,-6
LatentSpace_v404,Endopiriform nucleus,19,32,-13
LatentSpace_v404,Olfactory areas-other,17,33,-16
LatentSpace_v404,Postpiriform transition area,10,27,-17
LatentSpace_v404,Piriform area,22,34,-12
LatentSpace_v404,Taenia tecta,8,28,-20
LatentSpace_v404,Cortical amygdalar area,10,19,-9
LatentSpace_v404,Piriform-amygdalar area,10,28,-18
LatentSpace_v404,Main olfactory bulb,6,10,-4
LatentSpace_v404,Accessory olfactory bulb,38,19,19
LatentSpace_v404,Anterior olfactory nucleus,9,32,-23
LatentSpace_v404,Subiculum,5,35,-30
LatentSpace_v404,Entorhinal area,11,22,-11
LatentSpace_v404,Field CA1,7,25,-18
LatentSpace_v404,Field CA2,15,14,1
LatentSpace_v404,Field CA3,5,8,-3
LatentSpace_v404,Dentate gyrus,5,3,2
LatentSpace_v404,Anterior cingulate area,35,39,-4
LatentSpace_v404,Infralimbic area,5,26,-21
LatentSpace_v404,Retrosplenial area,35,36,-1
LatentSpace_v404,Prelimbic area,27,35,-8
LatentSpace_v404,Primary auditory area,37,38,-1
LatentSpace_v404,Dorsal auditory area,35,38,-3
LatentSpace_v404,Ventral auditory area,40,38,2
LatentSpace_v404,Agranular insular area,25,37,-12
LatentSpace_v404,Ectorhinal area,28,33,-5
LatentSpace_v404,Primary motor area,36,38,-2
LatentSpace_v404,Secondary motor area,37,38,-1
LatentSpace_v404,"Frontal pole, cerebral cortex",36,40,-4
LatentSpace_v404,Orbital area,26,35,-9
LatentSpace_v404,Posterior parietal association areas,35,38,-3
LatentSpace_v404,Perirhinal area,21,32,-11
LatentSpace_v404,Primary somatosensory area,34,35,-1
LatentSpace_v404,Supplemental somatosensory area,38,38,0
LatentSpace_v404,Temporal association areas,36,33,3
LatentSpace_v404,Visual areas,35,38,-3
LatentSpace_v404,Pallidum,7,6,1
LatentSpace_v404,Striatum ventral region,6,3,3
LatentSpace_v404,Lateral septal complex,7,4,3
LatentSpace_v404,Caudoputamen,3,3,0
LatentSpace_v404,Medial amygdalar nucleus,10,7,3
LatentSpace_v404,Hypothalamus,13,9,4
LatentSpace_v404,Thalamus,8,1,7
LatentSpace_v404,Inferior colliculus,9,9,0
LatentSpace_v404,"Superior colliculus, sensory related",5,10,-5
LatentSpace_v404,Midbrain raphe nuclei,15,12,3
LatentSpace_v404,Midbrain-other,14,10,4
LatentSpace_v404,Periaqueductal gray,13,11,2
LatentSpace_v404,Pons,11,9,2
LatentSpace_v404,Medulla,10,9,1
LatentSpace_v404,Lingula (I),30,34,-4
LatentSpace_v404,Central lobule,32,34,-2
LatentSpace_v404,Culmen,27,34,-7
LatentSpace_v404,Declive (VI),24,28,-4
LatentSpace_v404,Folium-tuber vermis (VII),26,31,-5
LatentSpace_v404,Pyramus (VIII),33,32,1
LatentSpace_v404,Uvula (IX),23,34,-11
LatentSpace_v404,Nodulus (X),32,35,-3
LatentSpace_v404,Simple lobule,23,29,-6
LatentSpace_v404,Crus 1,22,26,-4
LatentSpace_v404,Crus 2,23,27,-4
LatentSpace_v404,Paramedian lobule,25,33,-8
LatentSpace_v404,Copula pyramidis,32,34,-2
LatentSpace_v404,Flocculus,22,34,-12
LatentSpace_v404,Paraflocculus,28,36,-8
LatentSpace_v404,Cerebellar nuclei,27,11,16
LatentSpace_v405,Cortical subplate-other,6,15,-9
LatentSpace_v405,Claustrum,14,33,-19
LatentSpace_v405,Endopiriform nucleus,6,32,-26
LatentSpace_v405,Olfactory areas-other,19,33,-14
LatentSpace_v405,Postpiriform transition area,10,27,-17
LatentSpace_v405,Piriform area,8,34,-26
LatentSpace_v405,Taenia tecta,15,28,-13
LatentSpace_v405,Cortical amygdalar area,3,19,-16
LatentSpace_v405,Piriform-amygdalar area,8,28,-20
LatentSpace_v405,Main olfactory bulb,11,10,1
LatentSpace_v405,Accessory olfactory bulb,28,19,9
LatentSpace_v405,Anterior olfactory nucleus,18,32,-14
LatentSpace_v405,Subiculum,6,35,-29
LatentSpace_v405,Entorhinal area,11,22,-11
LatentSpace_v405,Field CA1,10,25,-15
LatentSpace_v405,Field CA2,15,14,1
LatentSpace_v405,Field CA3,7,8,-1
LatentSpace_v405,Dentate gyrus,7,3,4
LatentSpace_v405,Anterior cingulate area,34,39,-5
LatentSpace_v405,Infralimbic area,15,26,-11
LatentSpace_v405,Retrosplenial area,23,36,-13
LatentSpace_v405,Prelimbic area,27,35,-8
LatentSpace_v405,Primary auditory area,35,38,-3
LatentSpace_v405,Dorsal auditory area,35,38,-3
LatentSpace_v405,Ventral auditory area,34,38,-4
LatentSpace_v405,Agranular insular area,27,37,-10
LatentSpace_v405,Ectorhinal area,22,33,-11
LatentSpace_v405,Primary motor area,35,38,-3
LatentSpace_v405,Secondary motor area,32,38,-6
LatentSpace_v405,"Frontal pole, cerebral cortex",29,40,-11
LatentSpace_v405,Orbital area,27,35,-8
LatentSpace_v405,Posterior parietal association areas,34,38,-4
LatentSpace_v405,Perirhinal area,20,32,-12
LatentSpace_v405,Primary somatosensory area,25,35,-10
LatentSpace_v405,Supplemental somatosensory area,36,38,-2
LatentSpace_v405,Temporal association areas,29,33,-4
LatentSpace_v405,Visual areas,32,38,-6
LatentSpace_v405,Pallidum,9,6,3
LatentSpace_v405,Striatum ventral region,5,3,2
LatentSpace_v405,Lateral septal complex,7,4,3
LatentSpace_v405,Caudoputamen,3,3,0
LatentSpace_v405,Medial amygdalar nucleus,7,7,0
LatentSpace_v405,Hypothalamus,6,9,-3
LatentSpace_v405,Thalamus,2,1,1
LatentSpace_v405,Inferior colliculus,3,9,-6
LatentSpace_v405,"Superior colliculus, sensory related",6,10,-4
LatentSpace_v405,Midbrain raphe nuclei,13,12,1
LatentSpace_v405,Midbrain-other,8,10,-2
LatentSpace_v405,Periaqueductal gray,11,11,0
LatentSpace_v405,Pons,12,9,3
LatentSpace_v405,Medulla,10,9,1
LatentSpace_v405,Lingula (I),15,34,-19
LatentSpace_v405,Central lobule,21,34,-13
LatentSpace_v405,Culmen,24,34,-10
LatentSpace_v405,Declive (VI),23,28,-5
LatentSpace_v405,Folium-tuber vermis (VII),23,31,-8
LatentSpace_v405,Pyramus (VIII),25,32,-7
LatentSpace_v405,Uvula (IX),13,34,-21
LatentSpace_v405,Nodulus (X),13,35,-22
LatentSpace_v405,Simple lobule,22,29,-7
LatentSpace_v405,Crus 1,22,26,-4
LatentSpace_v405,Crus 2,22,27,-5
LatentSpace_v405,Paramedian lobule,24,33,-9
LatentSpace_v405,Copula pyramidis,27,34,-7
LatentSpace_v405,Flocculus,15,34,-19
LatentSpace_v405,Paraflocculus,24,36,-12
LatentSpace_v405,Cerebellar nuclei,14,11,3
LatentSpace_v406,Cortical subplate-other,7,15,-8
LatentSpace_v406,Claustrum,28,33,-5
LatentSpace_v406,Endopiriform nucleus,10,32,-22
LatentSpace_v406,Olfactory areas-other,9,33,-24
LatentSpace_v406,Postpiriform transition area,11,27,-16
LatentSpace_v406,Piriform area,8,34,-26
LatentSpace_v406,Taenia tecta,13,28,-15
LatentSpace_v406,Cortical amygdalar area,9,19,-10
LatentSpace_v406,Piriform-amygdalar area,10,28,-18
LatentSpace_v406,Main olfactory bulb,3,10,-7
LatentSpace_v406,Accessory olfactory bulb,39,19,20
LatentSpace_v406,Anterior olfactory nucleus,8,32,-24
LatentSpace_v406,Subiculum,6,35,-29
LatentSpace_v406,Entorhinal area,11,22,-11
LatentSpace_v406,Field CA1,8,25,-17
LatentSpace_v406,Field CA2,8,14,-6
LatentSpace_v406,Field CA3,7,8,-1
LatentSpace_v406,Dentate gyrus,10,3,7
LatentSpace_v406,Anterior cingulate area,39,39,0
LatentSpace_v406,Infralimbic area,15,26,-11
LatentSpace_v406,Retrosplenial area,33,36,-3
LatentSpace_v406,Prelimbic area,27,35,-8
LatentSpace_v406,Primary auditory area,37,38,-1
LatentSpace_v406,Dorsal auditory area,35,38,-3
LatentSpace_v406,Ventral auditory area,37,38,-1
LatentSpace_v406,Agranular insular area,20,37,-17
LatentSpace_v406,Ectorhinal area,26,33,-7
LatentSpace_v406,Primary motor area,35,38,-3
LatentSpace_v406,Secondary motor area,36,38,-2
LatentSpace_v406,"Frontal pole, cerebral cortex",36,40,-4
LatentSpace_v406,Orbital area,22,35,-13
LatentSpace_v406,Posterior parietal association areas,35,38,-3
LatentSpace_v406,Perirhinal area,19,32,-13
LatentSpace_v406,Primary somatosensory area,29,35,-6
LatentSpace_v406,Supplemental somatosensory area,37,38,-1
LatentSpace_v406,Temporal association areas,31,33,-2
LatentSpace_v406,Visual areas,35,38,-3
LatentSpace_v406,Pallidum,9,6,3
LatentSpace_v406,Striatum ventral region,7,3,4
LatentSpace_v406,Lateral septal complex,8,4,4
LatentSpace_v406,Caudoputamen,3,3,0
LatentSpace_v406,Medial amygdalar nucleus,8,7,1
LatentSpace_v406,Hypothalamus,9,9,0
LatentSpace_v406,Thalamus,8,1,7
LatentSpace_v406,Inferior colliculus,7,9,-2
LatentSpace_v406,"Superior colliculus, sensory related",6,10,-4
LatentSpace_v406,Midbrain raphe nuclei,14,12,2
LatentSpace_v406,Midbrain-other,14,10,4
LatentSpace_v406,Periaqueductal gray,12,11,1
LatentSpace_v406,Pons,8,9,-1
LatentSpace_v406,Medulla,12,9,3
LatentSpace_v406,Lingula (I),16,34,-18
LatentSpace_v406,Central lobule,27,34,-7
LatentSpace_v406,Culmen,25,34,-9
LatentSpace_v406,Declive (VI),23,28,-5
LatentSpace_v406,Folium-tuber vermis (VII),23,31,-8
LatentSpace_v406,Pyramus (VIII),25,32,-7
LatentSpace_v406,Uvula (IX),24,34,-10
LatentSpace_v406,Nodulus (X),17,35,-18
LatentSpace_v406,Simple lobule,22,29,-7
LatentSpace_v406,Crus 1,22,26,-4
LatentSpace_v406,Crus 2,22,27,-5
LatentSpace_v406,Paramedian lobule,23,33,-10
LatentSpace_v406,Copula pyramidis,25,34,-9
LatentSpace_v406,Flocculus,27,34,-7
LatentSpace_v406,Paraflocculus,23,36,-13
LatentSpace_v406,Cerebellar nuclei,33,11,22
LatentSpace_v407,Cortical subplate-other,7,15,-8
LatentSpace_v407,Claustrum,28,33,-5
LatentSpace_v407,Endopiriform nucleus,14,32,-18
LatentSpace_v407,Olfactory areas-other,28,33,-5
LatentSpace_v407,Postpiriform transition area,12,27,-15
LatentSpace_v407,Piriform area,16,34,-18
LatentSpace_v407,Taenia tecta,12,28,-16
LatentSpace_v407,Cortical amygdalar area,6,19,-13
LatentSpace_v407,Piriform-amygdalar area,12,28,-16
LatentSpace_v407,Main olfactory bulb,28,10,18
LatentSpace_v407,Accessory olfactory bulb,31,19,12
LatentSpace_v407,Anterior olfactory nucleus,30,32,-2
LatentSpace_v407,Subiculum,8,35,-27
LatentSpace_v407,Entorhinal area,16,22,-6
LatentSpace_v407,Field CA1,29,25,4
LatentSpace_v407,Field CA2,31,14,17
LatentSpace_v407,Field CA3,16,8,8
LatentSpace_v407,Dentate gyrus,8,3,5
LatentSpace_v407,Anterior cingulate area,37,39,-2
LatentSpace_v407,Infralimbic area,19,26,-7
LatentSpace_v407,Retrosplenial area,23,36,-13
LatentSpace_v407,Prelimbic area,35,35,0
LatentSpace_v407,Primary auditory area,37,38,-1
LatentSpace_v407,Dorsal auditory area,35,38,-3
LatentSpace_v407,Ventral auditory area,40,38,2
LatentSpace_v407,Agranular insular area,30,37,-7
LatentSpace_v407,Ectorhinal area,29,33,-4
LatentSpace_v407,Primary motor area,35,38,-3
LatentSpace_v407,Secondary motor area,37,38,-1
LatentSpace_v407,"Frontal pole, cerebral cortex",34,40,-6
LatentSpace_v407,Orbital area,30,35,-5
LatentSpace_v407,Posterior parietal association areas,35,38,-3
LatentSpace_v407,Perirhinal area,23,32,-9
LatentSpace_v407,Primary somatosensory area,31,35,-4
LatentSpace_v407,Supplemental somatosensory area,40,38,2
LatentSpace_v407,Temporal association areas,33,33,0
LatentSpace_v407,Visual areas,35,38,-3
LatentSpace_v407,Pallidum,7,6,1
LatentSpace_v407,Striatum ventral region,5,3,2
LatentSpace_v407,Lateral septal complex,7,4,3
LatentSpace_v407,Caudoputamen,3,3,0
LatentSpace_v407,Medial amygdalar nucleus,4,7,-3
LatentSpace_v407,Hypothalamus,4,9,-5
LatentSpace_v407,Thalamus,2,1,1
LatentSpace_v407,Inferior colliculus,9,9,0
LatentSpace_v407,"Superior colliculus, sensory related",8,10,-2
LatentSpace_v407,Midbrain raphe nuclei,12,12,0
LatentSpace_v407,Midbrain-other,12,10,2
LatentSpace_v407,Periaqueductal gray,12,11,1
LatentSpace_v407,Pons,11,9,2
LatentSpace_v407,Medulla,12,9,3
LatentSpace_v407,Lingula (I),14,34,-20
LatentSpace_v407,Central lobule,28,34,-6
LatentSpace_v407,Culmen,30,34,-4
LatentSpace_v407,Declive (VI),23,28,-5
LatentSpace_v407,Folium-tuber vermis (VII),23,31,-8
LatentSpace_v407,Pyramus (VIII),25,32,-7
LatentSpace_v407,Uvula (IX),32,34,-2
LatentSpace_v407,Nodulus (X),16,35,-19
LatentSpace_v407,Simple lobule,22,29,-7
LatentSpace_v407,Crus 1,22,26,-4
LatentSpace_v407,Crus 2,23,27,-4
LatentSpace_v407,Paramedian lobule,23,33,-10
LatentSpace_v407,Copula pyramidis,26,34,-8
LatentSpace_v407,Flocculus,32,34,-2
LatentSpace_v407,Paraflocculus,23,36,-13
LatentSpace_v407,Cerebellar nuclei,30,11,19
LatentSpace_v408,Cortical subplate-other,8,15,-7
LatentSpace_v408,Claustrum,24,33,-9
LatentSpace_v408,Endopiriform nucleus,12,32,-20
LatentSpace_v408,Olfactory areas-other,14,33,-19
LatentSpace_v408,Postpiriform transition area,11,27,-16
LatentSpace_v408,Piriform area,16,34,-18
LatentSpace_v408,Taenia tecta,11,28,-17
LatentSpace_v408,Cortical amygdalar area,7,19,-12
LatentSpace_v408,Piriform-amygdalar area,6,28,-22
LatentSpace_v408,Main olfactory bulb,12,10,2
LatentSpace_v408,Accessory olfactory bulb,22,19,3
LatentSpace_v408,Anterior olfactory nucleus,10,32,-22
LatentSpace_v408,Subiculum,3,35,-32
LatentSpace_v408,Entorhinal area,15,22,-7
LatentSpace_v408,Field CA1,6,25,-19
LatentSpace_v408,Field CA2,7,14,-7
LatentSpace_v408,Field CA3,6,8,-2
LatentSpace_v408,Dentate gyrus,7,3,4
LatentSpace_v408,Anterior cingulate area,37,39,-2
LatentSpace_v408,Infralimbic area,8,26,-18
LatentSpace_v408,Retrosplenial area,27,36,-9
LatentSpace_v408,Prelimbic area,24,35,-11
LatentSpace_v408,Primary auditory area,35,38,-3
LatentSpace_v408,Dorsal auditory area,35,38,-3
LatentSpace_v408,Ventral auditory area,38,38,0
LatentSpace_v408,Agranular insular area,24,37,-13
LatentSpace_v408,Ectorhinal area,22,33,-11
LatentSpace_v408,Primary motor area,35,38,-3
LatentSpace_v408,Secondary motor area,36,38,-2
LatentSpace_v408,"Frontal pole, cerebral cortex",33,40,-7
LatentSpace_v408,Orbital area,23,35,-12
LatentSpace_v408,Posterior parietal association areas,35,38,-3
LatentSpace_v408,Perirhinal area,19,32,-13
LatentSpace_v408,Primary somatosensory area,35,35,0
LatentSpace_v408,Supplemental somatosensory area,37,38,-1
LatentSpace_v408,Temporal association areas,30,33,-3
LatentSpace_v408,Visual areas,35,38,-3
LatentSpace_v408,Pallidum,9,6,3
LatentSpace_v408,Striatum ventral region,9,3,6
LatentSpace_v408,Lateral septal complex,13,4,9
LatentSpace_v408,Caudoputamen,3,3,0
LatentSpace_v408,Medial amygdalar nucleus,8,7,1
LatentSpace_v408,Hypothalamus,6,9,-3
LatentSpace_v408,Thalamus,4,1,3
LatentSpace_v408,Inferior colliculus,5,9,-4
LatentSpace_v408,"Superior colliculus, sensory related",5,10,-5
LatentSpace_v408,Midbrain raphe nuclei,14,12,2
LatentSpace_v408,Midbrain-other,13,10,3
LatentSpace_v408,Periaqueductal gray,10,11,-1
LatentSpace_v408,Pons,12,9,3
LatentSpace_v408,Medulla,13,9,4
LatentSpace_v408,Lingula (I),15,34,-19
LatentSpace_v408,Central lobule,19,34,-15
LatentSpace_v408,Culmen,26,34,-8
LatentSpace_v408,Declive (VI),23,28,-5
LatentSpace_v408,Folium-tuber vermis (VII),23,31,-8
LatentSpace_v408,Pyramus (VIII),30,32,-2
LatentSpace_v408,Uvula (IX),33,34,-1
LatentSpace_v408,Nodulus (X),20,35,-15
LatentSpace_v408,Simple lobule,22,29,-7
LatentSpace_v408,Crus 1,22,26,-4
LatentSpace_v408,Crus 2,22,27,-5
LatentSpace_v408,Paramedian lobule,23,33,-10
LatentSpace_v408,Copula pyramidis,31,34,-3
LatentSpace_v408,Flocculus,36,34,2
LatentSpace_v408,Paraflocculus,32,36,-4
LatentSpace_v408,Cerebellar nuclei,20,11,9
LatentSpace_v409,Cortical subplate-other,10,15,-5
LatentSpace_v409,Claustrum,26,33,-7
LatentSpace_v409,Endopiriform nucleus,16,32,-16
LatentSpace_v409,Olfactory areas-other,12,33,-21
LatentSpace_v409,Postpiriform transition area,10,27,-17
LatentSpace_v409,Piriform area,12,34,-22
LatentSpace_v409,Taenia tecta,13,28,-15
LatentSpace_v409,Cortical amygdalar area,9,19,-10
LatentSpace_v409,Piriform-amygdalar area,8,28,-20
LatentSpace_v409,Main olfactory bulb,29,10,19
LatentSpace_v409,Accessory olfactory bulb,35,19,16
LatentSpace_v409,Anterior olfactory nucleus,18,32,-14
LatentSpace_v409,Subiculum,5,35,-30
LatentSpace_v409,Entorhinal area,12,22,-10
LatentSpace_v409,Field CA1,6,25,-19
LatentSpace_v409,Field CA2,6,14,-8
LatentSpace_v409,Field CA3,5,8,-3
LatentSpace_v409,Dentate gyrus,6,3,3
LatentSpace_v409,Anterior cingulate area,33,39,-6
LatentSpace_v409,Infralimbic area,12,26,-14
LatentSpace_v409,Retrosplenial area,22,36,-14
LatentSpace_v409,Prelimbic area,27,35,-8
LatentSpace_v409,Primary auditory area,34,38,-4
LatentSpace_v409,Dorsal auditory area,35,38,-3
LatentSpace_v409,Ventral auditory area,34,38,-4
LatentSpace_v409,Agranular insular area,22,37,-15
LatentSpace_v409,Ectorhinal area,23,33,-10
LatentSpace_v409,Primary motor area,35,38,-3
LatentSpace_v409,Secondary motor area,36,38,-2
LatentSpace_v409,"Frontal pole, cerebral cortex",28,40,-12
LatentSpace_v409,Orbital area,23,35,-12
LatentSpace_v409,Posterior parietal association areas,31,38,-7
LatentSpace_v409,Perirhinal area,20,32,-12
LatentSpace_v409,Primary somatosensory area,29,35,-6
LatentSpace_v409,Supplemental somatosensory area,37,38,-1
LatentSpace_v409,Temporal association areas,25,33,-8
LatentSpace_v409,Visual areas,33,38,-5
LatentSpace_v409,Pallidum,8,6,2
LatentSpace_v409,Striatum ventral region,8,3,5
LatentSpace_v409,Lateral septal complex,9,4,5
LatentSpace_v409,Caudoputamen,3,3,0
LatentSpace_v409,Medial amygdalar nucleus,11,7,4
LatentSpace_v409,Hypothalamus,8,9,-1
LatentSpace_v409,Thalamus,11,1,10
LatentSpace_v409,Inferior colliculus,9,9,0
LatentSpace_v409,"Superior colliculus, sensory related",8,10,-2
LatentSpace_v409,Midbrain raphe nuclei,16,12,4
LatentSpace_v409,Midbrain-other,13,10,3
LatentSpace_v409,Periaqueductal gray,12,11,1
LatentSpace_v409,Pons,11,9,2
LatentSpace_v409,Medulla,10,9,1
LatentSpace_v409,Lingula (I),15,34,-19
LatentSpace_v409,Central lobule,23,34,-11
LatentSpace_v409,Culmen,29,34,-5
LatentSpace_v409,Declive (VI),23,28,-5
LatentSpace_v409,Folium-tuber vermis (VII),24,31,-7
LatentSpace_v409,Pyramus (VIII),27,32,-5
LatentSpace_v409,Uvula (IX),18,34,-16
LatentSpace_v409,Nodulus (X),13,35,-22
LatentSpace_v409,Simple lobule,22,29,-7
LatentSpace_v409,Crus 1,21,26,-5
LatentSpace_v409,Crus 2,21,27,-6
LatentSpace_v409,Paramedian lobule,21,33,-12
LatentSpace_v409,Copula pyramidis,25,34,-9
LatentSpace_v409,Flocculus,7,34,-27
LatentSpace_v409,Paraflocculus,36,36,0
LatentSpace_v409,Cerebellar nuclei,12,11,1
LatentSpace_v410,Cortical subplate-other,13,15,-2
LatentSpace_v410,Claustrum,23,33,-10
LatentSpace_v410,Endopiriform nucleus,11,32,-21
LatentSpace_v410,Olfactory areas-other,10,33,-23
LatentSpace_v410,Postpiriform transition area,12,27,-15
LatentSpace_v410,Piriform area,15,34,-19
LatentSpace_v410,Taenia tecta,15,28,-13
LatentSpace_v410,Cortical amygdalar area,10,19,-9
LatentSpace_v410,Piriform-amygdalar area,12,28,-16
LatentSpace_v410,Main olfactory bulb,25,10,15
LatentSpace_v410,Accessory olfactory bulb,4,19,-15
LatentSpace_v410,Anterior olfactory nucleus,9,32,-23
LatentSpace_v410,Subiculum,3,35,-32
LatentSpace_v410,Entorhinal area,11,22,-11
LatentSpace_v410,Field CA1,8,25,-17
LatentSpace_v410,Field CA2,13,14,-1
LatentSpace_v410,Field CA3,6,8,-2
LatentSpace_v410,Dentate gyrus,8,3,5
LatentSpace_v410,Anterior cingulate area,34,39,-5
LatentSpace_v410,Infralimbic area,18,26,-8
LatentSpace_v410,Retrosplenial area,26,36,-10
LatentSpace_v410,Prelimbic area,27,35,-8
LatentSpace_v410,Primary auditory area,37,38,-1
LatentSpace_v410,Dorsal auditory area,35,38,-3
LatentSpace_v410,Ventral auditory area,38,38,0
LatentSpace_v410,Agranular insular area,21,37,-16
LatentSpace_v410,Ectorhinal area,20,33,-13
LatentSpace_v410,Primary motor area,35,38,-3
LatentSpace_v410,Secondary motor area,33,38,-5
LatentSpace_v410,"Frontal pole, cerebral cortex",31,40,-9
LatentSpace_v410,Orbital area,24,35,-11
LatentSpace_v410,Posterior parietal association areas,35,38,-3
LatentSpace_v410,Perirhinal area,13,32,-19
LatentSpace_v410,Primary somatosensory area,29,35,-6
LatentSpace_v410,Supplemental somatosensory area,37,38,-1
LatentSpace_v410,Temporal association areas,28,33,-5
LatentSpace_v410,Visual areas,34,38,-4
LatentSpace_v410,Pallidum,13,6,7
LatentSpace_v410,Striatum ventral region,7,3,4
LatentSpace_v410,Lateral septal complex,10,4,6
LatentSpace_v410,Caudoputamen,3,3,0
LatentSpace_v410,Medial amygdalar nucleus,12,7,5
LatentSpace_v410,Hypothalamus,10,9,1
LatentSpace_v410,Thalamus,8,1,7
LatentSpace_v410,Inferior colliculus,6,9,-3
LatentSpace_v410,"Superior colliculus, sensory related",5,10,-5
LatentSpace_v410,Midbrain raphe nuclei,15,12,3
LatentSpace_v410,Midbrain-other,13,10,3
LatentSpace_v410,Periaqueductal gray,14,11,3
LatentSpace_v410,Pons,12,9,3
LatentSpace_v410,Medulla,12,9,3
LatentSpace_v410,Lingula (I),13,34,-21
LatentSpace_v410,Central lobule,8,34,-26
LatentSpace_v410,Culmen,25,34,-9
LatentSpace_v410,Declive (VI),22,28,-6
LatentSpace_v410,Folium-tuber vermis (VII),22,31,-9
LatentSpace_v410,Pyramus (VIII),23,32,-9
LatentSpace_v410,Uvula (IX),18,34,-16
LatentSpace_v410,Nodulus (X),12,35,-23
LatentSpace_v410,Simple lobule,22,29,-7
LatentSpace_v410,Crus 1,22,26,-4
LatentSpace_v410,Crus 2,22,27,-5
LatentSpace_v410,Paramedian lobule,23,33,-10
LatentSpace_v410,Copula pyramidis,23,34,-11
LatentSpace_v410,Flocculus,26,34,-8
LatentSpace_v410,Paraflocculus,23,36,-13
LatentSpace_v410,Cerebellar nuclei,12,11,1
LatentSpace_v411,Cortical subplate-other,6,15,-9
LatentSpace_v411,Claustrum,28,33,-5
LatentSpace_v411,Endopiriform nucleus,25,32,-7
LatentSpace_v411,Olfactory areas-other,14,33,-19
LatentSpace_v411,Postpiriform transition area,15,27,-12
LatentSpace_v411,Piriform area,22,34,-12
LatentSpace_v411,Taenia tecta,10,28,-18
LatentSpace_v411,Cortical amygdalar area,4,19,-15
LatentSpace_v411,Piriform-amygdalar area,8,28,-20
LatentSpace_v411,Main olfactory bulb,23,10,13
LatentSpace_v411,Accessory olfactory bulb,37,19,18
LatentSpace_v411,Anterior olfactory nucleus,14,32,-18
LatentSpace_v411,Subiculum,2,35,-33
LatentSpace_v411,Entorhinal area,13,22,-9
LatentSpace_v411,Field CA1,6,25,-19
LatentSpace_v411,Field CA2,6,14,-8
LatentSpace_v411,Field CA3,5,8,-3
LatentSpace_v411,Dentate gyrus,7,3,4
LatentSpace_v411,Anterior cingulate area,37,39,-2
LatentSpace_v411,Infralimbic area,10,26,-16
LatentSpace_v411,Retrosplenial area,23,36,-13
LatentSpace_v411,Prelimbic area,26,35,-9
LatentSpace_v411,Primary auditory area,35,38,-3
LatentSpace_v411,Dorsal auditory area,35,38,-3
LatentSpace_v411,Ventral auditory area,37,38,-1
LatentSpace_v411,Agranular insular area,20,37,-17
LatentSpace_v411,Ectorhinal area,23,33,-10
LatentSpace_v411,Primary motor area,36,38,-2
LatentSpace_v411,Secondary motor area,36,38,-2
LatentSpace_v411,"Frontal pole, cerebral cortex",26,40,-14
LatentSpace_v411,Orbital area,24,35,-11
LatentSpace_v411,Posterior parietal association areas,34,38,-4
LatentSpace_v411,Perirhinal area,18,32,-14
LatentSpace_v411,Primary somatosensory area,31,35,-4
LatentSpace_v411,Supplemental somatosensory area,37,38,-1
LatentSpace_v411,Temporal association areas,32,33,-1
LatentSpace_v411,Visual areas,31,38,-7
LatentSpace_v411,Pallidum,10,6,4
LatentSpace_v411,Striatum ventral region,7,3,4
LatentSpace_v411,Lateral septal complex,8,4,4
LatentSpace_v411,Caudoputamen,3,3,0
LatentSpace_v411,Medial amygdalar nucleus,6,7,-1
LatentSpace_v411,Hypothalamus,7,9,-2
LatentSpace_v411,Thalamus,3,1,2
LatentSpace_v411,Inferior colliculus,5,9,-4
LatentSpace_v411,"Superior colliculus, sensory related",5,10,-5
LatentSpace_v411,Midbrain raphe nuclei,14,12,2
LatentSpace_v411,Midbrain-other,10,10,0
LatentSpace_v411,Periaqueductal gray,10,11,-1
LatentSpace_v411,Pons,8,9,-1
LatentSpace_v411,Medulla,7,9,-2
LatentSpace_v411,Lingula (I),9,34,-25
LatentSpace_v411,Central lobule,25,34,-9
LatentSpace_v411,Culmen,24,34,-10
LatentSpace_v411,Declive (VI),22,28,-6
LatentSpace_v411,Folium-tuber vermis (VII),24,31,-7
LatentSpace_v411,Pyramus (VIII),31,32,-1
LatentSpace_v411,Uvula (IX),18,34,-16
LatentSpace_v411,Nodulus (X),13,35,-22
LatentSpace_v411,Simple lobule,22,29,-7
LatentSpace_v411,Crus 1,21,26,-5
LatentSpace_v411,Crus 2,20,27,-7
LatentSpace_v411,Paramedian lobule,24,33,-9
LatentSpace_v411,Copula pyramidis,33,34,-1
LatentSpace_v411,Flocculus,12,34,-22
LatentSpace_v411,Paraflocculus,27,36,-9
LatentSpace_v411,Cerebellar nuclei,11,11,0
LatentSpace_v412,Cortical subplate-other,7,15,-8
LatentSpace_v412,Claustrum,30,33,-3
LatentSpace_v412,Endopiriform nucleus,15,32,-17
LatentSpace_v412,Olfactory areas-other,15,33,-18
LatentSpace_v412,Postpiriform transition area,10,27,-17
LatentSpace_v412,Piriform area,16,34,-18
LatentSpace_v412,Taenia tecta,14,28,-14
LatentSpace_v412,Cortical amygdalar area,8,19,-11
LatentSpace_v412,Piriform-amygdalar area,11,28,-17
LatentSpace_v412,Main olfactory bulb,5,10,-5
LatentSpace_v412,Accessory olfactory bulb,37,19,18
LatentSpace_v412,Anterior olfactory nucleus,5,32,-27
LatentSpace_v412,Subiculum,4,35,-31
LatentSpace_v412,Entorhinal area,12,22,-10
LatentSpace_v412,Field CA1,4,25,-21
LatentSpace_v412,Field CA2,8,14,-6
LatentSpace_v412,Field CA3,7,8,-1
LatentSpace_v412,Dentate gyrus,7,3,4
LatentSpace_v412,Anterior cingulate area,39,39,0
LatentSpace_v412,Infralimbic area,12,26,-14
LatentSpace_v412,Retrosplenial area,26,36,-10
LatentSpace_v412,Prelimbic area,31,35,-4
LatentSpace_v412,Primary auditory area,38,38,0
LatentSpace_v412,Dorsal auditory area,36,38,-2
LatentSpace_v412,Ventral auditory area,40,38,2
LatentSpace_v412,Agranular insular area,25,37,-12
LatentSpace_v412,Ectorhinal area,26,33,-7
LatentSpace_v412,Primary motor area,35,38,-3
LatentSpace_v412,Secondary motor area,37,38,-1
LatentSpace_v412,"Frontal pole, cerebral cortex",36,40,-4
LatentSpace_v412,Orbital area,24,35,-11
LatentSpace_v412,Posterior parietal association areas,35,38,-3
LatentSpace_v412,Perirhinal area,18,32,-14
LatentSpace_v412,Primary somatosensory area,30,35,-5
LatentSpace_v412,Supplemental somatosensory area,37,38,-1
LatentSpace_v412,Temporal association areas,32,33,-1
LatentSpace_v412,Visual areas,35,38,-3
LatentSpace_v412,Pallidum,8,6,2
LatentSpace_v412,Striatum ventral region,5,3,2
LatentSpace_v412,Lateral septal complex,5,4,1
LatentSpace_v412,Caudoputamen,3,3,0
LatentSpace_v412,Medial amygdalar nucleus,9,7,2
LatentSpace_v412,Hypothalamus,6,9,-3
LatentSpace_v412,Thalamus,2,1,1
LatentSpace_v412,Inferior colliculus,3,9,-6
LatentSpace_v412,"Superior colliculus, sensory related",4,10,-6
LatentSpace_v412,Midbrain raphe nuclei,14,12,2
LatentSpace_v412,Midbrain-other,11,10,1
LatentSpace_v412,Periaqueductal gray,11,11,0
LatentSpace_v412,Pons,10,9,1
LatentSpace_v412,Medulla,9,9,0
LatentSpace_v412,Lingula (I),8,34,-26
LatentSpace_v412,Central lobule,8,34,-26
LatentSpace_v412,Culmen,26,34,-8
LatentSpace_v412,Declive (VI),23,28,-5
LatentSpace_v412,Folium-tuber vermis (VII),23,31,-8
LatentSpace_v412,Pyramus (VIII),27,32,-5
LatentSpace_v412,Uvula (IX),14,34,-20
LatentSpace_v412,Nodulus (X),12,35,-23
LatentSpace_v412,Simple lobule,23,29,-6
LatentSpace_v412,Crus 1,23,26,-3
LatentSpace_v412,Crus 2,23,27,-4
LatentSpace_v412,Paramedian lobule,23,33,-10
LatentSpace_v412,Copula pyramidis,26,34,-8
LatentSpace_v412,Flocculus,22,34,-12
LatentSpace_v412,Paraflocculus,23,36,-13
LatentSpace_v412,Cerebellar nuclei,9,11,-2
LatentSpace_v413,Cortical subplate-other,9,15,-6
LatentSpace_v413,Claustrum,26,33,-7
LatentSpace_v413,Endopiriform nucleus,11,32,-21
LatentSpace_v413,Olfactory areas-other,13,33,-20
LatentSpace_v413,Postpiriform transition area,10,27,-17
LatentSpace_v413,Piriform area,7,34,-27
LatentSpace_v413,Taenia tecta,14,28,-14
LatentSpace_v413,Cortical amygdalar area,6,19,-13
LatentSpace_v413,Piriform-amygdalar area,5,28,-23
LatentSpace_v413,Main olfactory bulb,23,10,13
LatentSpace_v413,Accessory olfactory bulb,36,19,17
LatentSpace_v413,Anterior olfactory nucleus,6,32,-26
LatentSpace_v413,Subiculum,7,35,-28
LatentSpace_v413,Entorhinal area,10,22,-12
LatentSpace_v413,Field CA1,8,25,-17
LatentSpace_v413,Field CA2,18,14,4
LatentSpace_v413,Field CA3,6,8,-2
LatentSpace_v413,Dentate gyrus,7,3,4
LatentSpace_v413,Anterior cingulate area,38,39,-1
LatentSpace_v413,Infralimbic area,8,26,-18
LatentSpace_v413,Retrosplenial area,34,36,-2
LatentSpace_v413,Prelimbic area,36,35,1
LatentSpace_v413,Primary auditory area,38,38,0
LatentSpace_v413,Dorsal auditory area,35,38,-3
LatentSpace_v413,Ventral auditory area,38,38,0
LatentSpace_v413,Agranular insular area,25,37,-12
LatentSpace_v413,Ectorhinal area,26,33,-7
LatentSpace_v413,Primary motor area,35,38,-3
LatentSpace_v413,Secondary motor area,36,38,-2
LatentSpace_v413,"Frontal pole, cerebral cortex",39,40,-1
LatentSpace_v413,Orbital area,32,35,-3
LatentSpace_v413,Posterior parietal association areas,35,38,-3
LatentSpace_v413,Perirhinal area,17,32,-15
LatentSpace_v413,Primary somatosensory area,35,35,0
LatentSpace_v413,Supplemental somatosensory area,39,38,1
LatentSpace_v413,Temporal association areas,34,33,1
LatentSpace_v413,Visual areas,35,38,-3
LatentSpace_v413,Pallidum,7,6,1
LatentSpace_v413,Striatum ventral region,7,3,4
LatentSpace_v413,Lateral septal complex,8,4,4
LatentSpace_v413,Caudoputamen,3,3,0
LatentSpace_v413,Medial amygdalar nucleus,10,7,3
LatentSpace_v413,Hypothalamus,7,9,-2
LatentSpace_v413,Thalamus,7,1,6
LatentSpace_v413,Inferior colliculus,8,9,-1
LatentSpace_v413,"Superior colliculus, sensory related",12,10,2
LatentSpace_v413,Midbrain raphe nuclei,14,12,2
LatentSpace_v413,Midbrain-other,13,10,3
LatentSpace_v413,Periaqueductal gray,14,11,3
LatentSpace_v413,Pons,10,9,1
LatentSpace_v413,Medulla,16,9,7
LatentSpace_v413,Lingula (I),13,34,-21
LatentSpace_v413,Central lobule,19,34,-15
LatentSpace_v413,Culmen,24,34,-10
LatentSpace_v413,Declive (VI),23,28,-5
LatentSpace_v413,Folium-tuber vermis (VII),23,31,-8
LatentSpace_v413,Pyramus (VIII),29,32,-3
LatentSpace_v413,Uvula (IX),34,34,0
LatentSpace_v413,Nodulus (X),23,35,-12
LatentSpace_v413,Simple lobule,22,29,-7
LatentSpace_v413,Crus 1,22,26,-4
LatentSpace_v413,Crus 2,22,27,-5
LatentSpace_v413,Paramedian lobule,23,33,-10
LatentSpace_v413,Copula pyramidis,26,34,-8
LatentSpace_v413,Flocculus,32,34,-2
LatentSpace_v413,Paraflocculus,28,36,-8
LatentSpace_v413,Cerebellar nuclei,32,11,21
LatentSpace_v414,Cortical subplate-other,6,15,-9
LatentSpace_v414,Claustrum,22,33,-11
LatentSpace_v414,Endopiriform nucleus,16,32,-16
LatentSpace_v414,Olfactory areas-other,15,33,-18
LatentSpace_v414,Postpiriform transition area,10,27,-17
LatentSpace_v414,Piriform area,14,34,-20
LatentSpace_v414,Taenia tecta,12,28,-16
LatentSpace_v414,Cortical amygdalar area,7,19,-12
LatentSpace_v414,Piriform-amygdalar area,7,28,-21
LatentSpace_v414,Main olfactory bulb,24,10,14
LatentSpace_v414,Accessory olfactory bulb,32,19,13
LatentSpace_v414,Anterior olfactory nucleus,11,32,-21
LatentSpace_v414,Subiculum,8,35,-27
LatentSpace_v414,Entorhinal area,8,22,-14
LatentSpace_v414,Field CA1,6,25,-19
LatentSpace_v414,Field CA2,6,14,-8
LatentSpace_v414,Field CA3,5,8,-3
LatentSpace_v414,Dentate gyrus,7,3,4
LatentSpace_v414,Anterior cingulate area,34,39,-5
LatentSpace_v414,Infralimbic area,13,26,-13
LatentSpace_v414,Retrosplenial area,23,36,-13
LatentSpace_v414,Prelimbic area,28,35,-7
LatentSpace_v414,Primary auditory area,35,38,-3
LatentSpace_v414,Dorsal auditory area,35,38,-3
LatentSpace_v414,Ventral auditory area,35,38,-3
LatentSpace_v414,Agranular insular area,23,37,-14
LatentSpace_v414,Ectorhinal area,24,33,-9
LatentSpace_v414,Primary motor area,35,38,-3
LatentSpace_v414,Secondary motor area,34,38,-4
LatentSpace_v414,"Frontal pole, cerebral cortex",33,40,-7
LatentSpace_v414,Orbital area,24,35,-11
LatentSpace_v414,Posterior parietal association areas,35,38,-3
LatentSpace_v414,Perirhinal area,17,32,-15
LatentSpace_v414,Primary somatosensory area,26,35,-9
LatentSpace_v414,Supplemental somatosensory area,37,38,-1
LatentSpace_v414,Temporal association areas,29,33,-4
LatentSpace_v414,Visual areas,31,38,-7
LatentSpace_v414,Pallidum,7,6,1
LatentSpace_v414,Striatum ventral region,6,3,3
LatentSpace_v414,Lateral septal complex,7,4,3
LatentSpace_v414,Caudoputamen,3,3,0
LatentSpace_v414,Medial amygdalar nucleus,8,7,1
LatentSpace_v414,Hypothalamus,5,9,-4
LatentSpace_v414,Thalamus,7,1,6
LatentSpace_v414,Inferior colliculus,7,9,-2
LatentSpace_v414,"Superior colliculus, sensory related",4,10,-6
LatentSpace_v414,Midbrain raphe nuclei,12,12,0
LatentSpace_v414,Midbrain-other,10,10,0
LatentSpace_v414,Periaqueductal gray,10,11,-1
LatentSpace_v414,Pons,10,9,1
LatentSpace_v414,Medulla,12,9,3
LatentSpace_v414,Lingula (I),12,34,-22
LatentSpace_v414,Central lobule,13,34,-21
LatentSpace_v414,Culmen,30,34,-4
LatentSpace_v414,Declive (VI),24,28,-4
LatentSpace_v414,Folium-tuber vermis (VII),25,31,-6
LatentSpace_v414,Pyramus (VIII),25,32,-7
LatentSpace_v414,Uvula (IX),25,34,-9
LatentSpace_v414,Nodulus (X),13,35,-22
LatentSpace_v414,Simple lobule,23,29,-6
LatentSpace_v414,Crus 1,23,26,-3
LatentSpace_v414,Crus 2,23,27,-4
LatentSpace_v414,Paramedian lobule,23,33,-10
LatentSpace_v414,Copula pyramidis,24,34,-10
LatentSpace_v414,Flocculus,11,34,-23
LatentSpace_v414,Paraflocculus,23,36,-13
LatentSpace_v414,Cerebellar nuclei,15,11,4
LatentSpace_v415,Cortical subplate-other,10,15,-5
LatentSpace_v415,Claustrum,25,33,-8
LatentSpace_v415,Endopiriform nucleus,13,32,-19
LatentSpace_v415,Olfactory areas-other,13,33,-20
LatentSpace_v415,Postpiriform transition area,12,27,-15
LatentSpace_v415,Piriform area,16,34,-18
LatentSpace_v415,Taenia tecta,14,28,-14
LatentSpace_v415,Cortical amygdalar area,11,19,-8
LatentSpace_v415,Piriform-amygdalar area,13,28,-15
LatentSpace_v415,Main olfactory bulb,12,10,2
LatentSpace_v415,Accessory olfactory bulb,30,19,11
LatentSpace_v415,Anterior olfactory nucleus,11,32,-21
LatentSpace_v415,Subiculum,4,35,-31
LatentSpace_v415,Entorhinal area,12,22,-10
LatentSpace_v415,Field CA1,9,25,-16
LatentSpace_v415,Field CA2,11,14,-3
LatentSpace_v415,Field CA3,8,8,0
LatentSpace_v415,Dentate gyrus,8,3,5
LatentSpace_v415,Anterior cingulate area,35,39,-4
LatentSpace_v415,Infralimbic area,12,26,-14
LatentSpace_v415,Retrosplenial area,26,36,-10
LatentSpace_v415,Prelimbic area,26,35,-9
LatentSpace_v415,Primary auditory area,35,38,-3
LatentSpace_v415,Dorsal auditory area,35,38,-3
LatentSpace_v415,Ventral auditory area,37,38,-1
LatentSpace_v415,Agranular insular area,23,37,-14
LatentSpace_v415,Ectorhinal area,25,33,-8
LatentSpace_v415,Primary motor area,35,38,-3
LatentSpace_v415,Secondary motor area,35,38,-3
LatentSpace_v415,"Frontal pole, cerebral cortex",28,40,-12
LatentSpace_v415,Orbital area,23,35,-12
LatentSpace_v415,Posterior parietal association areas,35,38,-3
LatentSpace_v415,Perirhinal area,19,32,-13
LatentSpace_v415,Primary somatosensory area,31,35,-4
LatentSpace_v415,Supplemental somatosensory area,36,38,-2
LatentSpace_v415,Temporal association areas,32,33,-1
LatentSpace_v415,Visual areas,35,38,-3
LatentSpace_v415,Pallidum,7,6,1
LatentSpace_v415,Striatum ventral region,5,3,2
LatentSpace_v415,Lateral septal complex,11,4,7
LatentSpace_v415,Caudoputamen,3,3,0
LatentSpace_v415,Medial amygdalar nucleus,12,7,5
LatentSpace_v415,Hypothalamus,5,9,-4
LatentSpace_v415,Thalamus,4,1,3
LatentSpace_v415,Inferior colliculus,3,9,-6
LatentSpace_v415,"Superior colliculus, sensory related",4,10,-6
LatentSpace_v415,Midbrain raphe nuclei,13,12,1
LatentSpace_v415,Midbrain-other,11,10,1
LatentSpace_v415,Periaqueductal gray,11,11,0
LatentSpace_v415,Pons,8,9,-1
LatentSpace_v415,Medulla,12,9,3
LatentSpace_v415,Lingula (I),11,34,-23
LatentSpace_v415,Central lobule,10,34,-24
LatentSpace_v415,Culmen,26,34,-8
LatentSpace_v415,Declive (VI),23,28,-5
LatentSpace_v415,Folium-tuber vermis (VII),23,31,-8
LatentSpace_v415,Pyramus (VIII),24,32,-8
LatentSpace_v415,Uvula (IX),32,34,-2
LatentSpace_v415,Nodulus (X),20,35,-15
LatentSpace_v415,Simple lobule,22,29,-7
LatentSpace_v415,Crus 1,23,26,-3
LatentSpace_v415,Crus 2,23,27,-4
LatentSpace_v415,Paramedian lobule,23,33,-10
LatentSpace_v415,Copula pyramidis,24,34,-10
LatentSpace_v415,Flocculus,31,34,-3
LatentSpace_v415,Paraflocculus,23,36,-13
LatentSpace_v415,Cerebellar nuclei,33,11,22
LatentSpace_v416,Cortical subplate-other,7,15,-8
LatentSpace_v416,Claustrum,28,33,-5
LatentSpace_v416,Endopiriform nucleus,9,32,-23
LatentSpace_v416,Olfactory areas-other,25,33,-8
LatentSpace_v416,Postpiriform transition area,5,27,-22
LatentSpace_v416,Piriform area,18,34,-16
LatentSpace_v416,Taenia tecta,12,28,-16
LatentSpace_v416,Cortical amygdalar area,6,19,-13
LatentSpace_v416,Piriform-amygdalar area,7,28,-21
LatentSpace_v416,Main olfactory bulb,26,10,16
LatentSpace_v416,Accessory olfactory bulb,40,19,21
LatentSpace_v416,Anterior olfactory nucleus,22,32,-10
LatentSpace_v416,Subiculum,2,35,-33
LatentSpace_v416,Entorhinal area,13,22,-9
LatentSpace_v416,Field CA1,5,25,-20
LatentSpace_v416,Field CA2,5,14,-9
LatentSpace_v416,Field CA3,5,8,-3
LatentSpace_v416,Dentate gyrus,7,3,4
LatentSpace_v416,Anterior cingulate area,36,39,-3
LatentSpace_v416,Infralimbic area,11,26,-15
LatentSpace_v416,Retrosplenial area,22,36,-14
LatentSpace_v416,Prelimbic area,27,35,-8
LatentSpace_v416,Primary auditory area,36,38,-2
LatentSpace_v416,Dorsal auditory area,35,38,-3
LatentSpace_v416,Ventral auditory area,33,38,-5
LatentSpace_v416,Agranular insular area,26,37,-11
LatentSpace_v416,Ectorhinal area,23,33,-10
LatentSpace_v416,Primary motor area,35,38,-3
LatentSpace_v416,Secondary motor area,36,38,-2
LatentSpace_v416,"Frontal pole, cerebral cortex",35,40,-5
LatentSpace_v416,Orbital area,26,35,-9
LatentSpace_v416,Posterior parietal association areas,35,38,-3
LatentSpace_v416,Perirhinal area,18,32,-14
LatentSpace_v416,Primary somatosensory area,26,35,-9
LatentSpace_v416,Supplemental somatosensory area,37,38,-1
LatentSpace_v416,Temporal association areas,25,33,-8
LatentSpace_v416,Visual areas,35,38,-3
LatentSpace_v416,Pallidum,10,6,4
LatentSpace_v416,Striatum ventral region,9,3,6
LatentSpace_v416,Lateral septal complex,10,4,6
LatentSpace_v416,Caudoputamen,3,3,0
LatentSpace_v416,Medial amygdalar nucleus,8,7,1
LatentSpace_v416,Hypothalamus,8,9,-1
LatentSpace_v416,Thalamus,5,1,4
LatentSpace_v416,Inferior colliculus,3,9,-6
LatentSpace_v416,"Superior colliculus, sensory related",3,10,-7
LatentSpace_v416,Midbrain raphe nuclei,14,12,2
LatentSpace_v416,Midbrain-other,10,10,0
LatentSpace_v416,Periaqueductal gray,10,11,-1
LatentSpace_v416,Pons,9,9,0
LatentSpace_v416,Medulla,9,9,0
LatentSpace_v416,Lingula (I),6,34,-28
LatentSpace_v416,Central lobule,24,34,-10
LatentSpace_v416,Culmen,25,34,-9
LatentSpace_v416,Declive (VI),23,28,-5
LatentSpace_v416,Folium-tuber vermis (VII),23,31,-8
LatentSpace_v416,Pyramus (VIII),24,32,-8
LatentSpace_v416,Uvula (IX),28,34,-6
LatentSpace_v416,Nodulus (X),18,35,-17
LatentSpace_v416,Simple lobule,23,29,-6
LatentSpace_v416,Crus 1,23,26,-3
LatentSpace_v416,Crus 2,23,27,-4
LatentSpace_v416,Paramedian lobule,23,33,-10
LatentSpace_v416,Copula pyramidis,27,34,-7
LatentSpace_v416,Flocculus,32,34,-2
LatentSpace_v416,Paraflocculus,28,36,-8
LatentSpace_v416,Cerebellar nuclei,26,11,15
LatentSpace_v417,Cortical subplate-other,7,15,-8
LatentSpace_v417,Claustrum,29,33,-4
LatentSpace_v417,Endopiriform nucleus,9,32,-23
LatentSpace_v417,Olfactory areas-other,5,33,-28
LatentSpace_v417,Postpiriform transition area,8,27,-19
LatentSpace_v417,Piriform area,9,34,-25
LatentSpace_v417,Taenia tecta,8,28,-20
LatentSpace_v417,Cortical amygdalar area,2,19,-17
LatentSpace_v417,Piriform-amygdalar area,5,28,-23
LatentSpace_v417,Main olfactory bulb,26,10,16
LatentSpace_v417,Accessory olfactory bulb,32,19,13
LatentSpace_v417,Anterior olfactory nucleus,3,32,-29
LatentSpace_v417,Subiculum,4,35,-31
LatentSpace_v417,Entorhinal area,9,22,-13
LatentSpace_v417,Field CA1,10,25,-15
LatentSpace_v417,Field CA2,16,14,2
LatentSpace_v417,Field CA3,6,8,-2
LatentSpace_v417,Dentate gyrus,7,3,4
LatentSpace_v417,Anterior cingulate area,35,39,-4
LatentSpace_v417,Infralimbic area,11,26,-15
LatentSpace_v417,Retrosplenial area,25,36,-11
LatentSpace_v417,Prelimbic area,29,35,-6
LatentSpace_v417,Primary auditory area,35,38,-3
LatentSpace_v417,Dorsal auditory area,35,38,-3
LatentSpace_v417,Ventral auditory area,37,38,-1
LatentSpace_v417,Agranular insular area,16,37,-21
LatentSpace_v417,Ectorhinal area,24,33,-9
LatentSpace_v417,Primary motor area,35,38,-3
LatentSpace_v417,Secondary motor area,35,38,-3
LatentSpace_v417,"Frontal pole, cerebral cortex",31,40,-9
LatentSpace_v417,Orbital area,20,35,-15
LatentSpace_v417,Posterior parietal association areas,34,38,-4
LatentSpace_v417,Perirhinal area,22,32,-10
LatentSpace_v417,Primary somatosensory area,29,35,-6
LatentSpace_v417,Supplemental somatosensory area,36,38,-2
LatentSpace_v417,Temporal association areas,32,33,-1
LatentSpace_v417,Visual areas,35,38,-3
LatentSpace_v417,Pallidum,5,6,-1
LatentSpace_v417,Striatum ventral region,6,3,3
LatentSpace_v417,Lateral septal complex,5,4,1
LatentSpace_v417,Caudoputamen,3,3,0
LatentSpace_v417,Medial amygdalar nucleus,9,7,2
LatentSpace_v417,Hypothalamus,7,9,-2
LatentSpace_v417,Thalamus,7,1,6
LatentSpace_v417,Inferior colliculus,18,9,9
LatentSpace_v417,"Superior colliculus, sensory related",5,10,-5
LatentSpace_v417,Midbrain raphe nuclei,14,12,2
LatentSpace_v417,Midbrain-other,11,10,1
LatentSpace_v417,Periaqueductal gray,11,11,0
LatentSpace_v417,Pons,10,9,1
LatentSpace_v417,Medulla,9,9,0
LatentSpace_v417,Lingula (I),13,34,-21
LatentSpace_v417,Central lobule,13,34,-21
LatentSpace_v417,Culmen,28,34,-6
LatentSpace_v417,Declive (VI),23,28,-5
LatentSpace_v417,Folium-tuber vermis (VII),26,31,-5
LatentSpace_v417,Pyramus (VIII),30,32,-2
LatentSpace_v417,Uvula (IX),30,34,-4
LatentSpace_v417,Nodulus (X),16,35,-19
LatentSpace_v417,Simple lobule,22,29,-7
LatentSpace_v417,Crus 1,22,26,-4
LatentSpace_v417,Crus 2,21,27,-6
LatentSpace_v417,Paramedian lobule,22,33,-11
LatentSpace_v417,Copula pyramidis,26,34,-8
LatentSpace_v417,Flocculus,29,34,-5
LatentSpace_v417,Paraflocculus,24,36,-12
LatentSpace_v417,Cerebellar nuclei,33,11,22
LatentSpace_v418,Cortical subplate-other,9,15,-6
LatentSpace_v418,Claustrum,23,33,-10
LatentSpace_v418,Endopiriform nucleus,14,32,-18
LatentSpace_v418,Olfactory areas-other,12,33,-21
LatentSpace_v418,Postpiriform transition area,6,27,-21
LatentSpace_v418,Piriform area,17,34,-17
LatentSpace_v418,Taenia tecta,12,28,-16
LatentSpace_v418,Cortical amygdalar area,3,19,-16
LatentSpace_v418,Piriform-amygdalar area,5,28,-23
LatentSpace_v418,Main olfactory bulb,12,10,2
LatentSpace_v418,Accessory olfactory bulb,33,19,14
LatentSpace_v418,Anterior olfactory nucleus,12,32,-20
LatentSpace_v418,Subiculum,7,35,-28
LatentSpace_v418,Entorhinal area,12,22,-10
LatentSpace_v418,Field CA1,8,25,-17
LatentSpace_v418,Field CA2,10,14,-4
LatentSpace_v418,Field CA3,7,8,-1
LatentSpace_v418,Dentate gyrus,7,3,4
LatentSpace_v418,Anterior cingulate area,35,39,-4
LatentSpace_v418,Infralimbic area,10,26,-16
LatentSpace_v418,Retrosplenial area,23,36,-13
LatentSpace_v418,Prelimbic area,26,35,-9
LatentSpace_v418,Primary auditory area,36,38,-2
LatentSpace_v418,Dorsal auditory area,35,38,-3
LatentSpace_v418,Ventral auditory area,35,38,-3
LatentSpace_v418,Agranular insular area,21,37,-16
LatentSpace_v418,Ectorhinal area,22,33,-11
LatentSpace_v418,Primary motor area,35,38,-3
LatentSpace_v418,Secondary motor area,34,38,-4
LatentSpace_v418,"Frontal pole, cerebral cortex",28,40,-12
LatentSpace_v418,Orbital area,26,35,-9
LatentSpace_v418,Posterior parietal association areas,35,38,-3
LatentSpace_v418,Perirhinal area,20,32,-12
LatentSpace_v418,Primary somatosensory area,29,35,-6
LatentSpace_v418,Supplemental somatosensory area,38,38,0
LatentSpace_v418,Temporal association areas,29,33,-4
LatentSpace_v418,Visual areas,35,38,-3
LatentSpace_v418,Pallidum,7,6,1
LatentSpace_v418,Striatum ventral region,7,3,4
LatentSpace_v418,Lateral septal complex,9,4,5
LatentSpace_v418,Caudoputamen,3,3,0
LatentSpace_v418,Medial amygdalar nucleus,8,7,1
LatentSpace_v418,Hypothalamus,4,9,-5
LatentSpace_v418,Thalamus,1,1,0
LatentSpace_v418,Inferior colliculus,9,9,0
LatentSpace_v418,"Superior colliculus, sensory related",10,10,0
LatentSpace_v418,Midbrain raphe nuclei,13,12,1
LatentSpace_v418,Midbrain-other,11,10,1
LatentSpace_v418,Periaqueductal gray,12,11,1
LatentSpace_v418,Pons,10,9,1
LatentSpace_v418,Medulla,12,9,3
LatentSpace_v418,Lingula (I),13,34,-21
LatentSpace_v418,Central lobule,22,34,-12
LatentSpace_v418,Culmen,27,34,-7
LatentSpace_v418,Declive (VI),23,28,-5
LatentSpace_v418,Folium-tuber vermis (VII),23,31,-8
LatentSpace_v418,Pyramus (VIII),23,32,-9
LatentSpace_v418,Uvula (IX),25,34,-9
LatentSpace_v418,Nodulus (X),18,35,-17
LatentSpace_v418,Simple lobule,23,29,-6
LatentSpace_v418,Crus 1,23,26,-3
LatentSpace_v418,Crus 2,22,27,-5
LatentSpace_v418,Paramedian lobule,23,33,-10
LatentSpace_v418,Copula pyramidis,23,34,-11
LatentSpace_v418,Flocculus,28,34,-6
LatentSpace_v418,Paraflocculus,23,36,-13
LatentSpace_v418,Cerebellar nuclei,17,11,6
LatentSpace_v419,Cortical subplate-other,9,15,-6
LatentSpace_v419,Claustrum,22,33,-11
LatentSpace_v419,Endopiriform nucleus,16,32,-16
LatentSpace_v419,Olfactory areas-other,17,33,-16
LatentSpace_v419,Postpiriform transition area,12,27,-15
LatentSpace_v419,Piriform area,21,34,-13
LatentSpace_v419,Taenia tecta,12,28,-16
LatentSpace_v419,Cortical amygdalar area,10,19,-9
LatentSpace_v419,Piriform-amygdalar area,12,28,-16
LatentSpace_v419,Main olfactory bulb,9,10,-1
LatentSpace_v419,Accessory olfactory bulb,28,19,9
LatentSpace_v419,Anterior olfactory nucleus,11,32,-21
LatentSpace_v419,Subiculum,3,35,-32
LatentSpace_v419,Entorhinal area,10,22,-12
LatentSpace_v419,Field CA1,6,25,-19
LatentSpace_v419,Field CA2,12,14,-2
LatentSpace_v419,Field CA3,8,8,0
LatentSpace_v419,Dentate gyrus,8,3,5
LatentSpace_v419,Anterior cingulate area,36,39,-3
LatentSpace_v419,Infralimbic area,12,26,-14
LatentSpace_v419,Retrosplenial area,25,36,-11
LatentSpace_v419,Prelimbic area,27,35,-8
LatentSpace_v419,Primary auditory area,37,38,-1
LatentSpace_v419,Dorsal auditory area,35,38,-3
LatentSpace_v419,Ventral auditory area,39,38,1
LatentSpace_v419,Agranular insular area,23,37,-14
LatentSpace_v419,Ectorhinal area,23,33,-10
LatentSpace_v419,Primary motor area,35,38,-3
LatentSpace_v419,Secondary motor area,36,38,-2
LatentSpace_v419,"Frontal pole, cerebral cortex",35,40,-5
LatentSpace_v419,Orbital area,23,35,-12
LatentSpace_v419,Posterior parietal association areas,33,38,-5
LatentSpace_v419,Perirhinal area,15,32,-17
LatentSpace_v419,Primary somatosensory area,35,35,0
LatentSpace_v419,Supplemental somatosensory area,38,38,0
LatentSpace_v419,Temporal association areas,29,33,-4
LatentSpace_v419,Visual areas,34,38,-4
LatentSpace_v419,Pallidum,7,6,1
LatentSpace_v419,Striatum ventral region,7,3,4
LatentSpace_v419,Lateral septal complex,7,4,3
LatentSpace_v419,Caudoputamen,3,3,0
LatentSpace_v419,Medial amygdalar nucleus,12,7,5
LatentSpace_v419,Hypothalamus,5,9,-4
LatentSpace_v419,Thalamus,2,1,1
LatentSpace_v419,Inferior colliculus,6,9,-3
LatentSpace_v419,"Superior colliculus, sensory related",5,10,-5
LatentSpace_v419,Midbrain raphe nuclei,11,12,-1
LatentSpace_v419,Midbrain-other,11,10,1
LatentSpace_v419,Periaqueductal gray,9,11,-2
LatentSpace_v419,Pons,11,9,2
LatentSpace_v419,Medulla,11,9,2
LatentSpace_v419,Lingula (I),13,34,-21
LatentSpace_v419,Central lobule,19,34,-15
LatentSpace_v419,Culmen,26,34,-8
LatentSpace_v419,Declive (VI),23,28,-5
LatentSpace_v419,Folium-tuber vermis (VII),24,31,-7
LatentSpace_v419,Pyramus (VIII),27,32,-5
LatentSpace_v419,Uvula (IX),19,34,-15
LatentSpace_v419,Nodulus (X),14,35,-21
LatentSpace_v419,Simple lobule,22,29,-7
LatentSpace_v419,Crus 1,22,26,-4
LatentSpace_v419,Crus 2,22,27,-5
LatentSpace_v419,Paramedian lobule,23,33,-10
LatentSpace_v419,Copula pyramidis,27,34,-7
LatentSpace_v419,Flocculus,23,34,-11
LatentSpace_v419,Paraflocculus,23,36,-13
LatentSpace_v419,Cerebellar nuclei,13,11,2
LatentSpace_v420,Cortical subplate-other,10,15,-5
LatentSpace_v420,Claustrum,24,33,-9
LatentSpace_v420,Endopiriform nucleus,16,32,-16
LatentSpace_v420,Olfactory areas-other,20,33,-13
LatentSpace_v420,Postpiriform transition area,11,27,-16
LatentSpace_v420,Piriform area,18,34,-16
LatentSpace_v420,Taenia tecta,14,28,-14
LatentSpace_v420,Cortical amygdalar area,10,19,-9
LatentSpace_v420,Piriform-amygdalar area,12,28,-16
LatentSpace_v420,Main olfactory bulb,21,10,11
LatentSpace_v420,Accessory olfactory bulb,27,19,8
LatentSpace_v420,Anterior olfactory nucleus,20,32,-12
LatentSpace_v420,Subiculum,4,35,-31
LatentSpace_v420,Entorhinal area,16,22,-6
LatentSpace_v420,Field CA1,7,25,-18
LatentSpace_v420,Field CA2,10,14,-4
LatentSpace_v420,Field CA3,11,8,3
LatentSpace_v420,Dentate gyrus,7,3,4
LatentSpace_v420,Anterior cingulate area,33,39,-6
LatentSpace_v420,Infralimbic area,12,26,-14
LatentSpace_v420,Retrosplenial area,25,36,-11
LatentSpace_v420,Prelimbic area,26,35,-9
LatentSpace_v420,Primary auditory area,35,38,-3
LatentSpace_v420,Dorsal auditory area,35,38,-3
LatentSpace_v420,Ventral auditory area,37,38,-1
LatentSpace_v420,Agranular insular area,23,37,-14
LatentSpace_v420,Ectorhinal area,23,33,-10
LatentSpace_v420,Primary motor area,33,38,-5
LatentSpace_v420,Secondary motor area,35,38,-3
LatentSpace_v420,"Frontal pole, cerebral cortex",31,40,-9
LatentSpace_v420,Orbital area,25,35,-10
LatentSpace_v420,Posterior parietal association areas,33,38,-5
LatentSpace_v420,Perirhinal area,21,32,-11
LatentSpace_v420,Primary somatosensory area,29,35,-6
LatentSpace_v420,Supplemental somatosensory area,36,38,-2
LatentSpace_v420,Temporal association areas,31,33,-2
LatentSpace_v420,Visual areas,31,38,-7
LatentSpace_v420,Pallidum,7,6,1
LatentSpace_v420,Striatum ventral region,9,3,6
LatentSpace_v420,Lateral septal complex,10,4,6
LatentSpace_v420,Caudoputamen,3,3,0
LatentSpace_v420,Medial amygdalar nucleus,9,7,2
LatentSpace_v420,Hypothalamus,4,9,-5
LatentSpace_v420,Thalamus,15,1,14
LatentSpace_v420,Inferior colliculus,9,9,0
LatentSpace_v420,"Superior colliculus, sensory related",5,10,-5
LatentSpace_v420,Midbrain raphe nuclei,11,12,-1
LatentSpace_v420,Midbrain-other,12,10,2
LatentSpace_v420,Periaqueductal gray,11,11,0
LatentSpace_v420,Pons,9,9,0
LatentSpace_v420,Medulla,11,9,2
LatentSpace_v420,Lingula (I),13,34,-21
LatentSpace_v420,Central lobule,14,34,-20
LatentSpace_v420,Culmen,25,34,-9
LatentSpace_v420,Declive (VI),23,28,-5
LatentSpace_v420,Folium-tuber vermis (VII),23,31,-8
LatentSpace_v420,Pyramus (VIII),23,32,-9
LatentSpace_v420,Uvula (IX),25,34,-9
LatentSpace_v420,Nodulus (X),22,35,-13
LatentSpace_v420,Simple lobule,27,29,-2
LatentSpace_v420,Crus 1,22,26,-4
LatentSpace_v420,Crus 2,22,27,-5
LatentSpace_v420,Paramedian lobule,23,33,-10
LatentSpace_v420,Copula pyramidis,23,34,-11
LatentSpace_v420,Flocculus,31,34,-3
LatentSpace_v420,Paraflocculus,24,36,-12
LatentSpace_v420,Cerebellar nuclei,12,11,1
LatentSpace_v421,Cortical subplate-other,11,15,-4
LatentSpace_v421,Claustrum,23,33,-10
LatentSpace_v421,Endopiriform nucleus,17,32,-15
LatentSpace_v421,Olfactory areas-other,13,33,-20
LatentSpace_v421,Postpiriform transition area,12,27,-15
LatentSpace_v421,Piriform area,16,34,-18
LatentSpace_v421,Taenia tecta,13,28,-15
LatentSpace_v421,Cortical amygdalar area,11,19,-8
LatentSpace_v421,Piriform-amygdalar area,13,28,-15
LatentSpace_v421,Main olfactory bulb,26,10,16
LatentSpace_v421,Accessory olfactory bulb,34,19,15
LatentSpace_v421,Anterior olfactory nucleus,13,32,-19
LatentSpace_v421,Subiculum,3,35,-32
LatentSpace_v421,Entorhinal area,15,22,-7
LatentSpace_v421,Field CA1,3,25,-22
LatentSpace_v421,Field CA2,6,14,-8
LatentSpace_v421,Field CA3,5,8,-3
LatentSpace_v421,Dentate gyrus,6,3,3
LatentSpace_v421,Anterior cingulate area,38,39,-1
LatentSpace_v421,Infralimbic area,11,26,-15
LatentSpace_v421,Retrosplenial area,27,36,-9
LatentSpace_v421,Prelimbic area,30,35,-5
LatentSpace_v421,Primary auditory area,35,38,-3
LatentSpace_v421,Dorsal auditory area,35,38,-3
LatentSpace_v421,Ventral auditory area,36,38,-2
LatentSpace_v421,Agranular insular area,29,37,-8
LatentSpace_v421,Ectorhinal area,26,33,-7
LatentSpace_v421,Primary motor area,35,38,-3
LatentSpace_v421,Secondary motor area,36,38,-2
LatentSpace_v421,"Frontal pole, cerebral cortex",36,40,-4
LatentSpace_v421,Orbital area,25,35,-10
LatentSpace_v421,Posterior parietal association areas,35,38,-3
LatentSpace_v421,Perirhinal area,21,32,-11
LatentSpace_v421,Primary somatosensory area,28,35,-7
LatentSpace_v421,Supplemental somatosensory area,36,38,-2
LatentSpace_v421,Temporal association areas,32,33,-1
LatentSpace_v421,Visual areas,34,38,-4
LatentSpace_v421,Pallidum,9,6,3
LatentSpace_v421,Striatum ventral region,11,3,8
LatentSpace_v421,Lateral septal complex,13,4,9
LatentSpace_v421,Caudoputamen,3,3,0
LatentSpace_v421,Medial amygdalar nucleus,10,7,3
LatentSpace_v421,Hypothalamus,10,9,1
LatentSpace_v421,Thalamus,10,1,9
LatentSpace_v421,Inferior colliculus,7,9,-2
LatentSpace_v421,"Superior colliculus, sensory related",5,10,-5
LatentSpace_v421,Midbrain raphe nuclei,14,12,2
LatentSpace_v421,Midbrain-other,11,10,1
LatentSpace_v421,Periaqueductal gray,12,11,1
LatentSpace_v421,Pons,11,9,2
LatentSpace_v421,Medulla,11,9,2
LatentSpace_v421,Lingula (I),13,34,-21
LatentSpace_v421,Central lobule,9,34,-25
LatentSpace_v421,Culmen,30,34,-4
LatentSpace_v421,Declive (VI),23,28,-5
LatentSpace_v421,Folium-tuber vermis (VII),23,31,-8
LatentSpace_v421,Pyramus (VIII),27,32,-5
LatentSpace_v421,Uvula (IX),20,34,-14
LatentSpace_v421,Nodulus (X),13,35,-22
LatentSpace_v421,Simple lobule,23,29,-6
LatentSpace_v421,Crus 1,22,26,-4
LatentSpace_v421,Crus 2,22,27,-5
LatentSpace_v421,Paramedian lobule,23,33,-10
LatentSpace_v421,Copula pyramidis,27,34,-7
LatentSpace_v421,Flocculus,34,34,0
LatentSpace_v421,Paraflocculus,27,36,-9
LatentSpace_v421,Cerebellar nuclei,13,11,2
LatentSpace_v422,Cortical subplate-other,8,15,-7
LatentSpace_v422,Claustrum,23,33,-10
LatentSpace_v422,Endopiriform nucleus,12,32,-20
LatentSpace_v422,Olfactory areas-other,16,33,-17
LatentSpace_v422,Postpiriform transition area,11,27,-16
LatentSpace_v422,Piriform area,18,34,-16
LatentSpace_v422,Taenia tecta,14,28,-14
LatentSpace_v422,Cortical amygdalar area,5,19,-14
LatentSpace_v422,Piriform-amygdalar area,9,28,-19
LatentSpace_v422,Main olfactory bulb,17,10,7
LatentSpace_v422,Accessory olfactory bulb,23,19,4
LatentSpace_v422,Anterior olfactory nucleus,14,32,-18
LatentSpace_v422,Subiculum,3,35,-32
LatentSpace_v422,Entorhinal area,14,22,-8
LatentSpace_v422,Field CA1,5,25,-20
LatentSpace_v422,Field CA2,7,14,-7
LatentSpace_v422,Field CA3,9,8,1
LatentSpace_v422,Dentate gyrus,8,3,5
LatentSpace_v422,Anterior cingulate area,36,39,-3
LatentSpace_v422,Infralimbic area,12,26,-14
LatentSpace_v422,Retrosplenial area,26,36,-10
LatentSpace_v422,Prelimbic area,25,35,-10
LatentSpace_v422,Primary auditory area,35,38,-3
LatentSpace_v422,Dorsal auditory area,35,38,-3
LatentSpace_v422,Ventral auditory area,37,38,-1
LatentSpace_v422,Agranular insular area,19,37,-18
LatentSpace_v422,Ectorhinal area,21,33,-12
LatentSpace_v422,Primary motor area,35,38,-3
LatentSpace_v422,Secondary motor area,37,38,-1
LatentSpace_v422,"Frontal pole, cerebral cortex",30,40,-10
LatentSpace_v422,Orbital area,21,35,-14
LatentSpace_v422,Posterior parietal association areas,35,38,-3
LatentSpace_v422,Perirhinal area,19,32,-13
LatentSpace_v422,Primary somatosensory area,28,35,-7
LatentSpace_v422,Supplemental somatosensory area,36,38,-2
LatentSpace_v422,Temporal association areas,28,33,-5
LatentSpace_v422,Visual areas,34,38,-4
LatentSpace_v422,Pallidum,7,6,1
LatentSpace_v422,Striatum ventral region,8,3,5
LatentSpace_v422,Lateral septal complex,7,4,3
LatentSpace_v422,Caudoputamen,3,3,0
LatentSpace_v422,Medial amygdalar nucleus,9,7,2
LatentSpace_v422,Hypothalamus,4,9,-5
LatentSpace_v422,Thalamus,9,1,8
LatentSpace_v422,Inferior colliculus,10,9,1
LatentSpace_v422,"Superior colliculus, sensory related",7,10,-3
LatentSpace_v422,Midbrain raphe nuclei,11,12,-1
LatentSpace_v422,Midbrain-other,13,10,3
LatentSpace_v422,Periaqueductal gray,10,11,-1
LatentSpace_v422,Pons,9,9,0
LatentSpace_v422,Medulla,11,9,2
LatentSpace_v422,Lingula (I),11,34,-23
LatentSpace_v422,Central lobule,9,34,-25
LatentSpace_v422,Culmen,30,34,-4
LatentSpace_v422,Declive (VI),23,28,-5
LatentSpace_v422,Folium-tuber vermis (VII),28,31,-3
LatentSpace_v422,Pyramus (VIII),31,32,-1
LatentSpace_v422,Uvula (IX),22,34,-12
LatentSpace_v422,Nodulus (X),12,35,-23
LatentSpace_v422,Simple lobule,26,29,-3
LatentSpace_v422,Crus 1,22,26,-4
LatentSpace_v422,Crus 2,23,27,-4
LatentSpace_v422,Paramedian lobule,25,33,-8
LatentSpace_v422,Copula pyramidis,28,34,-6
LatentSpace_v422,Flocculus,30,34,-4
LatentSpace_v422,Paraflocculus,27,36,-9
LatentSpace_v422,Cerebellar nuclei,12,11,1
LatentSpace_v423,Cortical subplate-other,7,15,-8
LatentSpace_v423,Claustrum,16,33,-17
LatentSpace_v423,Endopiriform nucleus,12,32,-20
LatentSpace_v423,Olfactory areas-other,15,33,-18
LatentSpace_v423,Postpiriform transition area,10,27,-17
LatentSpace_v423,Piriform area,16,34,-18
LatentSpace_v423,Taenia tecta,11,28,-17
LatentSpace_v423,Cortical amygdalar area,8,19,-11
LatentSpace_v423,Piriform-amygdalar area,11,28,-17
LatentSpace_v423,Main olfactory bulb,9,10,-1
LatentSpace_v423,Accessory olfactory bulb,36,19,17
LatentSpace_v423,Anterior olfactory nucleus,9,32,-23
LatentSpace_v423,Subiculum,3,35,-32
LatentSpace_v423,Entorhinal area,8,22,-14
LatentSpace_v423,Field CA1,5,25,-20
LatentSpace_v423,Field CA2,7,14,-7
LatentSpace_v423,Field CA3,7,8,-1
LatentSpace_v423,Dentate gyrus,8,3,5
LatentSpace_v423,Anterior cingulate area,36,39,-3
LatentSpace_v423,Infralimbic area,9,26,-17
LatentSpace_v423,Retrosplenial area,25,36,-11
LatentSpace_v423,Prelimbic area,32,35,-3
LatentSpace_v423,Primary auditory area,37,38,-1
LatentSpace_v423,Dorsal auditory area,35,38,-3
LatentSpace_v423,Ventral auditory area,35,38,-3
LatentSpace_v423,Agranular insular area,27,37,-10
LatentSpace_v423,Ectorhinal area,23,33,-10
LatentSpace_v423,Primary motor area,35,38,-3
LatentSpace_v423,Secondary motor area,35,38,-3
LatentSpace_v423,"Frontal pole, cerebral cortex",37,40,-3
LatentSpace_v423,Orbital area,24,35,-11
LatentSpace_v423,Posterior parietal association areas,35,38,-3
LatentSpace_v423,Perirhinal area,18,32,-14
LatentSpace_v423,Primary somatosensory area,32,35,-3
LatentSpace_v423,Supplemental somatosensory area,36,38,-2
LatentSpace_v423,Temporal association areas,26,33,-7
LatentSpace_v423,Visual areas,35,38,-3
LatentSpace_v423,Pallidum,5,6,-1
LatentSpace_v423,Striatum ventral region,7,3,4
LatentSpace_v423,Lateral septal complex,7,4,3
LatentSpace_v423,Caudoputamen,3,3,0
LatentSpace_v423,Medial amygdalar nucleus,9,7,2
LatentSpace_v423,Hypothalamus,10,9,1
LatentSpace_v423,Thalamus,8,1,7
LatentSpace_v423,Inferior colliculus,7,9,-2
LatentSpace_v423,"Superior colliculus, sensory related",6,10,-4
LatentSpace_v423,Midbrain raphe nuclei,14,12,2
LatentSpace_v423,Midbrain-other,11,10,1
LatentSpace_v423,Periaqueductal gray,11,11,0
LatentSpace_v423,Pons,8,9,-1
LatentSpace_v423,Medulla,6,9,-3
LatentSpace_v423,Lingula (I),12,34,-22
LatentSpace_v423,Central lobule,18,34,-16
LatentSpace_v423,Culmen,27,34,-7
LatentSpace_v423,Declive (VI),23,28,-5
LatentSpace_v423,Folium-tuber vermis (VII),23,31,-8
LatentSpace_v423,Pyramus (VIII),23,32,-9
LatentSpace_v423,Uvula (IX),34,34,0
LatentSpace_v423,Nodulus (X),20,35,-15
LatentSpace_v423,Simple lobule,22,29,-7
LatentSpace_v423,Crus 1,22,26,-4
LatentSpace_v423,Crus 2,22,27,-5
LatentSpace_v423,Paramedian lobule,23,33,-10
LatentSpace_v423,Copula pyramidis,23,34,-11
LatentSpace_v423,Flocculus,31,34,-3
LatentSpace_v423,Paraflocculus,23,36,-13
LatentSpace_v423,Cerebellar nuclei,14,11,3
LatentSpace_v424,Cortical subplate-other,6,15,-9
LatentSpace_v424,Claustrum,26,33,-7
LatentSpace_v424,Endopiriform nucleus,13,32,-19
LatentSpace_v424,Olfactory areas-other,12,33,-21
LatentSpace_v424,Postpiriform transition area,8,27,-19
LatentSpace_v424,Piriform area,16,34,-18
LatentSpace_v424,Taenia tecta,12,28,-16
LatentSpace_v424,Cortical amygdalar area,4,19,-15
LatentSpace_v424,Piriform-amygdalar area,6,28,-22
LatentSpace_v424,Main olfactory bulb,5,10,-5
LatentSpace_v424,Accessory olfactory bulb,28,19,9
LatentSpace_v424,Anterior olfactory nucleus,9,32,-23
LatentSpace_v424,Subiculum,4,35,-31
LatentSpace_v424,Entorhinal area,10,22,-12
LatentSpace_v424,Field CA1,9,25,-16
LatentSpace_v424,Field CA2,9,14,-5
LatentSpace_v424,Field CA3,7,8,-1
LatentSpace_v424,Dentate gyrus,8,3,5
LatentSpace_v424,Anterior cingulate area,37,39,-2
LatentSpace_v424,Infralimbic area,10,26,-16
LatentSpace_v424,Retrosplenial area,28,36,-8
LatentSpace_v424,Prelimbic area,29,35,-6
LatentSpace_v424,Primary auditory area,38,38,0
LatentSpace_v424,Dorsal auditory area,35,38,-3
LatentSpace_v424,Ventral auditory area,38,38,0
LatentSpace_v424,Agranular insular area,21,37,-16
LatentSpace_v424,Ectorhinal area,23,33,-10
LatentSpace_v424,Primary motor area,36,38,-2
LatentSpace_v424,Secondary motor area,38,38,0
LatentSpace_v424,"Frontal pole, cerebral cortex",31,40,-9
LatentSpace_v424,Orbital area,27,35,-8
LatentSpace_v424,Posterior parietal association areas,35,38,-3
LatentSpace_v424,Perirhinal area,18,32,-14
LatentSpace_v424,Primary somatosensory area,33,35,-2
LatentSpace_v424,Supplemental somatosensory area,37,38,-1
LatentSpace_v424,Temporal association areas,33,33,0
LatentSpace_v424,Visual areas,35,38,-3
LatentSpace_v424,Pallidum,13,6,7
LatentSpace_v424,Striatum ventral region,7,3,4
LatentSpace_v424,Lateral septal complex,7,4,3
LatentSpace_v424,Caudoputamen,3,3,0
LatentSpace_v424,Medial amygdalar nucleus,7,7,0
LatentSpace_v424,Hypothalamus,13,9,4
LatentSpace_v424,Thalamus,3,1,2
LatentSpace_v424,Inferior colliculus,4,9,-5
LatentSpace_v424,"Superior colliculus, sensory related",8,10,-2
LatentSpace_v424,Midbrain raphe nuclei,16,12,4
LatentSpace_v424,Midbrain-other,12,10,2
LatentSpace_v424,Periaqueductal gray,13,11,2
LatentSpace_v424,Pons,10,9,1
LatentSpace_v424,Medulla,9,9,0
LatentSpace_v424,Lingula (I),14,34,-20
LatentSpace_v424,Central lobule,9,34,-25
LatentSpace_v424,Culmen,25,34,-9
LatentSpace_v424,Declive (VI),23,28,-5
LatentSpace_v424,Folium-tuber vermis (VII),23,31,-8
LatentSpace_v424,Pyramus (VIII),23,32,-9
LatentSpace_v424,Uvula (IX),26,34,-8
LatentSpace_v424,Nodulus (X),15,35,-20
LatentSpace_v424,Simple lobule,22,29,-7
LatentSpace_v424,Crus 1,22,26,-4
LatentSpace_v424,Crus 2,21,27,-6
LatentSpace_v424,Paramedian lobule,22,33,-11
LatentSpace_v424,Copula pyramidis,23,34,-11
LatentSpace_v424,Flocculus,19,34,-15
LatentSpace_v424,Paraflocculus,23,36,-13
LatentSpace_v424,Cerebellar nuclei,11,11,0
LatentSpace_v425,Cortical subplate-other,10,15,-5
LatentSpace_v425,Claustrum,28,33,-5
LatentSpace_v425,Endopiriform nucleus,12,32,-20
LatentSpace_v425,Olfactory areas-other,15,33,-18
LatentSpace_v425,Postpiriform transition area,11,27,-16
LatentSpace_v425,Piriform area,20,34,-14
LatentSpace_v425,Taenia tecta,15,28,-13
LatentSpace_v425,Cortical amygdalar area,9,19,-10
LatentSpace_v425,Piriform-amygdalar area,12,28,-16
LatentSpace_v425,Main olfactory bulb,3,10,-7
LatentSpace_v425,Accessory olfactory bulb,6,19,-13
LatentSpace_v425,Anterior olfactory nucleus,13,32,-19
LatentSpace_v425,Subiculum,5,35,-30
LatentSpace_v425,Entorhinal area,13,22,-9
LatentSpace_v425,Field CA1,4,25,-21
LatentSpace_v425,Field CA2,6,14,-8
LatentSpace_v425,Field CA3,6,8,-2
LatentSpace_v425,Dentate gyrus,11,3,8
LatentSpace_v425,Anterior cingulate area,33,39,-6
LatentSpace_v425,Infralimbic area,11,26,-15
LatentSpace_v425,Retrosplenial area,25,36,-11
LatentSpace_v425,Prelimbic area,28,35,-7
LatentSpace_v425,Primary auditory area,37,38,-1
LatentSpace_v425,Dorsal auditory area,35,38,-3
LatentSpace_v425,Ventral auditory area,38,38,0
LatentSpace_v425,Agranular insular area,25,37,-12
LatentSpace_v425,Ectorhinal area,23,33,-10
LatentSpace_v425,Primary motor area,35,38,-3
LatentSpace_v425,Secondary motor area,35,38,-3
LatentSpace_v425,"Frontal pole, cerebral cortex",31,40,-9
LatentSpace_v425,Orbital area,25,35,-10
LatentSpace_v425,Posterior parietal association areas,34,38,-4
LatentSpace_v425,Perirhinal area,20,32,-12
LatentSpace_v425,Primary somatosensory area,29,35,-6
LatentSpace_v425,Supplemental somatosensory area,37,38,-1
LatentSpace_v425,Temporal association areas,30,33,-3
LatentSpace_v425,Visual areas,31,38,-7
LatentSpace_v425,Pallidum,7,6,1
LatentSpace_v425,Striatum ventral region,7,3,4
LatentSpace_v425,Lateral septal complex,9,4,5
LatentSpace_v425,Caudoputamen,3,3,0
LatentSpace_v425,Medial amygdalar nucleus,10,7,3
LatentSpace_v425,Hypothalamus,7,9,-2
LatentSpace_v425,Thalamus,5,1,4
LatentSpace_v425,Inferior colliculus,8,9,-1
LatentSpace_v425,"Superior colliculus, sensory related",5,10,-5
LatentSpace_v425,Midbrain raphe nuclei,14,12,2
LatentSpace_v425,Midbrain-other,14,10,4
LatentSpace_v425,Periaqueductal gray,12,11,1
LatentSpace_v425,Pons,11,9,2
LatentSpace_v425,Medulla,12,9,3
LatentSpace_v425,Lingula (I),13,34,-21
LatentSpace_v425,Central lobule,24,34,-10
LatentSpace_v425,Culmen,27,34,-7
LatentSpace_v425,Declive (VI),23,28,-5
LatentSpace_v425,Folium-tuber vermis (VII),23,31,-8
LatentSpace_v425,Pyramus (VIII),23,32,-9
LatentSpace_v425,Uvula (IX),17,34,-17
LatentSpace_v425,Nodulus (X),15,35,-20
LatentSpace_v425,Simple lobule,22,29,-7
LatentSpace_v425,Crus 1,23,26,-3
LatentSpace_v425,Crus 2,23,27,-4
LatentSpace_v425,Paramedian lobule,23,33,-10
LatentSpace_v425,Copula pyramidis,23,34,-11
LatentSpace_v425,Flocculus,21,34,-13
LatentSpace_v425,Paraflocculus,24,36,-12
LatentSpace_v425,Cerebellar nuclei,34,11,23
LatentSpace_v426,Cortical subplate-other,6,15,-9
LatentSpace_v426,Claustrum,27,33,-6
LatentSpace_v426,Endopiriform nucleus,6,32,-26
LatentSpace_v426,Olfactory areas-other,9,33,-24
LatentSpace_v426,Postpiriform transition area,11,27,-16
LatentSpace_v426,Piriform area,12,34,-22
LatentSpace_v426,Taenia tecta,7,28,-21
LatentSpace_v426,Cortical amygdalar area,10,19,-9
LatentSpace_v426,Piriform-amygdalar area,9,28,-19
LatentSpace_v426,Main olfactory bulb,29,10,19
LatentSpace_v426,Accessory olfactory bulb,28,19,9
LatentSpace_v426,Anterior olfactory nucleus,6,32,-26
LatentSpace_v426,Subiculum,4,35,-31
LatentSpace_v426,Entorhinal area,15,22,-7
LatentSpace_v426,Field CA1,7,25,-18
LatentSpace_v426,Field CA2,27,14,13
LatentSpace_v426,Field CA3,6,8,-2
LatentSpace_v426,Dentate gyrus,6,3,3
LatentSpace_v426,Anterior cingulate area,38,39,-1
LatentSpace_v426,Infralimbic area,11,26,-15
LatentSpace_v426,Retrosplenial area,35,36,-1
LatentSpace_v426,Prelimbic area,30,35,-5
LatentSpace_v426,Primary auditory area,38,38,0
LatentSpace_v426,Dorsal auditory area,35,38,-3
LatentSpace_v426,Ventral auditory area,38,38,0
LatentSpace_v426,Agranular insular area,23,37,-14
LatentSpace_v426,Ectorhinal area,24,33,-9
LatentSpace_v426,Primary motor area,35,38,-3
LatentSpace_v426,Secondary motor area,37,38,-1
LatentSpace_v426,"Frontal pole, cerebral cortex",35,40,-5
LatentSpace_v426,Orbital area,24,35,-11
LatentSpace_v426,Posterior parietal association areas,35,38,-3
LatentSpace_v426,Perirhinal area,20,32,-12
LatentSpace_v426,Primary somatosensory area,31,35,-4
LatentSpace_v426,Supplemental somatosensory area,37,38,-1
LatentSpace_v426,Temporal association areas,33,33,0
LatentSpace_v426,Visual areas,35,38,-3
LatentSpace_v426,Pallidum,7,6,1
LatentSpace_v426,Striatum ventral region,5,3,2
LatentSpace_v426,Lateral septal complex,7,4,3
LatentSpace_v426,Caudoputamen,3,3,0
LatentSpace_v426,Medial amygdalar nucleus,7,7,0
LatentSpace_v426,Hypothalamus,9,9,0
LatentSpace_v426,Thalamus,3,1,2
LatentSpace_v426,Inferior colliculus,7,9,-2
LatentSpace_v426,"Superior colliculus, sensory related",6,10,-4
LatentSpace_v426,Midbrain raphe nuclei,15,12,3
LatentSpace_v426,Midbrain-other,14,10,4
LatentSpace_v426,Periaqueductal gray,10,11,-1
LatentSpace_v426,Pons,11,9,2
LatentSpace_v426,Medulla,10,9,1
LatentSpace_v426,Lingula (I),16,34,-18
LatentSpace_v426,Central lobule,24,34,-10
LatentSpace_v426,Culmen,23,34,-11
LatentSpace_v426,Declive (VI),23,28,-5
LatentSpace_v426,Folium-tuber vermis (VII),23,31,-8
LatentSpace_v426,Pyramus (VIII),25,32,-7
LatentSpace_v426,Uvula (IX),34,34,0
LatentSpace_v426,Nodulus (X),31,35,-4
LatentSpace_v426,Simple lobule,22,29,-7
LatentSpace_v426,Crus 1,22,26,-4
LatentSpace_v426,Crus 2,22,27,-5
LatentSpace_v426,Paramedian lobule,22,33,-11
LatentSpace_v426,Copula pyramidis,26,34,-8
LatentSpace_v426,Flocculus,33,34,-1
LatentSpace_v426,Paraflocculus,32,36,-4
LatentSpace_v426,Cerebellar nuclei,33,11,22
LatentSpace_v427,Cortical subplate-other,13,15,-2
LatentSpace_v427,Claustrum,26,33,-7
LatentSpace_v427,Endopiriform nucleus,16,32,-16
LatentSpace_v427,Olfactory areas-other,17,33,-16
LatentSpace_v427,Postpiriform transition area,12,27,-15
LatentSpace_v427,Piriform area,17,34,-17
LatentSpace_v427,Taenia tecta,11,28,-17
LatentSpace_v427,Cortical amygdalar area,12,19,-7
LatentSpace_v427,Piriform-amygdalar area,11,28,-17
LatentSpace_v427,Main olfactory bulb,16,10,6
LatentSpace_v427,Accessory olfactory bulb,26,19,7
LatentSpace_v427,Anterior olfactory nucleus,11,32,-21
LatentSpace_v427,Subiculum,7,35,-28
LatentSpace_v427,Entorhinal area,15,22,-7
LatentSpace_v427,Field CA1,8,25,-17
LatentSpace_v427,Field CA2,7,14,-7
LatentSpace_v427,Field CA3,6,8,-2
LatentSpace_v427,Dentate gyrus,9,3,6
LatentSpace_v427,Anterior cingulate area,36,39,-3
LatentSpace_v427,Infralimbic area,7,26,-19
LatentSpace_v427,Retrosplenial area,25,36,-11
LatentSpace_v427,Prelimbic area,24,35,-11
LatentSpace_v427,Primary auditory area,35,38,-3
LatentSpace_v427,Dorsal auditory area,35,38,-3
LatentSpace_v427,Ventral auditory area,38,38,0
LatentSpace_v427,Agranular insular area,23,37,-14
LatentSpace_v427,Ectorhinal area,23,33,-10
LatentSpace_v427,Primary motor area,35,38,-3
LatentSpace_v427,Secondary motor area,36,38,-2
LatentSpace_v427,"Frontal pole, cerebral cortex",35,40,-5
LatentSpace_v427,Orbital area,23,35,-12
LatentSpace_v427,Posterior parietal association areas,35,38,-3
LatentSpace_v427,Perirhinal area,17,32,-15
LatentSpace_v427,Primary somatosensory area,30,35,-5
LatentSpace_v427,Supplemental somatosensory area,37,38,-1
LatentSpace_v427,Temporal association areas,30,33,-3
LatentSpace_v427,Visual areas,35,38,-3
LatentSpace_v427,Pallidum,7,6,1
LatentSpace_v427,Striatum ventral region,8,3,5
LatentSpace_v427,Lateral septal complex,8,4,4
LatentSpace_v427,Caudoputamen,3,3,0
LatentSpace_v427,Medial amygdalar nucleus,14,7,7
LatentSpace_v427,Hypothalamus,8,9,-1
LatentSpace_v427,Thalamus,4,1,3
LatentSpace_v427,Inferior colliculus,8,9,-1
LatentSpace_v427,"Superior colliculus, sensory related",9,10,-1
LatentSpace_v427,Midbrain raphe nuclei,14,12,2
LatentSpace_v427,Midbrain-other,13,10,3
LatentSpace_v427,Periaqueductal gray,12,11,1
LatentSpace_v427,Pons,11,9,2
LatentSpace_v427,Medulla,13,9,4
LatentSpace_v427,Lingula (I),14,34,-20
LatentSpace_v427,Central lobule,22,34,-12
LatentSpace_v427,Culmen,25,34,-9
LatentSpace_v427,Declive (VI),23,28,-5
LatentSpace_v427,Folium-tuber vermis (VII),23,31,-8
LatentSpace_v427,Pyramus (VIII),25,32,-7
LatentSpace_v427,Uvula (IX),20,34,-14
LatentSpace_v427,Nodulus (X),15,35,-20
LatentSpace_v427,Simple lobule,22,29,-7
LatentSpace_v427,Crus 1,22,26,-4
LatentSpace_v427,Crus 2,21,27,-6
LatentSpace_v427,Paramedian lobule,23,33,-10
LatentSpace_v427,Copula pyramidis,26,34,-8
LatentSpace_v427,Flocculus,32,34,-2
LatentSpace_v427,Paraflocculus,23,36,-13
LatentSpace_v427,Cerebellar nuclei,16,11,5
LatentSpace_v428,Cortical subplate-other,11,15,-4
LatentSpace_v428,Claustrum,24,33,-9
LatentSpace_v428,Endopiriform nucleus,11,32,-21
LatentSpace_v428,Olfactory areas-other,13,33,-20
LatentSpace_v428,Postpiriform transition area,7,27,-20
LatentSpace_v428,Piriform area,14,34,-20
LatentSpace_v428,Taenia tecta,13,28,-15
LatentSpace_v428,Cortical amygdalar area,6,19,-13
LatentSpace_v428,Piriform-amygdalar area,5,28,-23
LatentSpace_v428,Main olfactory bulb,7,10,-3
LatentSpace_v428,Accessory olfactory bulb,26,19,7
LatentSpace_v428,Anterior olfactory nucleus,13,32,-19
LatentSpace_v428,Subiculum,5,35,-30
LatentSpace_v428,Entorhinal area,11,22,-11
LatentSpace_v428,Field CA1,8,25,-17
LatentSpace_v428,Field CA2,8,14,-6
LatentSpace_v428,Field CA3,5,8,-3
LatentSpace_v428,Dentate gyrus,9,3,6
LatentSpace_v428,Anterior cingulate area,35,39,-4
LatentSpace_v428,Infralimbic area,12,26,-14
LatentSpace_v428,Retrosplenial area,25,36,-11
LatentSpace_v428,Prelimbic area,28,35,-7
LatentSpace_v428,Primary auditory area,34,38,-4
LatentSpace_v428,Dorsal auditory area,31,38,-7
LatentSpace_v428,Ventral auditory area,35,38,-3
LatentSpace_v428,Agranular insular area,18,37,-19
LatentSpace_v428,Ectorhinal area,23,33,-10
LatentSpace_v428,Primary motor area,35,38,-3
LatentSpace_v428,Secondary motor area,35,38,-3
LatentSpace_v428,"Frontal pole, cerebral cortex",32,40,-8
LatentSpace_v428,Orbital area,22,35,-13
LatentSpace_v428,Posterior parietal association areas,33,38,-5
LatentSpace_v428,Perirhinal area,12,32,-20
LatentSpace_v428,Primary somatosensory area,31,35,-4
LatentSpace_v428,Supplemental somatosensory area,36,38,-2
LatentSpace_v428,Temporal association areas,28,33,-5
LatentSpace_v428,Visual areas,31,38,-7
LatentSpace_v428,Pallidum,8,6,2
LatentSpace_v428,Striatum ventral region,7,3,4
LatentSpace_v428,Lateral septal complex,9,4,5
LatentSpace_v428,Caudoputamen,3,3,0
LatentSpace_v428,Medial amygdalar nucleus,10,7,3
LatentSpace_v428,Hypothalamus,7,9,-2
LatentSpace_v428,Thalamus,4,1,3
LatentSpace_v428,Inferior colliculus,9,9,0
LatentSpace_v428,"Superior colliculus, sensory related",8,10,-2
LatentSpace_v428,Midbrain raphe nuclei,12,12,0
LatentSpace_v428,Midbrain-other,12,10,2
LatentSpace_v428,Periaqueductal gray,10,11,-1
LatentSpace_v428,Pons,9,9,0
LatentSpace_v428,Medulla,9,9,0
LatentSpace_v428,Lingula (I),12,34,-22
LatentSpace_v428,Central lobule,19,34,-15
LatentSpace_v428,Culmen,24,34,-10
LatentSpace_v428,Declive (VI),23,28,-5
LatentSpace_v428,Folium-tuber vermis (VII),23,31,-8
LatentSpace_v428,Pyramus (VIII),24,32,-8
LatentSpace_v428,Uvula (IX),18,34,-16
LatentSpace_v428,Nodulus (X),12,35,-23
LatentSpace_v428,Simple lobule,23,29,-6
LatentSpace_v428,Crus 1,23,26,-3
LatentSpace_v428,Crus 2,21,27,-6
LatentSpace_v428,Paramedian lobule,23,33,-10
LatentSpace_v428,Copula pyramidis,29,34,-5
LatentSpace_v428,Flocculus,18,34,-16
LatentSpace_v428,Paraflocculus,29,36,-7
LatentSpace_v428,Cerebellar nuclei,16,11,5
LatentSpace_v429,Cortical subplate-other,14,15,-1
LatentSpace_v429,Claustrum,26,33,-7
LatentSpace_v429,Endopiriform nucleus,21,32,-11
LatentSpace_v429,Olfactory areas-other,9,33,-24
LatentSpace_v429,Postpiriform transition area,14,27,-13
LatentSpace_v429,Piriform area,23,34,-11
LatentSpace_v429,Taenia tecta,11,28,-17
LatentSpace_v429,Cortical amygdalar area,15,19,-4
LatentSpace_v429,Piriform-amygdalar area,21,28,-7
LatentSpace_v429,Main olfactory bulb,30,10,20
LatentSpace_v429,Accessory olfactory bulb,13,19,-6
LatentSpace_v429,Anterior olfactory nucleus,7,32,-25
LatentSpace_v429,Subiculum,4,35,-31
LatentSpace_v429,Entorhinal area,20,22,-2
LatentSpace_v429,Field CA1,8,25,-17
LatentSpace_v429,Field CA2,9,14,-5
LatentSpace_v429,Field CA3,6,8,-2
LatentSpace_v429,Dentate gyrus,10,3,7
LatentSpace_v429,Anterior cingulate area,37,39,-2
LatentSpace_v429,Infralimbic area,11,26,-15
LatentSpace_v429,Retrosplenial area,24,36,-12
LatentSpace_v429,Prelimbic area,27,35,-8
LatentSpace_v429,Primary auditory area,36,38,-2
LatentSpace_v429,Dorsal auditory area,35,38,-3
LatentSpace_v429,Ventral auditory area,38,38,0
LatentSpace_v429,Agranular insular area,24,37,-13
LatentSpace_v429,Ectorhinal area,23,33,-10
LatentSpace_v429,Primary motor area,36,38,-2
LatentSpace_v429,Secondary motor area,36,38,-2
LatentSpace_v429,"Frontal pole, cerebral cortex",30,40,-10
LatentSpace_v429,Orbital area,27,35,-8
LatentSpace_v429,Posterior parietal association areas,31,38,-7
LatentSpace_v429,Perirhinal area,21,32,-11
LatentSpace_v429,Primary somatosensory area,32,35,-3
LatentSpace_v429,Supplemental somatosensory area,37,38,-1
LatentSpace_v429,Temporal association areas,32,33,-1
LatentSpace_v429,Visual areas,32,38,-6
LatentSpace_v429,Pallidum,12,6,6
LatentSpace_v429,Striatum ventral region,7,3,4
LatentSpace_v429,Lateral septal complex,11,4,7
LatentSpace_v429,Caudoputamen,3,3,0
LatentSpace_v429,Medial amygdalar nucleus,12,7,5
LatentSpace_v429,Hypothalamus,13,9,4
LatentSpace_v429,Thalamus,5,1,4
LatentSpace_v429,Inferior colliculus,4,9,-5
LatentSpace_v429,"Superior colliculus, sensory related",7,10,-3
LatentSpace_v429,Midbrain raphe nuclei,15,12,3
LatentSpace_v429,Midbrain-other,11,10,1
LatentSpace_v429,Periaqueductal gray,12,11,1
LatentSpace_v429,Pons,10,9,1
LatentSpace_v429,Medulla,10,9,1
LatentSpace_v429,Lingula (I),21,34,-13
LatentSpace_v429,Central lobule,25,34,-9
LatentSpace_v429,Culmen,25,34,-9
LatentSpace_v429,Declive (VI),23,28,-5
LatentSpace_v429,Folium-tuber vermis (VII),23,31,-8
LatentSpace_v429,Pyramus (VIII),29,32,-3
LatentSpace_v429,Uvula (IX),28,34,-6
LatentSpace_v429,Nodulus (X),17,35,-18
LatentSpace_v429,Simple lobule,23,29,-6
LatentSpace_v429,Crus 1,23,26,-3
LatentSpace_v429,Crus 2,23,27,-4
LatentSpace_v429,Paramedian lobule,23,33,-10
LatentSpace_v429,Copula pyramidis,31,34,-3
LatentSpace_v429,Flocculus,24,34,-10
LatentSpace_v429,Paraflocculus,28,36,-8
LatentSpace_v429,Cerebellar nuclei,34,11,23
LatentSpace_v430,Cortical subplate-other,7,15,-8
LatentSpace_v430,Claustrum,30,33,-3
LatentSpace_v430,Endopiriform nucleus,8,32,-24
LatentSpace_v430,Olfactory areas-other,8,33,-25
LatentSpace_v430,Postpiriform transition area,9,27,-18
LatentSpace_v430,Piriform area,10,34,-24
LatentSpace_v430,Taenia tecta,12,28,-16
LatentSpace_v430,Cortical amygdalar area,5,19,-14
LatentSpace_v430,Piriform-amygdalar area,6,28,-22
LatentSpace_v430,Main olfactory bulb,32,10,22
LatentSpace_v430,Accessory olfactory bulb,35,19,16
LatentSpace_v430,Anterior olfactory nucleus,8,32,-24
LatentSpace_v430,Subiculum,4,35,-31
LatentSpace_v430,Entorhinal area,7,22,-15
LatentSpace_v430,Field CA1,5,25,-20
LatentSpace_v430,Field CA2,6,14,-8
LatentSpace_v430,Field CA3,5,8,-3
LatentSpace_v430,Dentate gyrus,7,3,4
LatentSpace_v430,Anterior cingulate area,36,39,-3
LatentSpace_v430,Infralimbic area,11,26,-15
LatentSpace_v430,Retrosplenial area,28,36,-8
LatentSpace_v430,Prelimbic area,25,35,-10
LatentSpace_v430,Primary auditory area,37,38,-1
LatentSpace_v430,Dorsal auditory area,36,38,-2
LatentSpace_v430,Ventral auditory area,39,38,1
LatentSpace_v430,Agranular insular area,20,37,-17
LatentSpace_v430,Ectorhinal area,23,33,-10
LatentSpace_v430,Primary motor area,35,38,-3
LatentSpace_v430,Secondary motor area,36,38,-2
LatentSpace_v430,"Frontal pole, cerebral cortex",33,40,-7
LatentSpace_v430,Orbital area,23,35,-12
LatentSpace_v430,Posterior parietal association areas,35,38,-3
LatentSpace_v430,Perirhinal area,15,32,-17
LatentSpace_v430,Primary somatosensory area,33,35,-2
LatentSpace_v430,Supplemental somatosensory area,36,38,-2
LatentSpace_v430,Temporal association areas,33,33,0
LatentSpace_v430,Visual areas,35,38,-3
LatentSpace_v430,Pallidum,10,6,4
LatentSpace_v430,Striatum ventral region,5,3,2
LatentSpace_v430,Lateral septal complex,7,4,3
LatentSpace_v430,Caudoputamen,3,3,0
LatentSpace_v430,Medial amygdalar nucleus,10,7,3
LatentSpace_v430,Hypothalamus,12,9,3
LatentSpace_v430,Thalamus,8,1,7
LatentSpace_v430,Inferior colliculus,7,9,-2
LatentSpace_v430,"Superior colliculus, sensory related",6,10,-4
LatentSpace_v430,Midbrain raphe nuclei,16,12,4
LatentSpace_v430,Midbrain-other,13,10,3
LatentSpace_v430,Periaqueductal gray,13,11,2
LatentSpace_v430,Pons,11,9,2
LatentSpace_v430,Medulla,9,9,0
LatentSpace_v430,Lingula (I),18,34,-16
LatentSpace_v430,Central lobule,31,34,-3
LatentSpace_v430,Culmen,26,34,-8
LatentSpace_v430,Declive (VI),23,28,-5
LatentSpace_v430,Folium-tuber vermis (VII),28,31,-3
LatentSpace_v430,Pyramus (VIII),33,32,1
LatentSpace_v430,Uvula (IX),35,34,1
LatentSpace_v430,Nodulus (X),16,35,-19
LatentSpace_v430,Simple lobule,23,29,-6
LatentSpace_v430,Crus 1,23,26,-3
LatentSpace_v430,Crus 2,23,27,-4
LatentSpace_v430,Paramedian lobule,26,33,-7
LatentSpace_v430,Copula pyramidis,33,34,-1
LatentSpace_v430,Flocculus,33,34,-1
LatentSpace_v430,Paraflocculus,28,36,-8
LatentSpace_v430,Cerebellar nuclei,16,11,5
LatentSpace_v431,Cortical subplate-other,13,15,-2
LatentSpace_v431,Claustrum,18,33,-15
LatentSpace_v431,Endopiriform nucleus,12,32,-20
LatentSpace_v431,Olfactory areas-other,12,33,-21
LatentSpace_v431,Postpiriform transition area,9,27,-18
LatentSpace_v431,Piriform area,11,34,-23
LatentSpace_v431,Taenia tecta,12,28,-16
LatentSpace_v431,Cortical amygdalar area,9,19,-10
LatentSpace_v431,Piriform-amygdalar area,5,28,-23
LatentSpace_v431,Main olfactory bulb,10,10,0
LatentSpace_v431,Accessory olfactory bulb,8,19,-11
LatentSpace_v431,Anterior olfactory nucleus,10,32,-22
LatentSpace_v431,Subiculum,4,35,-31
LatentSpace_v431,Entorhinal area,9,22,-13
LatentSpace_v431,Field CA1,6,25,-19
LatentSpace_v431,Field CA2,6,14,-8
LatentSpace_v431,Field CA3,6,8,-2
LatentSpace_v431,Dentate gyrus,8,3,5
LatentSpace_v431,Anterior cingulate area,35,39,-4
LatentSpace_v431,Infralimbic area,10,26,-16
LatentSpace_v431,Retrosplenial area,26,36,-10
LatentSpace_v431,Prelimbic area,28,35,-7
LatentSpace_v431,Primary auditory area,36,38,-2
LatentSpace_v431,Dorsal auditory area,35,38,-3
LatentSpace_v431,Ventral auditory area,36,38,-2
LatentSpace_v431,Agranular insular area,25,37,-12
LatentSpace_v431,Ectorhinal area,22,33,-11
LatentSpace_v431,Primary motor area,36,38,-2
LatentSpace_v431,Secondary motor area,35,38,-3
LatentSpace_v431,"Frontal pole, cerebral cortex",33,40,-7
LatentSpace_v431,Orbital area,26,35,-9
LatentSpace_v431,Posterior parietal association areas,35,38,-3
LatentSpace_v431,Perirhinal area,17,32,-15
LatentSpace_v431,Primary somatosensory area,33,35,-2
LatentSpace_v431,Supplemental somatosensory area,36,38,-2
LatentSpace_v431,Temporal association areas,37,33,4
LatentSpace_v431,Visual areas,34,38,-4
LatentSpace_v431,Pallidum,9,6,3
LatentSpace_v431,Striatum ventral region,7,3,4
LatentSpace_v431,Lateral septal complex,9,4,5
LatentSpace_v431,Caudoputamen,3,3,0
LatentSpace_v431,Medial amygdalar nucleus,10,7,3
LatentSpace_v431,Hypothalamus,8,9,-1
LatentSpace_v431,Thalamus,8,1,7
LatentSpace_v431,Inferior colliculus,9,9,0
LatentSpace_v431,"Superior colliculus, sensory related",12,10,2
LatentSpace_v431,Midbrain raphe nuclei,14,12,2
LatentSpace_v431,Midbrain-other,13,10,3
LatentSpace_v431,Periaqueductal gray,13,11,2
LatentSpace_v431,Pons,11,9,2
LatentSpace_v431,Medulla,13,9,4
LatentSpace_v431,Lingula (I),13,34,-21
LatentSpace_v431,Central lobule,11,34,-23
LatentSpace_v431,Culmen,29,34,-5
LatentSpace_v431,Declive (VI),23,28,-5
LatentSpace_v431,Folium-tuber vermis (VII),23,31,-8
LatentSpace_v431,Pyramus (VIII),27,32,-5
LatentSpace_v431,Uvula (IX),31,34,-3
LatentSpace_v431,Nodulus (X),22,35,-13
LatentSpace_v431,Simple lobule,23,29,-6
LatentSpace_v431,Crus 1,22,26,-4
LatentSpace_v431,Crus 2,22,27,-5
LatentSpace_v431,Paramedian lobule,23,33,-10
LatentSpace_v431,Copula pyramidis,24,34,-10
LatentSpace_v431,Flocculus,18,34,-16
LatentSpace_v431,Paraflocculus,25,36,-11
LatentSpace_v431,Cerebellar nuclei,30,11,19
LatentSpace_v432,Cortical subplate-other,11,15,-4
LatentSpace_v432,Claustrum,18,33,-15
LatentSpace_v432,Endopiriform nucleus,17,32,-15
LatentSpace_v432,Olfactory areas-other,17,33,-16
LatentSpace_v432,Postpiriform transition area,14,27,-13
LatentSpace_v432,Piriform area,21,34,-13
LatentSpace_v432,Taenia tecta,14,28,-14
LatentSpace_v432,Cortical amygdalar area,11,19,-8
LatentSpace_v432,Piriform-amygdalar area,11,28,-17
LatentSpace_v432,Main olfactory bulb,21,10,11
LatentSpace_v432,Accessory olfactory bulb,27,19,8
LatentSpace_v432,Anterior olfactory nucleus,16,32,-16
LatentSpace_v432,Subiculum,3,35,-32
LatentSpace_v432,Entorhinal area,20,22,-2
LatentSpace_v432,Field CA1,6,25,-19
LatentSpace_v432,Field CA2,11,14,-3
LatentSpace_v432,Field CA3,6,8,-2
LatentSpace_v432,Dentate gyrus,9,3,6
LatentSpace_v432,Anterior cingulate area,35,39,-4
LatentSpace_v432,Infralimbic area,12,26,-14
LatentSpace_v432,Retrosplenial area,25,36,-11
LatentSpace_v432,Prelimbic area,28,35,-7
LatentSpace_v432,Primary auditory area,36,38,-2
LatentSpace_v432,Dorsal auditory area,35,38,-3
LatentSpace_v432,Ventral auditory area,39,38,1
LatentSpace_v432,Agranular insular area,23,37,-14
LatentSpace_v432,Ectorhinal area,23,33,-10
LatentSpace_v432,Primary motor area,35,38,-3
LatentSpace_v432,Secondary motor area,36,38,-2
LatentSpace_v432,"Frontal pole, cerebral cortex",32,40,-8
LatentSpace_v432,Orbital area,23,35,-12
LatentSpace_v432,Posterior parietal association areas,35,38,-3
LatentSpace_v432,Perirhinal area,22,32,-10
LatentSpace_v432,Primary somatosensory area,30,35,-5
LatentSpace_v432,Supplemental somatosensory area,36,38,-2
LatentSpace_v432,Temporal association areas,30,33,-3
LatentSpace_v432,Visual areas,35,38,-3
LatentSpace_v432,Pallidum,7,6,1
LatentSpace_v432,Striatum ventral region,10,3,7
LatentSpace_v432,Lateral septal complex,9,4,5
LatentSpace_v432,Caudoputamen,3,3,0
LatentSpace_v432,Medial amygdalar nucleus,10,7,3
LatentSpace_v432,Hypothalamus,4,9,-5
LatentSpace_v432,Thalamus,8,1,7
LatentSpace_v432,Inferior colliculus,6,9,-3
LatentSpace_v432,"Superior colliculus, sensory related",5,10,-5
LatentSpace_v432,Midbrain raphe nuclei,14,12,2
LatentSpace_v432,Midbrain-other,12,10,2
LatentSpace_v432,Periaqueductal gray,9,11,-2
LatentSpace_v432,Pons,9,9,0
LatentSpace_v432,Medulla,14,9,5
LatentSpace_v432,Lingula (I),9,34,-25
LatentSpace_v432,Central lobule,20,34,-14
LatentSpace_v432,Culmen,24,34,-10
LatentSpace_v432,Declive (VI),23,28,-5
LatentSpace_v432,Folium-tuber vermis (VII),23,31,-8
LatentSpace_v432,Pyramus (VIII),23,32,-9
LatentSpace_v432,Uvula (IX),32,34,-2
LatentSpace_v432,Nodulus (X),18,35,-17
LatentSpace_v432,Simple lobule,23,29,-6
LatentSpace_v432,Crus 1,23,26,-3
LatentSpace_v432,Crus 2,23,27,-4
LatentSpace_v432,Paramedian lobule,23,33,-10
LatentSpace_v432,Copula pyramidis,25,34,-9
LatentSpace_v432,Flocculus,27,34,-7
LatentSpace_v432,Paraflocculus,20,36,-16
LatentSpace_v432,Cerebellar nuclei,33,11,22
LatentSpace_v433,Cortical subplate-other,8,15,-7
LatentSpace_v433,Claustrum,23,33,-10
LatentSpace_v433,Endopiriform nucleus,13,32,-19
LatentSpace_v433,Olfactory areas-other,18,33,-15
LatentSpace_v433,Postpiriform transition area,10,27,-17
LatentSpace_v433,Piriform area,14,34,-20
LatentSpace_v433,Taenia tecta,12,28,-16
LatentSpace_v433,Cortical amygdalar area,8,19,-11
LatentSpace_v433,Piriform-amygdalar area,8,28,-20
LatentSpace_v433,Main olfactory bulb,28,10,18
LatentSpace_v433,Accessory olfactory bulb,32,19,13
LatentSpace_v433,Anterior olfactory nucleus,18,32,-14
LatentSpace_v433,Subiculum,6,35,-29
LatentSpace_v433,Entorhinal area,9,22,-13
LatentSpace_v433,Field CA1,8,25,-17
LatentSpace_v433,Field CA2,10,14,-4
LatentSpace_v433,Field CA3,6,8,-2
LatentSpace_v433,Dentate gyrus,6,3,3
LatentSpace_v433,Anterior cingulate area,39,39,0
LatentSpace_v433,Infralimbic area,11,26,-15
LatentSpace_v433,Retrosplenial area,33,36,-3
LatentSpace_v433,Prelimbic area,31,35,-4
LatentSpace_v433,Primary auditory area,36,38,-2
LatentSpace_v433,Dorsal auditory area,35,38,-3
LatentSpace_v433,Ventral auditory area,38,38,0
LatentSpace_v433,Agranular insular area,24,37,-13
LatentSpace_v433,Ectorhinal area,26,33,-7
LatentSpace_v433,Primary motor area,36,38,-2
LatentSpace_v433,Secondary motor area,39,38,1
LatentSpace_v433,"Frontal pole, cerebral cortex",32,40,-8
LatentSpace_v433,Orbital area,24,35,-11
LatentSpace_v433,Posterior parietal association areas,35,38,-3
LatentSpace_v433,Perirhinal area,21,32,-11
LatentSpace_v433,Primary somatosensory area,32,35,-3
LatentSpace_v433,Supplemental somatosensory area,37,38,-1
LatentSpace_v433,Temporal association areas,32,33,-1
LatentSpace_v433,Visual areas,35,38,-3
LatentSpace_v433,Pallidum,7,6,1
LatentSpace_v433,Striatum ventral region,4,3,1
LatentSpace_v433,Lateral septal complex,10,4,6
LatentSpace_v433,Caudoputamen,3,3,0
LatentSpace_v433,Medial amygdalar nucleus,11,7,4
LatentSpace_v433,Hypothalamus,8,9,-1
LatentSpace_v433,Thalamus,30,1,29
LatentSpace_v433,Inferior colliculus,7,9,-2
LatentSpace_v433,"Superior colliculus, sensory related",4,10,-6
LatentSpace_v433,Midbrain raphe nuclei,16,12,4
LatentSpace_v433,Midbrain-other,13,10,3
LatentSpace_v433,Periaqueductal gray,12,11,1
LatentSpace_v433,Pons,11,9,2
LatentSpace_v433,Medulla,12,9,3
LatentSpace_v433,Lingula (I),11,34,-23
LatentSpace_v433,Central lobule,14,34,-20
LatentSpace_v433,Culmen,29,34,-5
LatentSpace_v433,Declive (VI),22,28,-6
LatentSpace_v433,Folium-tuber vermis (VII),24,31,-7
LatentSpace_v433,Pyramus (VIII),30,32,-2
LatentSpace_v433,Uvula (IX),25,34,-9
LatentSpace_v433,Nodulus (X),13,35,-22
LatentSpace_v433,Simple lobule,22,29,-7
LatentSpace_v433,Crus 1,22,26,-4
LatentSpace_v433,Crus 2,22,27,-5
LatentSpace_v433,Paramedian lobule,23,33,-10
LatentSpace_v433,Copula pyramidis,33,34,-1
LatentSpace_v433,Flocculus,20,34,-14
LatentSpace_v433,Paraflocculus,23,36,-13
LatentSpace_v433,Cerebellar nuclei,23,11,12
LatentSpace_v434,Cortical subplate-other,10,15,-5
LatentSpace_v434,Claustrum,22,33,-11
LatentSpace_v434,Endopiriform nucleus,17,32,-15
LatentSpace_v434,Olfactory areas-other,15,33,-18
LatentSpace_v434,Postpiriform transition area,10,27,-17
LatentSpace_v434,Piriform area,17,34,-17
LatentSpace_v434,Taenia tecta,11,28,-17
LatentSpace_v434,Cortical amygdalar area,7,19,-12
LatentSpace_v434,Piriform-amygdalar area,10,28,-18
LatentSpace_v434,Main olfactory bulb,3,10,-7
LatentSpace_v434,Accessory olfactory bulb,25,19,6
LatentSpace_v434,Anterior olfactory nucleus,8,32,-24
LatentSpace_v434,Subiculum,8,35,-27
LatentSpace_v434,Entorhinal area,12,22,-10
LatentSpace_v434,Field CA1,7,25,-18
LatentSpace_v434,Field CA2,8,14,-6
LatentSpace_v434,Field CA3,8,8,0
LatentSpace_v434,Dentate gyrus,9,3,6
LatentSpace_v434,Anterior cingulate area,36,39,-3
LatentSpace_v434,Infralimbic area,12,26,-14
LatentSpace_v434,Retrosplenial area,25,36,-11
LatentSpace_v434,Prelimbic area,23,35,-12
LatentSpace_v434,Primary auditory area,35,38,-3
LatentSpace_v434,Dorsal auditory area,35,38,-3
LatentSpace_v434,Ventral auditory area,38,38,0
LatentSpace_v434,Agranular insular area,15,37,-22
LatentSpace_v434,Ectorhinal area,23,33,-10
LatentSpace_v434,Primary motor area,36,38,-2
LatentSpace_v434,Secondary motor area,36,38,-2
LatentSpace_v434,"Frontal pole, cerebral cortex",27,40,-13
LatentSpace_v434,Orbital area,21,35,-14
LatentSpace_v434,Posterior parietal association areas,35,38,-3
LatentSpace_v434,Perirhinal area,16,32,-16
LatentSpace_v434,Primary somatosensory area,34,35,-1
LatentSpace_v434,Supplemental somatosensory area,36,38,-2
LatentSpace_v434,Temporal association areas,30,33,-3
LatentSpace_v434,Visual areas,34,38,-4
LatentSpace_v434,Pallidum,7,6,1
LatentSpace_v434,Striatum ventral region,8,3,5
LatentSpace_v434,Lateral septal complex,11,4,7
LatentSpace_v434,Caudoputamen,3,3,0
LatentSpace_v434,Medial amygdalar nucleus,10,7,3
LatentSpace_v434,Hypothalamus,8,9,-1
LatentSpace_v434,Thalamus,5,1,4
LatentSpace_v434,Inferior colliculus,6,9,-3
LatentSpace_v434,"Superior colliculus, sensory related",4,10,-6
LatentSpace_v434,Midbrain raphe nuclei,13,12,1
LatentSpace_v434,Midbrain-other,9,10,-1
LatentSpace_v434,Periaqueductal gray,6,11,-5
LatentSpace_v434,Pons,10,9,1
LatentSpace_v434,Medulla,11,9,2
LatentSpace_v434,Lingula (I),13,34,-21
LatentSpace_v434,Central lobule,15,34,-19
LatentSpace_v434,Culmen,31,34,-3
LatentSpace_v434,Declive (VI),23,28,-5
LatentSpace_v434,Folium-tuber vermis (VII),23,31,-8
LatentSpace_v434,Pyramus (VIII),23,32,-9
LatentSpace_v434,Uvula (IX),31,34,-3
LatentSpace_v434,Nodulus (X),17,35,-18
LatentSpace_v434,Simple lobule,27,29,-2
LatentSpace_v434,Crus 1,24,26,-2
LatentSpace_v434,Crus 2,23,27,-4
LatentSpace_v434,Paramedian lobule,23,33,-10
LatentSpace_v434,Copula pyramidis,25,34,-9
LatentSpace_v434,Flocculus,33,34,-1
LatentSpace_v434,Paraflocculus,23,36,-13
LatentSpace_v434,Cerebellar nuclei,15,11,4
LatentSpace_v435,Cortical subplate-other,8,15,-7
LatentSpace_v435,Claustrum,23,33,-10
LatentSpace_v435,Endopiriform nucleus,9,32,-23
LatentSpace_v435,Olfactory areas-other,16,33,-17
LatentSpace_v435,Postpiriform transition area,10,27,-17
LatentSpace_v435,Piriform area,13,34,-21
LatentSpace_v435,Taenia tecta,13,28,-15
LatentSpace_v435,Cortical amygdalar area,6,19,-13
LatentSpace_v435,Piriform-amygdalar area,6,28,-22
LatentSpace_v435,Main olfactory bulb,41,10,31
LatentSpace_v435,Accessory olfactory bulb,37,19,18
LatentSpace_v435,Anterior olfactory nucleus,18,32,-14
LatentSpace_v435,Subiculum,6,35,-29
LatentSpace_v435,Entorhinal area,9,22,-13
LatentSpace_v435,Field CA1,7,25,-18
LatentSpace_v435,Field CA2,8,14,-6
LatentSpace_v435,Field CA3,6,8,-2
LatentSpace_v435,Dentate gyrus,6,3,3
LatentSpace_v435,Anterior cingulate area,38,39,-1
LatentSpace_v435,Infralimbic area,10,26,-16
LatentSpace_v435,Retrosplenial area,26,36,-10
LatentSpace_v435,Prelimbic area,28,35,-7
LatentSpace_v435,Primary auditory area,37,38,-1
LatentSpace_v435,Dorsal auditory area,36,38,-2
LatentSpace_v435,Ventral auditory area,33,38,-5
LatentSpace_v435,Agranular insular area,23,37,-14
LatentSpace_v435,Ectorhinal area,22,33,-11
LatentSpace_v435,Primary motor area,35,38,-3
LatentSpace_v435,Secondary motor area,35,38,-3
LatentSpace_v435,"Frontal pole, cerebral cortex",36,40,-4
LatentSpace_v435,Orbital area,23,35,-12
LatentSpace_v435,Posterior parietal association areas,35,38,-3
LatentSpace_v435,Perirhinal area,12,32,-20
LatentSpace_v435,Primary somatosensory area,31,35,-4
LatentSpace_v435,Supplemental somatosensory area,37,38,-1
LatentSpace_v435,Temporal association areas,25,33,-8
LatentSpace_v435,Visual areas,35,38,-3
LatentSpace_v435,Pallidum,13,6,7
LatentSpace_v435,Striatum ventral region,7,3,4
LatentSpace_v435,Lateral septal complex,11,4,7
LatentSpace_v435,Caudoputamen,3,3,0
LatentSpace_v435,Medial amygdalar nucleus,7,7,0
LatentSpace_v435,Hypothalamus,10,9,1
LatentSpace_v435,Thalamus,4,1,3
LatentSpace_v435,Inferior colliculus,10,9,1
LatentSpace_v435,"Superior colliculus, sensory related",14,10,4
LatentSpace_v435,Midbrain raphe nuclei,13,12,1
LatentSpace_v435,Midbrain-other,14,10,4
LatentSpace_v435,Periaqueductal gray,12,11,1
LatentSpace_v435,Pons,9,9,0
LatentSpace_v435,Medulla,13,9,4
LatentSpace_v435,Lingula (I),13,34,-21
LatentSpace_v435,Central lobule,16,34,-18
LatentSpace_v435,Culmen,27,34,-7
LatentSpace_v435,Declive (VI),23,28,-5
LatentSpace_v435,Folium-tuber vermis (VII),24,31,-7
LatentSpace_v435,Pyramus (VIII),26,32,-6
LatentSpace_v435,Uvula (IX),31,34,-3
LatentSpace_v435,Nodulus (X),30,35,-5
LatentSpace_v435,Simple lobule,22,29,-7
LatentSpace_v435,Crus 1,22,26,-4
LatentSpace_v435,Crus 2,23,27,-4
LatentSpace_v435,Paramedian lobule,23,33,-10
LatentSpace_v435,Copula pyramidis,24,34,-10
LatentSpace_v435,Flocculus,30,34,-4
LatentSpace_v435,Paraflocculus,25,36,-11
LatentSpace_v435,Cerebellar nuclei,16,11,5
LatentSpace_v436,Cortical subplate-other,8,15,-7
LatentSpace_v436,Claustrum,26,33,-7
LatentSpace_v436,Endopiriform nucleus,13,32,-19
LatentSpace_v436,Olfactory areas-other,12,33,-21
LatentSpace_v436,Postpiriform transition area,11,27,-16
LatentSpace_v436,Piriform area,13,34,-21
LatentSpace_v436,Taenia tecta,12,28,-16
LatentSpace_v436,Cortical amygdalar area,9,19,-10
LatentSpace_v436,Piriform-amygdalar area,11,28,-17
LatentSpace_v436,Main olfactory bulb,32,10,22
LatentSpace_v436,Accessory olfactory bulb,5,19,-14
LatentSpace_v436,Anterior olfactory nucleus,10,32,-22
LatentSpace_v436,Subiculum,20,35,-15
LatentSpace_v436,Entorhinal area,16,22,-6
LatentSpace_v436,Field CA1,7,25,-18
LatentSpace_v436,Field CA2,7,14,-7
LatentSpace_v436,Field CA3,6,8,-2
LatentSpace_v436,Dentate gyrus,7,3,4
LatentSpace_v436,Anterior cingulate area,36,39,-3
LatentSpace_v436,Infralimbic area,11,26,-15
LatentSpace_v436,Retrosplenial area,31,36,-5
LatentSpace_v436,Prelimbic area,28,35,-7
LatentSpace_v436,Primary auditory area,37,38,-1
LatentSpace_v436,Dorsal auditory area,35,38,-3
LatentSpace_v436,Ventral auditory area,37,38,-1
LatentSpace_v436,Agranular insular area,21,37,-16
LatentSpace_v436,Ectorhinal area,27,33,-6
LatentSpace_v436,Primary motor area,35,38,-3
LatentSpace_v436,Secondary motor area,36,38,-2
LatentSpace_v436,"Frontal pole, cerebral cortex",28,40,-12
LatentSpace_v436,Orbital area,24,35,-11
LatentSpace_v436,Posterior parietal association areas,35,38,-3
LatentSpace_v436,Perirhinal area,24,32,-8
LatentSpace_v436,Primary somatosensory area,31,35,-4
LatentSpace_v436,Supplemental somatosensory area,36,38,-2
LatentSpace_v436,Temporal association areas,36,33,3
LatentSpace_v436,Visual areas,35,38,-3
LatentSpace_v436,Pallidum,10,6,4
LatentSpace_v436,Striatum ventral region,8,3,5
LatentSpace_v436,Lateral septal complex,11,4,7
LatentSpace_v436,Caudoputamen,3,3,0
LatentSpace_v436,Medial amygdalar nucleus,10,7,3
LatentSpace_v436,Hypothalamus,8,9,-1
LatentSpace_v436,Thalamus,6,1,5
LatentSpace_v436,Inferior colliculus,6,9,-3
LatentSpace_v436,"Superior colliculus, sensory related",9,10,-1
LatentSpace_v436,Midbrain raphe nuclei,13,12,1
LatentSpace_v436,Midbrain-other,9,10,-1
LatentSpace_v436,Periaqueductal gray,8,11,-3
LatentSpace_v436,Pons,11,9,2
LatentSpace_v436,Medulla,12,9,3
LatentSpace_v436,Lingula (I),12,34,-22
LatentSpace_v436,Central lobule,20,34,-14
LatentSpace_v436,Culmen,29,34,-5
LatentSpace_v436,Declive (VI),22,28,-6
LatentSpace_v436,Folium-tuber vermis (VII),24,31,-7
LatentSpace_v436,Pyramus (VIII),28,32,-4
LatentSpace_v436,Uvula (IX),31,34,-3
LatentSpace_v436,Nodulus (X),16,35,-19
LatentSpace_v436,Simple lobule,22,29,-7
LatentSpace_v436,Crus 1,22,26,-4
LatentSpace_v436,Crus 2,22,27,-5
LatentSpace_v436,Paramedian lobule,23,33,-10
LatentSpace_v436,Copula pyramidis,28,34,-6
LatentSpace_v436,Flocculus,29,34,-5
LatentSpace_v436,Paraflocculus,33,36,-3
LatentSpace_v436,Cerebellar nuclei,14,11,3
LatentSpace_v437,Cortical subplate-other,7,15,-8
LatentSpace_v437,Claustrum,24,33,-9
LatentSpace_v437,Endopiriform nucleus,11,32,-21
LatentSpace_v437,Olfactory areas-other,10,33,-23
LatentSpace_v437,Postpiriform transition area,7,27,-20
LatentSpace_v437,Piriform area,7,34,-27
LatentSpace_v437,Taenia tecta,16,28,-12
LatentSpace_v437,Cortical amygdalar area,4,19,-15
LatentSpace_v437,Piriform-amygdalar area,5,28,-23
LatentSpace_v437,Main olfactory bulb,29,10,19
LatentSpace_v437,Accessory olfactory bulb,25,19,6
LatentSpace_v437,Anterior olfactory nucleus,10,32,-22
LatentSpace_v437,Subiculum,4,35,-31
LatentSpace_v437,Entorhinal area,7,22,-15
LatentSpace_v437,Field CA1,7,25,-18
LatentSpace_v437,Field CA2,32,14,18
LatentSpace_v437,Field CA3,5,8,-3
LatentSpace_v437,Dentate gyrus,6,3,3
LatentSpace_v437,Anterior cingulate area,40,39,1
LatentSpace_v437,Infralimbic area,8,26,-18
LatentSpace_v437,Retrosplenial area,26,36,-10
LatentSpace_v437,Prelimbic area,31,35,-4
LatentSpace_v437,Primary auditory area,38,38,0
LatentSpace_v437,Dorsal auditory area,37,38,-1
LatentSpace_v437,Ventral auditory area,39,38,1
LatentSpace_v437,Agranular insular area,24,37,-13
LatentSpace_v437,Ectorhinal area,24,33,-9
LatentSpace_v437,Primary motor area,35,38,-3
LatentSpace_v437,Secondary motor area,37,38,-1
LatentSpace_v437,"Frontal pole, cerebral cortex",35,40,-5
LatentSpace_v437,Orbital area,27,35,-8
LatentSpace_v437,Posterior parietal association areas,35,38,-3
LatentSpace_v437,Perirhinal area,19,32,-13
LatentSpace_v437,Primary somatosensory area,35,35,0
LatentSpace_v437,Supplemental somatosensory area,39,38,1
LatentSpace_v437,Temporal association areas,32,33,-1
LatentSpace_v437,Visual areas,35,38,-3
LatentSpace_v437,Pallidum,8,6,2
LatentSpace_v437,Striatum ventral region,7,3,4
LatentSpace_v437,Lateral septal complex,13,4,9
LatentSpace_v437,Caudoputamen,3,3,0
LatentSpace_v437,Medial amygdalar nucleus,10,7,3
LatentSpace_v437,Hypothalamus,9,9,0
LatentSpace_v437,Thalamus,7,1,6
LatentSpace_v437,Inferior colliculus,3,9,-6
LatentSpace_v437,"Superior colliculus, sensory related",4,10,-6
LatentSpace_v437,Midbrain raphe nuclei,14,12,2
LatentSpace_v437,Midbrain-other,10,10,0
LatentSpace_v437,Periaqueductal gray,10,11,-1
LatentSpace_v437,Pons,10,9,1
LatentSpace_v437,Medulla,20,9,11
LatentSpace_v437,Lingula (I),10,34,-24
LatentSpace_v437,Central lobule,20,34,-14
LatentSpace_v437,Culmen,26,34,-8
LatentSpace_v437,Declive (VI),22,28,-6
LatentSpace_v437,Folium-tuber vermis (VII),23,31,-8
LatentSpace_v437,Pyramus (VIII),23,32,-9
LatentSpace_v437,Uvula (IX),25,34,-9
LatentSpace_v437,Nodulus (X),13,35,-22
LatentSpace_v437,Simple lobule,23,29,-6
LatentSpace_v437,Crus 1,22,26,-4
LatentSpace_v437,Crus 2,22,27,-5
LatentSpace_v437,Paramedian lobule,23,33,-10
LatentSpace_v437,Copula pyramidis,23,34,-11
LatentSpace_v437,Flocculus,22,34,-12
LatentSpace_v437,Paraflocculus,25,36,-11
LatentSpace_v437,Cerebellar nuclei,30,11,19
LatentSpace_v438,Cortical subplate-other,11,15,-4
LatentSpace_v438,Claustrum,19,33,-14
LatentSpace_v438,Endopiriform nucleus,10,32,-22
LatentSpace_v438,Olfactory areas-other,19,33,-14
LatentSpace_v438,Postpiriform transition area,12,27,-15
LatentSpace_v438,Piriform area,15,34,-19
LatentSpace_v438,Taenia tecta,12,28,-16
LatentSpace_v438,Cortical amygdalar area,10,19,-9
LatentSpace_v438,Piriform-amygdalar area,10,28,-18
LatentSpace_v438,Main olfactory bulb,22,10,12
LatentSpace_v438,Accessory olfactory bulb,32,19,13
LatentSpace_v438,Anterior olfactory nucleus,11,32,-21
LatentSpace_v438,Subiculum,6,35,-29
LatentSpace_v438,Entorhinal area,9,22,-13
LatentSpace_v438,Field CA1,7,25,-18
LatentSpace_v438,Field CA2,27,14,13
LatentSpace_v438,Field CA3,7,8,-1
LatentSpace_v438,Dentate gyrus,7,3,4
LatentSpace_v438,Anterior cingulate area,38,39,-1
LatentSpace_v438,Infralimbic area,12,26,-14
LatentSpace_v438,Retrosplenial area,29,36,-7
LatentSpace_v438,Prelimbic area,28,35,-7
LatentSpace_v438,Primary auditory area,35,38,-3
LatentSpace_v438,Dorsal auditory area,35,38,-3
LatentSpace_v438,Ventral auditory area,38,38,0
LatentSpace_v438,Agranular insular area,24,37,-13
LatentSpace_v438,Ectorhinal area,22,33,-11
LatentSpace_v438,Primary motor area,35,38,-3
LatentSpace_v438,Secondary motor area,36,38,-2
LatentSpace_v438,"Frontal pole, cerebral cortex",35,40,-5
LatentSpace_v438,Orbital area,24,35,-11
LatentSpace_v438,Posterior parietal association areas,35,38,-3
LatentSpace_v438,Perirhinal area,16,32,-16
LatentSpace_v438,Primary somatosensory area,32,35,-3
LatentSpace_v438,Supplemental somatosensory area,37,38,-1
LatentSpace_v438,Temporal association areas,31,33,-2
LatentSpace_v438,Visual areas,35,38,-3
LatentSpace_v438,Pallidum,7,6,1
LatentSpace_v438,Striatum ventral region,4,3,1
LatentSpace_v438,Lateral septal complex,13,4,9
LatentSpace_v438,Caudoputamen,3,3,0
LatentSpace_v438,Medial amygdalar nucleus,11,7,4
LatentSpace_v438,Hypothalamus,13,9,4
LatentSpace_v438,Thalamus,6,1,5
LatentSpace_v438,Inferior colliculus,3,9,-6
LatentSpace_v438,"Superior colliculus, sensory related",4,10,-6
LatentSpace_v438,Midbrain raphe nuclei,15,12,3
LatentSpace_v438,Midbrain-other,11,10,1
LatentSpace_v438,Periaqueductal gray,12,11,1
LatentSpace_v438,Pons,12,9,3
LatentSpace_v438,Medulla,13,9,4
LatentSpace_v438,Lingula (I),17,34,-17
LatentSpace_v438,Central lobule,26,34,-8
LatentSpace_v438,Culmen,25,34,-9
LatentSpace_v438,Declive (VI),23,28,-5
LatentSpace_v438,Folium-tuber vermis (VII),23,31,-8
LatentSpace_v438,Pyramus (VIII),23,32,-9
LatentSpace_v438,Uvula (IX),32,34,-2
LatentSpace_v438,Nodulus (X),21,35,-14
LatentSpace_v438,Simple lobule,22,29,-7
LatentSpace_v438,Crus 1,22,26,-4
LatentSpace_v438,Crus 2,22,27,-5
LatentSpace_v438,Paramedian lobule,23,33,-10
LatentSpace_v438,Copula pyramidis,24,34,-10
LatentSpace_v438,Flocculus,30,34,-4
LatentSpace_v438,Paraflocculus,34,36,-2
LatentSpace_v438,Cerebellar nuclei,21,11,10
LatentSpace_v439,Cortical subplate-other,5,15,-10
LatentSpace_v439,Claustrum,23,33,-10
LatentSpace_v439,Endopiriform nucleus,8,32,-24
LatentSpace_v439,Olfactory areas-other,13,33,-20
LatentSpace_v439,Postpiriform transition area,6,27,-21
LatentSpace_v439,Piriform area,9,34,-25
LatentSpace_v439,Taenia tecta,9,28,-19
LatentSpace_v439,Cortical amygdalar area,4,19,-15
LatentSpace_v439,Piriform-amygdalar area,6,28,-22
LatentSpace_v439,Main olfactory bulb,10,10,0
LatentSpace_v439,Accessory olfactory bulb,22,19,3
LatentSpace_v439,Anterior olfactory nucleus,13,32,-19
LatentSpace_v439,Subiculum,3,35,-32
LatentSpace_v439,Entorhinal area,9,22,-13
LatentSpace_v439,Field CA1,5,25,-20
LatentSpace_v439,Field CA2,6,14,-8
LatentSpace_v439,Field CA3,5,8,-3
LatentSpace_v439,Dentate gyrus,6,3,3
LatentSpace_v439,Anterior cingulate area,34,39,-5
LatentSpace_v439,Infralimbic area,8,26,-18
LatentSpace_v439,Retrosplenial area,24,36,-12
LatentSpace_v439,Prelimbic area,26,35,-9
LatentSpace_v439,Primary auditory area,36,38,-2
LatentSpace_v439,Dorsal auditory area,35,38,-3
LatentSpace_v439,Ventral auditory area,38,38,0
LatentSpace_v439,Agranular insular area,24,37,-13
LatentSpace_v439,Ectorhinal area,22,33,-11
LatentSpace_v439,Primary motor area,35,38,-3
LatentSpace_v439,Secondary motor area,35,38,-3
LatentSpace_v439,"Frontal pole, cerebral cortex",33,40,-7
LatentSpace_v439,Orbital area,23,35,-12
LatentSpace_v439,Posterior parietal association areas,33,38,-5
LatentSpace_v439,Perirhinal area,14,32,-18
LatentSpace_v439,Primary somatosensory area,33,35,-2
LatentSpace_v439,Supplemental somatosensory area,37,38,-1
LatentSpace_v439,Temporal association areas,28,33,-5
LatentSpace_v439,Visual areas,35,38,-3
LatentSpace_v439,Pallidum,7,6,1
LatentSpace_v439,Striatum ventral region,4,3,1
LatentSpace_v439,Lateral septal complex,11,4,7
LatentSpace_v439,Caudoputamen,3,3,0
LatentSpace_v439,Medial amygdalar nucleus,7,7,0
LatentSpace_v439,Hypothalamus,10,9,1
LatentSpace_v439,Thalamus,7,1,6
LatentSpace_v439,Inferior colliculus,8,9,-1
LatentSpace_v439,"Superior colliculus, sensory related",8,10,-2
LatentSpace_v439,Midbrain raphe nuclei,14,12,2
LatentSpace_v439,Midbrain-other,13,10,3
LatentSpace_v439,Periaqueductal gray,12,11,1
LatentSpace_v439,Pons,11,9,2
LatentSpace_v439,Medulla,12,9,3
LatentSpace_v439,Lingula (I),16,34,-18
LatentSpace_v439,Central lobule,17,34,-17
LatentSpace_v439,Culmen,25,34,-9
LatentSpace_v439,Declive (VI),23,28,-5
LatentSpace_v439,Folium-tuber vermis (VII),23,31,-8
LatentSpace_v439,Pyramus (VIII),23,32,-9
LatentSpace_v439,Uvula (IX),34,34,0
LatentSpace_v439,Nodulus (X),20,35,-15
LatentSpace_v439,Simple lobule,22,29,-7
LatentSpace_v439,Crus 1,22,26,-4
LatentSpace_v439,Crus 2,22,27,-5
LatentSpace_v439,Paramedian lobule,23,33,-10
LatentSpace_v439,Copula pyramidis,23,34,-11
LatentSpace_v439,Flocculus,28,34,-6
LatentSpace_v439,Paraflocculus,26,36,-10
LatentSpace_v439,Cerebellar nuclei,14,11,3
LatentSpace_v440,Cortical subplate-other,5,15,-10
LatentSpace_v440,Claustrum,26,33,-7
LatentSpace_v440,Endopiriform nucleus,9,32,-23
LatentSpace_v440,Olfactory areas-other,5,33,-28
LatentSpace_v440,Postpiriform transition area,11,27,-16
LatentSpace_v440,Piriform area,13,34,-21
LatentSpace_v440,Taenia tecta,3,28,-25
LatentSpace_v440,Cortical amygdalar area,5,19,-14
LatentSpace_v440,Piriform-amygdalar area,8,28,-20
LatentSpace_v440,Main olfactory bulb,21,10,11
LatentSpace_v440,Accessory olfactory bulb,35,19,16
LatentSpace_v440,Anterior olfactory nucleus,5,32,-27
LatentSpace_v440,Subiculum,3,35,-32
LatentSpace_v440,Entorhinal area,9,22,-13
LatentSpace_v440,Field CA1,5,25,-20
LatentSpace_v440,Field CA2,7,14,-7
LatentSpace_v440,Field CA3,6,8,-2
LatentSpace_v440,Dentate gyrus,9,3,6
LatentSpace_v440,Anterior cingulate area,37,39,-2
LatentSpace_v440,Infralimbic area,23,26,-3
LatentSpace_v440,Retrosplenial area,30,36,-6
LatentSpace_v440,Prelimbic area,27,35,-8
LatentSpace_v440,Primary auditory area,35,38,-3
LatentSpace_v440,Dorsal auditory area,35,38,-3
LatentSpace_v440,Ventral auditory area,37,38,-1
LatentSpace_v440,Agranular insular area,18,37,-19
LatentSpace_v440,Ectorhinal area,24,33,-9
LatentSpace_v440,Primary motor area,35,38,-3
LatentSpace_v440,Secondary motor area,37,38,-1
LatentSpace_v440,"Frontal pole, cerebral cortex",24,40,-16
LatentSpace_v440,Orbital area,23,35,-12
LatentSpace_v440,Posterior parietal association areas,35,38,-3
LatentSpace_v440,Perirhinal area,15,32,-17
LatentSpace_v440,Primary somatosensory area,31,35,-4
LatentSpace_v440,Supplemental somatosensory area,37,38,-1
LatentSpace_v440,Temporal association areas,31,33,-2
LatentSpace_v440,Visual areas,35,38,-3
LatentSpace_v440,Pallidum,6,6,0
LatentSpace_v440,Striatum ventral region,5,3,2
LatentSpace_v440,Lateral septal complex,6,4,2
LatentSpace_v440,Caudoputamen,3,3,0
LatentSpace_v440,Medial amygdalar nucleus,5,7,-2
LatentSpace_v440,Hypothalamus,6,9,-3
LatentSpace_v440,Thalamus,3,1,2
LatentSpace_v440,Inferior colliculus,13,9,4
LatentSpace_v440,"Superior colliculus, sensory related",17,10,7
LatentSpace_v440,Midbrain raphe nuclei,14,12,2
LatentSpace_v440,Midbrain-other,10,10,0
LatentSpace_v440,Periaqueductal gray,10,11,-1
LatentSpace_v440,Pons,11,9,2
LatentSpace_v440,Medulla,12,9,3
LatentSpace_v440,Lingula (I),13,34,-21
LatentSpace_v440,Central lobule,26,34,-8
LatentSpace_v440,Culmen,30,34,-4
LatentSpace_v440,Declive (VI),23,28,-5
LatentSpace_v440,Folium-tuber vermis (VII),25,31,-6
LatentSpace_v440,Pyramus (VIII),31,32,-1
LatentSpace_v440,Uvula (IX),24,34,-10
LatentSpace_v440,Nodulus (X),17,35,-18
LatentSpace_v440,Simple lobule,25,29,-4
LatentSpace_v440,Crus 1,23,26,-3
LatentSpace_v440,Crus 2,23,27,-4
LatentSpace_v440,Paramedian lobule,24,33,-9
LatentSpace_v440,Copula pyramidis,27,34,-7
LatentSpace_v440,Flocculus,18,34,-16
LatentSpace_v440,Paraflocculus,25,36,-11
LatentSpace_v440,Cerebellar nuclei,15,11,4
LatentSpace_v441,Cortical subplate-other,9,15,-6
LatentSpace_v441,Claustrum,24,33,-9
LatentSpace_v441,Endopiriform nucleus,24,32,-8
LatentSpace_v441,Olfactory areas-other,13,33,-20
LatentSpace_v441,Postpiriform transition area,11,27,-16
LatentSpace_v441,Piriform area,20,34,-14
LatentSpace_v441,Taenia tecta,9,28,-19
LatentSpace_v441,Cortical amygdalar area,5,19,-14
LatentSpace_v441,Piriform-amygdalar area,11,28,-17
LatentSpace_v441,Main olfactory bulb,7,10,-3
LatentSpace_v441,Accessory olfactory bulb,24,19,5
LatentSpace_v441,Anterior olfactory nucleus,9,32,-23
LatentSpace_v441,Subiculum,5,35,-30
LatentSpace_v441,Entorhinal area,17,22,-5
LatentSpace_v441,Field CA1,11,25,-14
LatentSpace_v441,Field CA2,11,14,-3
LatentSpace_v441,Field CA3,7,8,-1
LatentSpace_v441,Dentate gyrus,9,3,6
LatentSpace_v441,Anterior cingulate area,35,39,-4
LatentSpace_v441,Infralimbic area,9,26,-17
LatentSpace_v441,Retrosplenial area,28,36,-8
LatentSpace_v441,Prelimbic area,28,35,-7
LatentSpace_v441,Primary auditory area,37,38,-1
LatentSpace_v441,Dorsal auditory area,35,38,-3
LatentSpace_v441,Ventral auditory area,36,38,-2
LatentSpace_v441,Agranular insular area,23,37,-14
LatentSpace_v441,Ectorhinal area,22,33,-11
LatentSpace_v441,Primary motor area,35,38,-3
LatentSpace_v441,Secondary motor area,36,38,-2
LatentSpace_v441,"Frontal pole, cerebral cortex",34,40,-6
LatentSpace_v441,Orbital area,24,35,-11
LatentSpace_v441,Posterior parietal association areas,35,38,-3
LatentSpace_v441,Perirhinal area,20,32,-12
LatentSpace_v441,Primary somatosensory area,32,35,-3
LatentSpace_v441,Supplemental somatosensory area,37,38,-1
LatentSpace_v441,Temporal association areas,26,33,-7
LatentSpace_v441,Visual areas,35,38,-3
LatentSpace_v441,Pallidum,5,6,-1
LatentSpace_v441,Striatum ventral region,4,3,1
LatentSpace_v441,Lateral septal complex,6,4,2
LatentSpace_v441,Caudoputamen,3,3,0
LatentSpace_v441,Medial amygdalar nucleus,7,7,0
LatentSpace_v441,Hypothalamus,6,9,-3
LatentSpace_v441,Thalamus,11,1,10
LatentSpace_v441,Inferior colliculus,7,9,-2
LatentSpace_v441,"Superior colliculus, sensory related",12,10,2
LatentSpace_v441,Midbrain raphe nuclei,13,12,1
LatentSpace_v441,Midbrain-other,13,10,3
LatentSpace_v441,Periaqueductal gray,12,11,1
LatentSpace_v441,Pons,9,9,0
LatentSpace_v441,Medulla,9,9,0
LatentSpace_v441,Lingula (I),13,34,-21
LatentSpace_v441,Central lobule,15,34,-19
LatentSpace_v441,Culmen,25,34,-9
LatentSpace_v441,Declive (VI),23,28,-5
LatentSpace_v441,Folium-tuber vermis (VII),23,31,-8
LatentSpace_v441,Pyramus (VIII),23,32,-9
LatentSpace_v441,Uvula (IX),29,34,-5
LatentSpace_v441,Nodulus (X),14,35,-21
LatentSpace_v441,Simple lobule,23,29,-6
LatentSpace_v441,Crus 1,22,26,-4
LatentSpace_v441,Crus 2,22,27,-5
LatentSpace_v441,Paramedian lobule,23,33,-10
LatentSpace_v441,Copula pyramidis,25,34,-9
LatentSpace_v441,Flocculus,34,34,0
LatentSpace_v441,Paraflocculus,24,36,-12
LatentSpace_v441,Cerebellar nuclei,12,11,1
LatentSpace_v442,Cortical subplate-other,11,15,-4
LatentSpace_v442,Claustrum,29,33,-4
LatentSpace_v442,Endopiriform nucleus,10,32,-22
LatentSpace_v442,Olfactory areas-other,13,33,-20
LatentSpace_v442,Postpiriform transition area,11,27,-16
LatentSpace_v442,Piriform area,13,34,-21
LatentSpace_v442,Taenia tecta,13,28,-15
LatentSpace_v442,Cortical amygdalar area,9,19,-10
LatentSpace_v442,Piriform-amygdalar area,10,28,-18
LatentSpace_v442,Main olfactory bulb,31,10,21
LatentSpace_v442,Accessory olfactory bulb,20,19,1
LatentSpace_v442,Anterior olfactory nucleus,13,32,-19
LatentSpace_v442,Subiculum,3,35,-32
LatentSpace_v442,Entorhinal area,13,22,-9
LatentSpace_v442,Field CA1,7,25,-18
LatentSpace_v442,Field CA2,7,14,-7
LatentSpace_v442,Field CA3,7,8,-1
LatentSpace_v442,Dentate gyrus,7,3,4
LatentSpace_v442,Anterior cingulate area,35,39,-4
LatentSpace_v442,Infralimbic area,13,26,-13
LatentSpace_v442,Retrosplenial area,29,36,-7
LatentSpace_v442,Prelimbic area,24,35,-11
LatentSpace_v442,Primary auditory area,35,38,-3
LatentSpace_v442,Dorsal auditory area,35,38,-3
LatentSpace_v442,Ventral auditory area,38,38,0
LatentSpace_v442,Agranular insular area,26,37,-11
LatentSpace_v442,Ectorhinal area,24,33,-9
LatentSpace_v442,Primary motor area,35,38,-3
LatentSpace_v442,Secondary motor area,36,38,-2
LatentSpace_v442,"Frontal pole, cerebral cortex",34,40,-6
LatentSpace_v442,Orbital area,23,35,-12
LatentSpace_v442,Posterior parietal association areas,35,38,-3
LatentSpace_v442,Perirhinal area,16,32,-16
LatentSpace_v442,Primary somatosensory area,32,35,-3
LatentSpace_v442,Supplemental somatosensory area,36,38,-2
LatentSpace_v442,Temporal association areas,30,33,-3
LatentSpace_v442,Visual areas,35,38,-3
LatentSpace_v442,Pallidum,10,6,4
LatentSpace_v442,Striatum ventral region,8,3,5
LatentSpace_v442,Lateral septal complex,8,4,4
LatentSpace_v442,Caudoputamen,3,3,0
LatentSpace_v442,Medial amygdalar nucleus,11,7,4
LatentSpace_v442,Hypothalamus,10,9,1
LatentSpace_v442,Thalamus,15,1,14
LatentSpace_v442,Inferior colliculus,7,9,-2
LatentSpace_v442,"Superior colliculus, sensory related",3,10,-7
LatentSpace_v442,Midbrain raphe nuclei,16,12,4
LatentSpace_v442,Midbrain-other,11,10,1
LatentSpace_v442,Periaqueductal gray,12,11,1
LatentSpace_v442,Pons,11,9,2
LatentSpace_v442,Medulla,14,9,5
LatentSpace_v442,Lingula (I),15,34,-19
LatentSpace_v442,Central lobule,10,34,-24
LatentSpace_v442,Culmen,29,34,-5
LatentSpace_v442,Declive (VI),23,28,-5
LatentSpace_v442,Folium-tuber vermis (VII),23,31,-8
LatentSpace_v442,Pyramus (VIII),25,32,-7
LatentSpace_v442,Uvula (IX),32,34,-2
LatentSpace_v442,Nodulus (X),33,35,-2
LatentSpace_v442,Simple lobule,22,29,-7
LatentSpace_v442,Crus 1,22,26,-4
LatentSpace_v442,Crus 2,22,27,-5
LatentSpace_v442,Paramedian lobule,23,33,-10
LatentSpace_v442,Copula pyramidis,24,34,-10
LatentSpace_v442,Flocculus,34,34,0
LatentSpace_v442,Paraflocculus,26,36,-10
LatentSpace_v442,Cerebellar nuclei,34,11,23
LatentSpace_v443,Cortical subplate-other,10,15,-5
LatentSpace_v443,Claustrum,23,33,-10
LatentSpace_v443,Endopiriform nucleus,15,32,-17
LatentSpace_v443,Olfactory areas-other,8,33,-25
LatentSpace_v443,Postpiriform transition area,12,27,-15
LatentSpace_v443,Piriform area,16,34,-18
LatentSpace_v443,Taenia tecta,10,28,-18
LatentSpace_v443,Cortical amygdalar area,11,19,-8
LatentSpace_v443,Piriform-amygdalar area,12,28,-16
LatentSpace_v443,Main olfactory bulb,14,10,4
LatentSpace_v443,Accessory olfactory bulb,24,19,5
LatentSpace_v443,Anterior olfactory nucleus,6,32,-26
LatentSpace_v443,Subiculum,5,35,-30
LatentSpace_v443,Entorhinal area,8,22,-14
LatentSpace_v443,Field CA1,11,25,-14
LatentSpace_v443,Field CA2,11,14,-3
LatentSpace_v443,Field CA3,9,8,1
LatentSpace_v443,Dentate gyrus,10,3,7
LatentSpace_v443,Anterior cingulate area,36,39,-3
LatentSpace_v443,Infralimbic area,11,26,-15
LatentSpace_v443,Retrosplenial area,29,36,-7
LatentSpace_v443,Prelimbic area,26,35,-9
LatentSpace_v443,Primary auditory area,37,38,-1
LatentSpace_v443,Dorsal auditory area,35,38,-3
LatentSpace_v443,Ventral auditory area,39,38,1
LatentSpace_v443,Agranular insular area,16,37,-21
LatentSpace_v443,Ectorhinal area,23,33,-10
LatentSpace_v443,Primary motor area,35,38,-3
LatentSpace_v443,Secondary motor area,37,38,-1
LatentSpace_v443,"Frontal pole, cerebral cortex",23,40,-17
LatentSpace_v443,Orbital area,21,35,-14
LatentSpace_v443,Posterior parietal association areas,35,38,-3
LatentSpace_v443,Perirhinal area,16,32,-16
LatentSpace_v443,Primary somatosensory area,35,35,0
LatentSpace_v443,Supplemental somatosensory area,37,38,-1
LatentSpace_v443,Temporal association areas,27,33,-6
LatentSpace_v443,Visual areas,35,38,-3
LatentSpace_v443,Pallidum,8,6,2
LatentSpace_v443,Striatum ventral region,7,3,4
LatentSpace_v443,Lateral septal complex,14,4,10
LatentSpace_v443,Caudoputamen,3,3,0
LatentSpace_v443,Medial amygdalar nucleus,10,7,3
LatentSpace_v443,Hypothalamus,4,9,-5
LatentSpace_v443,Thalamus,4,1,3
LatentSpace_v443,Inferior colliculus,15,9,6
LatentSpace_v443,"Superior colliculus, sensory related",5,10,-5
LatentSpace_v443,Midbrain raphe nuclei,14,12,2
LatentSpace_v443,Midbrain-other,9,10,-1
LatentSpace_v443,Periaqueductal gray,3,11,-8
LatentSpace_v443,Pons,9,9,0
LatentSpace_v443,Medulla,11,9,2
LatentSpace_v443,Lingula (I),32,34,-2
LatentSpace_v443,Central lobule,29,34,-5
LatentSpace_v443,Culmen,26,34,-8
LatentSpace_v443,Declive (VI),23,28,-5
LatentSpace_v443,Folium-tuber vermis (VII),25,31,-6
LatentSpace_v443,Pyramus (VIII),27,32,-5
LatentSpace_v443,Uvula (IX),34,34,0
LatentSpace_v443,Nodulus (X),22,35,-13
LatentSpace_v443,Simple lobule,23,29,-6
LatentSpace_v443,Crus 1,22,26,-4
LatentSpace_v443,Crus 2,23,27,-4
LatentSpace_v443,Paramedian lobule,25,33,-8
LatentSpace_v443,Copula pyramidis,30,34,-4
LatentSpace_v443,Flocculus,32,34,-2
LatentSpace_v443,Paraflocculus,30,36,-6
LatentSpace_v443,Cerebellar nuclei,34,11,23
LatentSpace_v444,Cortical subplate-other,3,15,-12
LatentSpace_v444,Claustrum,22,33,-11
LatentSpace_v444,Endopiriform nucleus,7,32,-25
LatentSpace_v444,Olfactory areas-other,7,33,-26
LatentSpace_v444,Postpiriform transition area,10,27,-17
LatentSpace_v444,Piriform area,9,34,-25
LatentSpace_v444,Taenia tecta,13,28,-15
LatentSpace_v444,Cortical amygdalar area,5,19,-14
LatentSpace_v444,Piriform-amygdalar area,6,28,-22
LatentSpace_v444,Main olfactory bulb,23,10,13
LatentSpace_v444,Accessory olfactory bulb,58,19,39
LatentSpace_v444,Anterior olfactory nucleus,7,32,-25
LatentSpace_v444,Subiculum,4,35,-31
LatentSpace_v444,Entorhinal area,14,22,-8
LatentSpace_v444,Field CA1,6,25,-19
LatentSpace_v444,Field CA2,8,14,-6
LatentSpace_v444,Field CA3,5,8,-3
LatentSpace_v444,Dentate gyrus,7,3,4
LatentSpace_v444,Anterior cingulate area,37,39,-2
LatentSpace_v444,Infralimbic area,11,26,-15
LatentSpace_v444,Retrosplenial area,30,36,-6
LatentSpace_v444,Prelimbic area,25,35,-10
LatentSpace_v444,Primary auditory area,37,38,-1
LatentSpace_v444,Dorsal auditory area,35,38,-3
LatentSpace_v444,Ventral auditory area,36,38,-2
LatentSpace_v444,Agranular insular area,16,37,-21
LatentSpace_v444,Ectorhinal area,19,33,-14
LatentSpace_v444,Primary motor area,35,38,-3
LatentSpace_v444,Secondary motor area,36,38,-2
LatentSpace_v444,"Frontal pole, cerebral cortex",30,40,-10
LatentSpace_v444,Orbital area,17,35,-18
LatentSpace_v444,Posterior parietal association areas,35,38,-3
LatentSpace_v444,Perirhinal area,17,32,-15
LatentSpace_v444,Primary somatosensory area,29,35,-6
LatentSpace_v444,Supplemental somatosensory area,40,38,2
LatentSpace_v444,Temporal association areas,25,33,-8
LatentSpace_v444,Visual areas,35,38,-3
LatentSpace_v444,Pallidum,10,6,4
LatentSpace_v444,Striatum ventral region,7,3,4
LatentSpace_v444,Lateral septal complex,7,4,3
LatentSpace_v444,Caudoputamen,3,3,0
LatentSpace_v444,Medial amygdalar nucleus,7,7,0
LatentSpace_v444,Hypothalamus,11,9,2
LatentSpace_v444,Thalamus,11,1,10
LatentSpace_v444,Inferior colliculus,15,9,6
LatentSpace_v444,"Superior colliculus, sensory related",13,10,3
LatentSpace_v444,Midbrain raphe nuclei,16,12,4
LatentSpace_v444,Midbrain-other,13,10,3
LatentSpace_v444,Periaqueductal gray,14,11,3
LatentSpace_v444,Pons,10,9,1
LatentSpace_v444,Medulla,32,9,23
LatentSpace_v444,Lingula (I),17,34,-17
LatentSpace_v444,Central lobule,33,34,-1
LatentSpace_v444,Culmen,26,34,-8
LatentSpace_v444,Declive (VI),23,28,-5
LatentSpace_v444,Folium-tuber vermis (VII),23,31,-8
LatentSpace_v444,Pyramus (VIII),24,32,-8
LatentSpace_v444,Uvula (IX),33,34,-1
LatentSpace_v444,Nodulus (X),30,35,-5
LatentSpace_v444,Simple lobule,23,29,-6
LatentSpace_v444,Crus 1,23,26,-3
LatentSpace_v444,Crus 2,23,27,-4
LatentSpace_v444,Paramedian lobule,23,33,-10
LatentSpace_v444,Copula pyramidis,25,34,-9
LatentSpace_v444,Flocculus,33,34,-1
LatentSpace_v444,Paraflocculus,24,36,-12
LatentSpace_v444,Cerebellar nuclei,33,11,22
LatentSpace_v445,Cortical subplate-other,9,15,-6
LatentSpace_v445,Claustrum,24,33,-9
LatentSpace_v445,Endopiriform nucleus,16,32,-16
LatentSpace_v445,Olfactory areas-other,10,33,-23
LatentSpace_v445,Postpiriform transition area,9,27,-18
LatentSpace_v445,Piriform area,17,34,-17
LatentSpace_v445,Taenia tecta,10,28,-18
LatentSpace_v445,Cortical amygdalar area,4,19,-15
LatentSpace_v445,Piriform-amygdalar area,8,28,-20
LatentSpace_v445,Main olfactory bulb,6,10,-4
LatentSpace_v445,Accessory olfactory bulb,29,19,10
LatentSpace_v445,Anterior olfactory nucleus,9,32,-23
LatentSpace_v445,Subiculum,3,35,-32
LatentSpace_v445,Entorhinal area,12,22,-10
LatentSpace_v445,Field CA1,8,25,-17
LatentSpace_v445,Field CA2,6,14,-8
LatentSpace_v445,Field CA3,6,8,-2
LatentSpace_v445,Dentate gyrus,12,3,9
LatentSpace_v445,Anterior cingulate area,36,39,-3
LatentSpace_v445,Infralimbic area,9,26,-17
LatentSpace_v445,Retrosplenial area,25,36,-11
LatentSpace_v445,Prelimbic area,27,35,-8
LatentSpace_v445,Primary auditory area,35,38,-3
LatentSpace_v445,Dorsal auditory area,35,38,-3
LatentSpace_v445,Ventral auditory area,38,38,0
LatentSpace_v445,Agranular insular area,23,37,-14
LatentSpace_v445,Ectorhinal area,28,33,-5
LatentSpace_v445,Primary motor area,36,38,-2
LatentSpace_v445,Secondary motor area,39,38,1
LatentSpace_v445,"Frontal pole, cerebral cortex",35,40,-5
LatentSpace_v445,Orbital area,24,35,-11
LatentSpace_v445,Posterior parietal association areas,35,38,-3
LatentSpace_v445,Perirhinal area,21,32,-11
LatentSpace_v445,Primary somatosensory area,33,35,-2
LatentSpace_v445,Supplemental somatosensory area,37,38,-1
LatentSpace_v445,Temporal association areas,34,33,1
LatentSpace_v445,Visual areas,34,38,-4
LatentSpace_v445,Pallidum,10,6,4
LatentSpace_v445,Striatum ventral region,9,3,6
LatentSpace_v445,Lateral septal complex,9,4,5
LatentSpace_v445,Caudoputamen,3,3,0
LatentSpace_v445,Medial amygdalar nucleus,7,7,0
LatentSpace_v445,Hypothalamus,5,9,-4
LatentSpace_v445,Thalamus,6,1,5
LatentSpace_v445,Inferior colliculus,4,9,-5
LatentSpace_v445,"Superior colliculus, sensory related",7,10,-3
LatentSpace_v445,Midbrain raphe nuclei,14,12,2
LatentSpace_v445,Midbrain-other,14,10,4
LatentSpace_v445,Periaqueductal gray,12,11,1
LatentSpace_v445,Pons,8,9,-1
LatentSpace_v445,Medulla,9,9,0
LatentSpace_v445,Lingula (I),8,34,-26
LatentSpace_v445,Central lobule,10,34,-24
LatentSpace_v445,Culmen,27,34,-7
LatentSpace_v445,Declive (VI),23,28,-5
LatentSpace_v445,Folium-tuber vermis (VII),23,31,-8
LatentSpace_v445,Pyramus (VIII),23,32,-9
LatentSpace_v445,Uvula (IX),27,34,-7
LatentSpace_v445,Nodulus (X),18,35,-17
LatentSpace_v445,Simple lobule,22,29,-7
LatentSpace_v445,Crus 1,22,26,-4
LatentSpace_v445,Crus 2,22,27,-5
LatentSpace_v445,Paramedian lobule,23,33,-10
LatentSpace_v445,Copula pyramidis,24,34,-10
LatentSpace_v445,Flocculus,30,34,-4
LatentSpace_v445,Paraflocculus,23,36,-13
LatentSpace_v445,Cerebellar nuclei,14,11,3
LatentSpace_v446,Cortical subplate-other,12,15,-3
LatentSpace_v446,Claustrum,28,33,-5
LatentSpace_v446,Endopiriform nucleus,19,32,-13
LatentSpace_v446,Olfactory areas-other,6,33,-27
LatentSpace_v446,Postpiriform transition area,14,27,-13
LatentSpace_v446,Piriform area,17,34,-17
LatentSpace_v446,Taenia tecta,8,28,-20
LatentSpace_v446,Cortical amygdalar area,11,19,-8
LatentSpace_v446,Piriform-amygdalar area,15,28,-13
LatentSpace_v446,Main olfactory bulb,33,10,23
LatentSpace_v446,Accessory olfactory bulb,17,19,-2
LatentSpace_v446,Anterior olfactory nucleus,6,32,-26
LatentSpace_v446,Subiculum,4,35,-31
LatentSpace_v446,Entorhinal area,13,22,-9
LatentSpace_v446,Field CA1,8,25,-17
LatentSpace_v446,Field CA2,10,14,-4
LatentSpace_v446,Field CA3,8,8,0
LatentSpace_v446,Dentate gyrus,14,3,11
LatentSpace_v446,Anterior cingulate area,35,39,-4
LatentSpace_v446,Infralimbic area,12,26,-14
LatentSpace_v446,Retrosplenial area,22,36,-14
LatentSpace_v446,Prelimbic area,29,35,-6
LatentSpace_v446,Primary auditory area,36,38,-2
LatentSpace_v446,Dorsal auditory area,35,38,-3
LatentSpace_v446,Ventral auditory area,38,38,0
LatentSpace_v446,Agranular insular area,23,37,-14
LatentSpace_v446,Ectorhinal area,24,33,-9
LatentSpace_v446,Primary motor area,35,38,-3
LatentSpace_v446,Secondary motor area,37,38,-1
LatentSpace_v446,"Frontal pole, cerebral cortex",30,40,-10
LatentSpace_v446,Orbital area,25,35,-10
LatentSpace_v446,Posterior parietal association areas,32,38,-6
LatentSpace_v446,Perirhinal area,23,32,-9
LatentSpace_v446,Primary somatosensory area,29,35,-6
LatentSpace_v446,Supplemental somatosensory area,36,38,-2
LatentSpace_v446,Temporal association areas,32,33,-1
LatentSpace_v446,Visual areas,31,38,-7
LatentSpace_v446,Pallidum,12,6,6
LatentSpace_v446,Striatum ventral region,7,3,4
LatentSpace_v446,Lateral septal complex,9,4,5
LatentSpace_v446,Caudoputamen,3,3,0
LatentSpace_v446,Medial amygdalar nucleus,12,7,5
LatentSpace_v446,Hypothalamus,9,9,0
LatentSpace_v446,Thalamus,11,1,10
LatentSpace_v446,Inferior colliculus,14,9,5
LatentSpace_v446,"Superior colliculus, sensory related",12,10,2
LatentSpace_v446,Midbrain raphe nuclei,14,12,2
LatentSpace_v446,Midbrain-other,14,10,4
LatentSpace_v446,Periaqueductal gray,12,11,1
LatentSpace_v446,Pons,11,9,2
LatentSpace_v446,Medulla,12,9,3
LatentSpace_v446,Lingula (I),13,34,-21
LatentSpace_v446,Central lobule,13,34,-21
LatentSpace_v446,Culmen,30,34,-4
LatentSpace_v446,Declive (VI),22,28,-6
LatentSpace_v446,Folium-tuber vermis (VII),23,31,-8
LatentSpace_v446,Pyramus (VIII),23,32,-9
LatentSpace_v446,Uvula (IX),29,34,-5
LatentSpace_v446,Nodulus (X),18,35,-17
LatentSpace_v446,Simple lobule,22,29,-7
LatentSpace_v446,Crus 1,22,26,-4
LatentSpace_v446,Crus 2,22,27,-5
LatentSpace_v446,Paramedian lobule,23,33,-10
LatentSpace_v446,Copula pyramidis,23,34,-11
LatentSpace_v446,Flocculus,13,34,-21
LatentSpace_v446,Paraflocculus,23,36,-13
LatentSpace_v446,Cerebellar nuclei,16,11,5
LatentSpace_v447,Cortical subplate-other,8,15,-7
LatentSpace_v447,Claustrum,27,33,-6
LatentSpace_v447,Endopiriform nucleus,12,32,-20
LatentSpace_v447,Olfactory areas-other,13,33,-20
LatentSpace_v447,Postpiriform transition area,9,27,-18
LatentSpace_v447,Piriform area,10,34,-24
LatentSpace_v447,Taenia tecta,12,28,-16
LatentSpace_v447,Cortical amygdalar area,7,19,-12
LatentSpace_v447,Piriform-amygdalar area,6,28,-22
LatentSpace_v447,Main olfactory bulb,12,10,2
LatentSpace_v447,Accessory olfactory bulb,8,19,-11
LatentSpace_v447,Anterior olfactory nucleus,13,32,-19
LatentSpace_v447,Subiculum,3,35,-32
LatentSpace_v447,Entorhinal area,10,22,-12
LatentSpace_v447,Field CA1,8,25,-17
LatentSpace_v447,Field CA2,8,14,-6
LatentSpace_v447,Field CA3,8,8,0
LatentSpace_v447,Dentate gyrus,8,3,5
LatentSpace_v447,Anterior cingulate area,38,39,-1
LatentSpace_v447,Infralimbic area,10,26,-16
LatentSpace_v447,Retrosplenial area,26,36,-10
LatentSpace_v447,Prelimbic area,30,35,-5
LatentSpace_v447,Primary auditory area,38,38,0
LatentSpace_v447,Dorsal auditory area,35,38,-3
LatentSpace_v447,Ventral auditory area,37,38,-1
LatentSpace_v447,Agranular insular area,23,37,-14
LatentSpace_v447,Ectorhinal area,23,33,-10
LatentSpace_v447,Primary motor area,35,38,-3
LatentSpace_v447,Secondary motor area,36,38,-2
LatentSpace_v447,"Frontal pole, cerebral cortex",35,40,-5
LatentSpace_v447,Orbital area,24,35,-11
LatentSpace_v447,Posterior parietal association areas,35,38,-3
LatentSpace_v447,Perirhinal area,17,32,-15
LatentSpace_v447,Primary somatosensory area,31,35,-4
LatentSpace_v447,Supplemental somatosensory area,37,38,-1
LatentSpace_v447,Temporal association areas,28,33,-5
LatentSpace_v447,Visual areas,35,38,-3
LatentSpace_v447,Pallidum,7,6,1
LatentSpace_v447,Striatum ventral region,4,3,1
LatentSpace_v447,Lateral septal complex,11,4,7
LatentSpace_v447,Caudoputamen,3,3,0
LatentSpace_v447,Medial amygdalar nucleus,10,7,3
LatentSpace_v447,Hypothalamus,5,9,-4
LatentSpace_v447,Thalamus,10,1,9
LatentSpace_v447,Inferior colliculus,6,9,-3
LatentSpace_v447,"Superior colliculus, sensory related",5,10,-5
LatentSpace_v447,Midbrain raphe nuclei,14,12,2
LatentSpace_v447,Midbrain-other,10,10,0
LatentSpace_v447,Periaqueductal gray,10,11,-1
LatentSpace_v447,Pons,8,9,-1
LatentSpace_v447,Medulla,9,9,0
LatentSpace_v447,Lingula (I),13,34,-21
LatentSpace_v447,Central lobule,14,34,-20
LatentSpace_v447,Culmen,30,34,-4
LatentSpace_v447,Declive (VI),23,28,-5
LatentSpace_v447,Folium-tuber vermis (VII),23,31,-8
LatentSpace_v447,Pyramus (VIII),23,32,-9
LatentSpace_v447,Uvula (IX),32,34,-2
LatentSpace_v447,Nodulus (X),13,35,-22
LatentSpace_v447,Simple lobule,23,29,-6
LatentSpace_v447,Crus 1,23,26,-3
LatentSpace_v447,Crus 2,23,27,-4
LatentSpace_v447,Paramedian lobule,23,33,-10
LatentSpace_v447,Copula pyramidis,23,34,-11
LatentSpace_v447,Flocculus,16,34,-18
LatentSpace_v447,Paraflocculus,26,36,-10
LatentSpace_v447,Cerebellar nuclei,12,11,1
LatentSpace_v448,Cortical subplate-other,9,15,-6
LatentSpace_v448,Claustrum,17,33,-16
LatentSpace_v448,Endopiriform nucleus,8,32,-24
LatentSpace_v448,Olfactory areas-other,18,33,-15
LatentSpace_v448,Postpiriform transition area,7,27,-20
LatentSpace_v448,Piriform area,10,34,-24
LatentSpace_v448,Taenia tecta,12,28,-16
LatentSpace_v448,Cortical amygdalar area,4,19,-15
LatentSpace_v448,Piriform-amygdalar area,4,28,-24
LatentSpace_v448,Main olfactory bulb,2,10,-8
LatentSpace_v448,Accessory olfactory bulb,30,19,11
LatentSpace_v448,Anterior olfactory nucleus,12,32,-20
LatentSpace_v448,Subiculum,3,35,-32
LatentSpace_v448,Entorhinal area,11,22,-11
LatentSpace_v448,Field CA1,10,25,-15
LatentSpace_v448,Field CA2,20,14,6
LatentSpace_v448,Field CA3,7,8,-1
LatentSpace_v448,Dentate gyrus,7,3,4
LatentSpace_v448,Anterior cingulate area,37,39,-2
LatentSpace_v448,Infralimbic area,12,26,-14
LatentSpace_v448,Retrosplenial area,26,36,-10
LatentSpace_v448,Prelimbic area,29,35,-6
LatentSpace_v448,Primary auditory area,35,38,-3
LatentSpace_v448,Dorsal auditory area,35,38,-3
LatentSpace_v448,Ventral auditory area,38,38,0
LatentSpace_v448,Agranular insular area,25,37,-12
LatentSpace_v448,Ectorhinal area,22,33,-11
LatentSpace_v448,Primary motor area,35,38,-3
LatentSpace_v448,Secondary motor area,36,38,-2
LatentSpace_v448,"Frontal pole, cerebral cortex",34,40,-6
LatentSpace_v448,Orbital area,27,35,-8
LatentSpace_v448,Posterior parietal association areas,35,38,-3
LatentSpace_v448,Perirhinal area,18,32,-14
LatentSpace_v448,Primary somatosensory area,31,35,-4
LatentSpace_v448,Supplemental somatosensory area,37,38,-1
LatentSpace_v448,Temporal association areas,31,33,-2
LatentSpace_v448,Visual areas,35,38,-3
LatentSpace_v448,Pallidum,11,6,5
LatentSpace_v448,Striatum ventral region,7,3,4
LatentSpace_v448,Lateral septal complex,14,4,10
LatentSpace_v448,Caudoputamen,3,3,0
LatentSpace_v448,Medial amygdalar nucleus,10,7,3
LatentSpace_v448,Hypothalamus,8,9,-1
LatentSpace_v448,Thalamus,4,1,3
LatentSpace_v448,Inferior colliculus,3,9,-6
LatentSpace_v448,"Superior colliculus, sensory related",5,10,-5
LatentSpace_v448,Midbrain raphe nuclei,16,12,4
LatentSpace_v448,Midbrain-other,11,10,1
LatentSpace_v448,Periaqueductal gray,9,11,-2
LatentSpace_v448,Pons,10,9,1
LatentSpace_v448,Medulla,11,9,2
LatentSpace_v448,Lingula (I),14,34,-20
LatentSpace_v448,Central lobule,21,34,-13
LatentSpace_v448,Culmen,24,34,-10
LatentSpace_v448,Declive (VI),23,28,-5
LatentSpace_v448,Folium-tuber vermis (VII),23,31,-8
LatentSpace_v448,Pyramus (VIII),30,32,-2
LatentSpace_v448,Uvula (IX),30,34,-4
LatentSpace_v448,Nodulus (X),19,35,-16
LatentSpace_v448,Simple lobule,22,29,-7
LatentSpace_v448,Crus 1,22,26,-4
LatentSpace_v448,Crus 2,22,27,-5
LatentSpace_v448,Paramedian lobule,26,33,-7
LatentSpace_v448,Copula pyramidis,32,34,-2
LatentSpace_v448,Flocculus,33,34,-1
LatentSpace_v448,Paraflocculus,26,36,-10
LatentSpace_v448,Cerebellar nuclei,15,11,4
LatentSpace_v449,Cortical subplate-other,10,15,-5
LatentSpace_v449,Claustrum,24,33,-9
LatentSpace_v449,Endopiriform nucleus,7,32,-25
LatentSpace_v449,Olfactory areas-other,18,33,-15
LatentSpace_v449,Postpiriform transition area,12,27,-15
LatentSpace_v449,Piriform area,12,34,-22
LatentSpace_v449,Taenia tecta,8,28,-20
LatentSpace_v449,Cortical amygdalar area,9,19,-10
LatentSpace_v449,Piriform-amygdalar area,4,28,-24
LatentSpace_v449,Main olfactory bulb,23,10,13
LatentSpace_v449,Accessory olfactory bulb,30,19,11
LatentSpace_v449,Anterior olfactory nucleus,12,32,-20
LatentSpace_v449,Subiculum,7,35,-28
LatentSpace_v449,Entorhinal area,17,22,-5
LatentSpace_v449,Field CA1,9,25,-16
LatentSpace_v449,Field CA2,9,14,-5
LatentSpace_v449,Field CA3,8,8,0
LatentSpace_v449,Dentate gyrus,8,3,5
LatentSpace_v449,Anterior cingulate area,39,39,0
LatentSpace_v449,Infralimbic area,11,26,-15
LatentSpace_v449,Retrosplenial area,35,36,-1
LatentSpace_v449,Prelimbic area,31,35,-4
LatentSpace_v449,Primary auditory area,36,38,-2
LatentSpace_v449,Dorsal auditory area,35,38,-3
LatentSpace_v449,Ventral auditory area,36,38,-2
LatentSpace_v449,Agranular insular area,24,37,-13
LatentSpace_v449,Ectorhinal area,24,33,-9
LatentSpace_v449,Primary motor area,35,38,-3
LatentSpace_v449,Secondary motor area,37,38,-1
LatentSpace_v449,"Frontal pole, cerebral cortex",36,40,-4
LatentSpace_v449,Orbital area,25,35,-10
LatentSpace_v449,Posterior parietal association areas,35,38,-3
LatentSpace_v449,Perirhinal area,22,32,-10
LatentSpace_v449,Primary somatosensory area,30,35,-5
LatentSpace_v449,Supplemental somatosensory area,36,38,-2
LatentSpace_v449,Temporal association areas,35,33,2
LatentSpace_v449,Visual areas,35,38,-3
LatentSpace_v449,Pallidum,11,6,5
LatentSpace_v449,Striatum ventral region,3,3,0
LatentSpace_v449,Lateral septal complex,6,4,2
LatentSpace_v449,Caudoputamen,3,3,0
LatentSpace_v449,Medial amygdalar nucleus,9,7,2
LatentSpace_v449,Hypothalamus,13,9,4
LatentSpace_v449,Thalamus,5,1,4
LatentSpace_v449,Inferior colliculus,6,9,-3
LatentSpace_v449,"Superior colliculus, sensory related",5,10,-5
LatentSpace_v449,Midbrain raphe nuclei,14,12,2
LatentSpace_v449,Midbrain-other,10,10,0
LatentSpace_v449,Periaqueductal gray,11,11,0
LatentSpace_v449,Pons,9,9,0
LatentSpace_v449,Medulla,14,9,5
LatentSpace_v449,Lingula (I),15,34,-19
LatentSpace_v449,Central lobule,31,34,-3
LatentSpace_v449,Culmen,26,34,-8
LatentSpace_v449,Declive (VI),23,28,-5
LatentSpace_v449,Folium-tuber vermis (VII),23,31,-8
LatentSpace_v449,Pyramus (VIII),25,32,-7
LatentSpace_v449,Uvula (IX),34,34,0
LatentSpace_v449,Nodulus (X),33,35,-2
LatentSpace_v449,Simple lobule,22,29,-7
LatentSpace_v449,Crus 1,22,26,-4
LatentSpace_v449,Crus 2,22,27,-5
LatentSpace_v449,Paramedian lobule,23,33,-10
LatentSpace_v449,Copula pyramidis,26,34,-8
LatentSpace_v449,Flocculus,31,34,-3
LatentSpace_v449,Paraflocculus,24,36,-12
LatentSpace_v449,Cerebellar nuclei,32,11,21
LatentSpace_v450,Cortical subplate-other,8,15,-7
LatentSpace_v450,Claustrum,31,33,-2
LatentSpace_v450,Endopiriform nucleus,23,32,-9
LatentSpace_v450,Olfactory areas-other,6,33,-27
LatentSpace_v450,Postpiriform transition area,11,27,-16
LatentSpace_v450,Piriform area,24,34,-10
LatentSpace_v450,Taenia tecta,6,28,-22
LatentSpace_v450,Cortical amygdalar area,6,19,-13
LatentSpace_v450,Piriform-amygdalar area,6,28,-22
LatentSpace_v450,Main olfactory bulb,4,10,-6
LatentSpace_v450,Accessory olfactory bulb,30,19,11
LatentSpace_v450,Anterior olfactory nucleus,6,32,-26
LatentSpace_v450,Subiculum,6,35,-29
LatentSpace_v450,Entorhinal area,16,22,-6
LatentSpace_v450,Field CA1,6,25,-19
LatentSpace_v450,Field CA2,7,14,-7
LatentSpace_v450,Field CA3,6,8,-2
LatentSpace_v450,Dentate gyrus,7,3,4
LatentSpace_v450,Anterior cingulate area,36,39,-3
LatentSpace_v450,Infralimbic area,12,26,-14
LatentSpace_v450,Retrosplenial area,27,36,-9
LatentSpace_v450,Prelimbic area,28,35,-7
LatentSpace_v450,Primary auditory area,36,38,-2
LatentSpace_v450,Dorsal auditory area,35,38,-3
LatentSpace_v450,Ventral auditory area,37,38,-1
LatentSpace_v450,Agranular insular area,24,37,-13
LatentSpace_v450,Ectorhinal area,28,33,-5
LatentSpace_v450,Primary motor area,36,38,-2
LatentSpace_v450,Secondary motor area,37,38,-1
LatentSpace_v450,"Frontal pole, cerebral cortex",36,40,-4
LatentSpace_v450,Orbital area,25,35,-10
LatentSpace_v450,Posterior parietal association areas,35,38,-3
LatentSpace_v450,Perirhinal area,27,32,-5
LatentSpace_v450,Primary somatosensory area,32,35,-3
LatentSpace_v450,Supplemental somatosensory area,37,38,-1
LatentSpace_v450,Temporal association areas,35,33,2
LatentSpace_v450,Visual areas,35,38,-3
LatentSpace_v450,Pallidum,4,6,-2
LatentSpace_v450,Striatum ventral region,4,3,1
LatentSpace_v450,Lateral septal complex,4,4,0
LatentSpace_v450,Caudoputamen,3,3,0
LatentSpace_v450,Medial amygdalar nucleus,5,7,-2
LatentSpace_v450,Hypothalamus,7,9,-2
LatentSpace_v450,Thalamus,6,1,5
LatentSpace_v450,Inferior colliculus,7,9,-2
LatentSpace_v450,"Superior colliculus, sensory related",7,10,-3
LatentSpace_v450,Midbrain raphe nuclei,14,12,2
LatentSpace_v450,Midbrain-other,10,10,0
LatentSpace_v450,Periaqueductal gray,10,11,-1
LatentSpace_v450,Pons,9,9,0
LatentSpace_v450,Medulla,15,9,6
LatentSpace_v450,Lingula (I),31,34,-3
LatentSpace_v450,Central lobule,29,34,-5
LatentSpace_v450,Culmen,26,34,-8
LatentSpace_v450,Declive (VI),24,28,-4
LatentSpace_v450,Folium-tuber vermis (VII),24,31,-7
LatentSpace_v450,Pyramus (VIII),24,32,-8
LatentSpace_v450,Uvula (IX),34,34,0
LatentSpace_v450,Nodulus (X),22,35,-13
LatentSpace_v450,Simple lobule,22,29,-7
LatentSpace_v450,Crus 1,22,26,-4
LatentSpace_v450,Crus 2,22,27,-5
LatentSpace_v450,Paramedian lobule,24,33,-9
LatentSpace_v450,Copula pyramidis,28,34,-6
LatentSpace_v450,Flocculus,33,34,-1
LatentSpace_v450,Paraflocculus,24,36,-12
LatentSpace_v450,Cerebellar nuclei,34,11,23
LatentSpace_v451,Cortical subplate-other,8,15,-7
LatentSpace_v451,Claustrum,21,33,-12
LatentSpace_v451,Endopiriform nucleus,13,32,-19
LatentSpace_v451,Olfactory areas-other,13,33,-20
LatentSpace_v451,Postpiriform transition area,12,27,-15
LatentSpace_v451,Piriform area,11,34,-23
LatentSpace_v451,Taenia tecta,11,28,-17
LatentSpace_v451,Cortical amygdalar area,8,19,-11
LatentSpace_v451,Piriform-amygdalar area,7,28,-21
LatentSpace_v451,Main olfactory bulb,11,10,1
LatentSpace_v451,Accessory olfactory bulb,14,19,-5
LatentSpace_v451,Anterior olfactory nucleus,10,32,-22
LatentSpace_v451,Subiculum,7,35,-28
LatentSpace_v451,Entorhinal area,12,22,-10
LatentSpace_v451,Field CA1,10,25,-15
LatentSpace_v451,Field CA2,10,14,-4
LatentSpace_v451,Field CA3,8,8,0
LatentSpace_v451,Dentate gyrus,11,3,8
LatentSpace_v451,Anterior cingulate area,33,39,-6
LatentSpace_v451,Infralimbic area,12,26,-14
LatentSpace_v451,Retrosplenial area,25,36,-11
LatentSpace_v451,Prelimbic area,31,35,-4
LatentSpace_v451,Primary auditory area,35,38,-3
LatentSpace_v451,Dorsal auditory area,34,38,-4
LatentSpace_v451,Ventral auditory area,35,38,-3
LatentSpace_v451,Agranular insular area,24,37,-13
LatentSpace_v451,Ectorhinal area,25,33,-8
LatentSpace_v451,Primary motor area,35,38,-3
LatentSpace_v451,Secondary motor area,36,38,-2
LatentSpace_v451,"Frontal pole, cerebral cortex",34,40,-6
LatentSpace_v451,Orbital area,23,35,-12
LatentSpace_v451,Posterior parietal association areas,34,38,-4
LatentSpace_v451,Perirhinal area,17,32,-15
LatentSpace_v451,Primary somatosensory area,26,35,-9
LatentSpace_v451,Supplemental somatosensory area,36,38,-2
LatentSpace_v451,Temporal association areas,31,33,-2
LatentSpace_v451,Visual areas,34,38,-4
LatentSpace_v451,Pallidum,7,6,1
LatentSpace_v451,Striatum ventral region,7,3,4
LatentSpace_v451,Lateral septal complex,9,4,5
LatentSpace_v451,Caudoputamen,3,3,0
LatentSpace_v451,Medial amygdalar nucleus,10,7,3
LatentSpace_v451,Hypothalamus,7,9,-2
LatentSpace_v451,Thalamus,5,1,4
LatentSpace_v451,Inferior colliculus,4,9,-5
LatentSpace_v451,"Superior colliculus, sensory related",3,10,-7
LatentSpace_v451,Midbrain raphe nuclei,14,12,2
LatentSpace_v451,Midbrain-other,11,10,1
LatentSpace_v451,Periaqueductal gray,10,11,-1
LatentSpace_v451,Pons,9,9,0
LatentSpace_v451,Medulla,12,9,3
LatentSpace_v451,Lingula (I),12,34,-22
LatentSpace_v451,Central lobule,27,34,-7
LatentSpace_v451,Culmen,30,34,-4
LatentSpace_v451,Declive (VI),25,28,-3
LatentSpace_v451,Folium-tuber vermis (VII),25,31,-6
LatentSpace_v451,Pyramus (VIII),31,32,-1
LatentSpace_v451,Uvula (IX),34,34,0
LatentSpace_v451,Nodulus (X),17,35,-18
LatentSpace_v451,Simple lobule,25,29,-4
LatentSpace_v451,Crus 1,24,26,-2
LatentSpace_v451,Crus 2,23,27,-4
LatentSpace_v451,Paramedian lobule,25,33,-8
LatentSpace_v451,Copula pyramidis,30,34,-4
LatentSpace_v451,Flocculus,33,34,-1
LatentSpace_v451,Paraflocculus,27,36,-9
LatentSpace_v451,Cerebellar nuclei,33,11,22
LatentSpace_v452,Cortical subplate-other,11,15,-4
LatentSpace_v452,Claustrum,25,33,-8
LatentSpace_v452,Endopiriform nucleus,8,32,-24
LatentSpace_v452,Olfactory areas-other,9,33,-24
LatentSpace_v452,Postpiriform transition area,8,27,-19
LatentSpace_v452,Piriform area,13,34,-21
LatentSpace_v452,Taenia tecta,13,28,-15
LatentSpace_v452,Cortical amygdalar area,7,19,-12
LatentSpace_v452,Piriform-amygdalar area,7,28,-21
LatentSpace_v452,Main olfactory bulb,23,10,13
LatentSpace_v452,Accessory olfactory bulb,35,19,16
LatentSpace_v452,Anterior olfactory nucleus,9,32,-23
LatentSpace_v452,Subiculum,4,35,-31
LatentSpace_v452,Entorhinal area,5,22,-17
LatentSpace_v452,Field CA1,7,25,-18
LatentSpace_v452,Field CA2,7,14,-7
LatentSpace_v452,Field CA3,6,8,-2
LatentSpace_v452,Dentate gyrus,9,3,6
LatentSpace_v452,Anterior cingulate area,33,39,-6
LatentSpace_v452,Infralimbic area,13,26,-13
LatentSpace_v452,Retrosplenial area,24,36,-12
LatentSpace_v452,Prelimbic area,27,35,-8
LatentSpace_v452,Primary auditory area,35,38,-3
LatentSpace_v452,Dorsal auditory area,34,38,-4
LatentSpace_v452,Ventral auditory area,36,38,-2
LatentSpace_v452,Agranular insular area,23,37,-14
LatentSpace_v452,Ectorhinal area,22,33,-11
LatentSpace_v452,Primary motor area,34,38,-4
LatentSpace_v452,Secondary motor area,34,38,-4
LatentSpace_v452,"Frontal pole, cerebral cortex",31,40,-9
LatentSpace_v452,Orbital area,25,35,-10
LatentSpace_v452,Posterior parietal association areas,32,38,-6
LatentSpace_v452,Perirhinal area,14,32,-18
LatentSpace_v452,Primary somatosensory area,28,35,-7
LatentSpace_v452,Supplemental somatosensory area,36,38,-2
LatentSpace_v452,Temporal association areas,29,33,-4
LatentSpace_v452,Visual areas,31,38,-7
LatentSpace_v452,Pallidum,8,6,2
LatentSpace_v452,Striatum ventral region,6,3,3
LatentSpace_v452,Lateral septal complex,11,4,7
LatentSpace_v452,Caudoputamen,3,3,0
LatentSpace_v452,Medial amygdalar nucleus,13,7,6
LatentSpace_v452,Hypothalamus,7,9,-2
LatentSpace_v452,Thalamus,3,1,2
LatentSpace_v452,Inferior colliculus,5,9,-4
LatentSpace_v452,"Superior colliculus, sensory related",5,10,-5
LatentSpace_v452,Midbrain raphe nuclei,14,12,2
LatentSpace_v452,Midbrain-other,13,10,3
LatentSpace_v452,Periaqueductal gray,11,11,0
LatentSpace_v452,Pons,9,9,0
LatentSpace_v452,Medulla,15,9,6
LatentSpace_v452,Lingula (I),24,34,-10
LatentSpace_v452,Central lobule,28,34,-6
LatentSpace_v452,Culmen,25,34,-9
LatentSpace_v452,Declive (VI),23,28,-5
LatentSpace_v452,Folium-tuber vermis (VII),23,31,-8
LatentSpace_v452,Pyramus (VIII),25,32,-7
LatentSpace_v452,Uvula (IX),33,34,-1
LatentSpace_v452,Nodulus (X),26,35,-9
LatentSpace_v452,Simple lobule,22,29,-7
LatentSpace_v452,Crus 1,22,26,-4
LatentSpace_v452,Crus 2,22,27,-5
LatentSpace_v452,Paramedian lobule,23,33,-10
LatentSpace_v452,Copula pyramidis,26,34,-8
LatentSpace_v452,Flocculus,26,34,-8
LatentSpace_v452,Paraflocculus,23,36,-13
LatentSpace_v452,Cerebellar nuclei,16,11,5
LatentSpace_v453,Cortical subplate-other,12,15,-3
LatentSpace_v453,Claustrum,30,33,-3
LatentSpace_v453,Endopiriform nucleus,9,32,-23
LatentSpace_v453,Olfactory areas-other,10,33,-23
LatentSpace_v453,Postpiriform transition area,11,27,-16
LatentSpace_v453,Piriform area,11,34,-23
LatentSpace_v453,Taenia tecta,15,28,-13
LatentSpace_v453,Cortical amygdalar area,9,19,-10
LatentSpace_v453,Piriform-amygdalar area,8,28,-20
LatentSpace_v453,Main olfactory bulb,36,10,26
LatentSpace_v453,Accessory olfactory bulb,26,19,7
LatentSpace_v453,Anterior olfactory nucleus,11,32,-21
LatentSpace_v453,Subiculum,7,35,-28
LatentSpace_v453,Entorhinal area,14,22,-8
LatentSpace_v453,Field CA1,7,25,-18
LatentSpace_v453,Field CA2,8,14,-6
LatentSpace_v453,Field CA3,6,8,-2
LatentSpace_v453,Dentate gyrus,8,3,5
LatentSpace_v453,Anterior cingulate area,35,39,-4
LatentSpace_v453,Infralimbic area,12,26,-14
LatentSpace_v453,Retrosplenial area,28,36,-8
LatentSpace_v453,Prelimbic area,28,35,-7
LatentSpace_v453,Primary auditory area,35,38,-3
LatentSpace_v453,Dorsal auditory area,35,38,-3
LatentSpace_v453,Ventral auditory area,37,38,-1
LatentSpace_v453,Agranular insular area,22,37,-15
LatentSpace_v453,Ectorhinal area,25,33,-8
LatentSpace_v453,Primary motor area,35,38,-3
LatentSpace_v453,Secondary motor area,36,38,-2
LatentSpace_v453,"Frontal pole, cerebral cortex",27,40,-13
LatentSpace_v453,Orbital area,24,35,-11
LatentSpace_v453,Posterior parietal association areas,35,38,-3
LatentSpace_v453,Perirhinal area,20,32,-12
LatentSpace_v453,Primary somatosensory area,28,35,-7
LatentSpace_v453,Supplemental somatosensory area,35,38,-3
LatentSpace_v453,Temporal association areas,31,33,-2
LatentSpace_v453,Visual areas,35,38,-3
LatentSpace_v453,Pallidum,8,6,2
LatentSpace_v453,Striatum ventral region,7,3,4
LatentSpace_v453,Lateral septal complex,9,4,5
LatentSpace_v453,Caudoputamen,3,3,0
LatentSpace_v453,Medial amygdalar nucleus,11,7,4
LatentSpace_v453,Hypothalamus,8,9,-1
LatentSpace_v453,Thalamus,3,1,2
LatentSpace_v453,Inferior colliculus,7,9,-2
LatentSpace_v453,"Superior colliculus, sensory related",5,10,-5
LatentSpace_v453,Midbrain raphe nuclei,14,12,2
LatentSpace_v453,Midbrain-other,10,10,0
LatentSpace_v453,Periaqueductal gray,11,11,0
LatentSpace_v453,Pons,8,9,-1
LatentSpace_v453,Medulla,33,9,24
LatentSpace_v453,Lingula (I),11,34,-23
LatentSpace_v453,Central lobule,16,34,-18
LatentSpace_v453,Culmen,23,34,-11
LatentSpace_v453,Declive (VI),23,28,-5
LatentSpace_v453,Folium-tuber vermis (VII),23,31,-8
LatentSpace_v453,Pyramus (VIII),23,32,-9
LatentSpace_v453,Uvula (IX),25,34,-9
LatentSpace_v453,Nodulus (X),29,35,-6
LatentSpace_v453,Simple lobule,22,29,-7
LatentSpace_v453,Crus 1,22,26,-4
LatentSpace_v453,Crus 2,22,27,-5
LatentSpace_v453,Paramedian lobule,23,33,-10
LatentSpace_v453,Copula pyramidis,23,34,-11
LatentSpace_v453,Flocculus,32,34,-2
LatentSpace_v453,Paraflocculus,25,36,-11
LatentSpace_v453,Cerebellar nuclei,33,11,22
LatentSpace_v454,Cortical subplate-other,6,15,-9
LatentSpace_v454,Claustrum,25,33,-8
LatentSpace_v454,Endopiriform nucleus,12,32,-20
LatentSpace_v454,Olfactory areas-other,11,33,-22
LatentSpace_v454,Postpiriform transition area,5,27,-22
LatentSpace_v454,Piriform area,10,34,-24
LatentSpace_v454,Taenia tecta,14,28,-14
LatentSpace_v454,Cortical amygdalar area,2,19,-17
LatentSpace_v454,Piriform-amygdalar area,3,28,-25
LatentSpace_v454,Main olfactory bulb,46,10,36
LatentSpace_v454,Accessory olfactory bulb,20,19,1
LatentSpace_v454,Anterior olfactory nucleus,6,32,-26
LatentSpace_v454,Subiculum,7,35,-28
LatentSpace_v454,Entorhinal area,8,22,-14
LatentSpace_v454,Field CA1,10,25,-15
LatentSpace_v454,Field CA2,12,14,-2
LatentSpace_v454,Field CA3,8,8,0
LatentSpace_v454,Dentate gyrus,7,3,4
LatentSpace_v454,Anterior cingulate area,40,39,1
LatentSpace_v454,Infralimbic area,12,26,-14
LatentSpace_v454,Retrosplenial area,29,36,-7
LatentSpace_v454,Prelimbic area,29,35,-6
LatentSpace_v454,Primary auditory area,35,38,-3
LatentSpace_v454,Dorsal auditory area,35,38,-3
LatentSpace_v454,Ventral auditory area,36,38,-2
LatentSpace_v454,Agranular insular area,24,37,-13
LatentSpace_v454,Ectorhinal area,22,33,-11
LatentSpace_v454,Primary motor area,35,38,-3
LatentSpace_v454,Secondary motor area,34,38,-4
LatentSpace_v454,"Frontal pole, cerebral cortex",34,40,-6
LatentSpace_v454,Orbital area,27,35,-8
LatentSpace_v454,Posterior parietal association areas,35,38,-3
LatentSpace_v454,Perirhinal area,17,32,-15
LatentSpace_v454,Primary somatosensory area,29,35,-6
LatentSpace_v454,Supplemental somatosensory area,35,38,-3
LatentSpace_v454,Temporal association areas,32,33,-1
LatentSpace_v454,Visual areas,34,38,-4
LatentSpace_v454,Pallidum,5,6,-1
LatentSpace_v454,Striatum ventral region,7,3,4
LatentSpace_v454,Lateral septal complex,7,4,3
LatentSpace_v454,Caudoputamen,3,3,0
LatentSpace_v454,Medial amygdalar nucleus,7,7,0
LatentSpace_v454,Hypothalamus,7,9,-2
LatentSpace_v454,Thalamus,7,1,6
LatentSpace_v454,Inferior colliculus,3,9,-6
LatentSpace_v454,"Superior colliculus, sensory related",4,10,-6
LatentSpace_v454,Midbrain raphe nuclei,14,12,2
LatentSpace_v454,Midbrain-other,10,10,0
LatentSpace_v454,Periaqueductal gray,9,11,-2
LatentSpace_v454,Pons,11,9,2
LatentSpace_v454,Medulla,11,9,2
LatentSpace_v454,Lingula (I),13,34,-21
LatentSpace_v454,Central lobule,19,34,-15
LatentSpace_v454,Culmen,30,34,-4
LatentSpace_v454,Declive (VI),23,28,-5
LatentSpace_v454,Folium-tuber vermis (VII),23,31,-8
LatentSpace_v454,Pyramus (VIII),28,32,-4
LatentSpace_v454,Uvula (IX),27,34,-7
LatentSpace_v454,Nodulus (X),14,35,-21
LatentSpace_v454,Simple lobule,22,29,-7
LatentSpace_v454,Crus 1,22,26,-4
LatentSpace_v454,Crus 2,22,27,-5
LatentSpace_v454,Paramedian lobule,23,33,-10
LatentSpace_v454,Copula pyramidis,26,34,-8
LatentSpace_v454,Flocculus,33,34,-1
LatentSpace_v454,Paraflocculus,24,36,-12
LatentSpace_v454,Cerebellar nuclei,14,11,3
LatentSpace_v455,Cortical subplate-other,12,15,-3
LatentSpace_v455,Claustrum,24,33,-9
LatentSpace_v455,Endopiriform nucleus,9,32,-23
LatentSpace_v455,Olfactory areas-other,18,33,-15
LatentSpace_v455,Postpiriform transition area,11,27,-16
LatentSpace_v455,Piriform area,8,34,-26
LatentSpace_v455,Taenia tecta,13,28,-15
LatentSpace_v455,Cortical amygdalar area,11,19,-8
LatentSpace_v455,Piriform-amygdalar area,12,28,-16
LatentSpace_v455,Main olfactory bulb,24,10,14
LatentSpace_v455,Accessory olfactory bulb,38,19,19
LatentSpace_v455,Anterior olfactory nucleus,14,32,-18
LatentSpace_v455,Subiculum,12,35,-23
LatentSpace_v455,Entorhinal area,11,22,-11
LatentSpace_v455,Field CA1,15,25,-10
LatentSpace_v455,Field CA2,19,14,5
LatentSpace_v455,Field CA3,7,8,-1
LatentSpace_v455,Dentate gyrus,7,3,4
LatentSpace_v455,Anterior cingulate area,33,39,-6
LatentSpace_v455,Infralimbic area,12,26,-14
LatentSpace_v455,Retrosplenial area,26,36,-10
LatentSpace_v455,Prelimbic area,28,35,-7
LatentSpace_v455,Primary auditory area,35,38,-3
LatentSpace_v455,Dorsal auditory area,32,38,-6
LatentSpace_v455,Ventral auditory area,35,38,-3
LatentSpace_v455,Agranular insular area,23,37,-14
LatentSpace_v455,Ectorhinal area,23,33,-10
LatentSpace_v455,Primary motor area,35,38,-3
LatentSpace_v455,Secondary motor area,35,38,-3
LatentSpace_v455,"Frontal pole, cerebral cortex",30,40,-10
LatentSpace_v455,Orbital area,25,35,-10
LatentSpace_v455,Posterior parietal association areas,35,38,-3
LatentSpace_v455,Perirhinal area,18,32,-14
LatentSpace_v455,Primary somatosensory area,25,35,-10
LatentSpace_v455,Supplemental somatosensory area,35,38,-3
LatentSpace_v455,Temporal association areas,33,33,0
LatentSpace_v455,Visual areas,29,38,-9
LatentSpace_v455,Pallidum,7,6,1
LatentSpace_v455,Striatum ventral region,7,3,4
LatentSpace_v455,Lateral septal complex,15,4,11
LatentSpace_v455,Caudoputamen,3,3,0
LatentSpace_v455,Medial amygdalar nucleus,10,7,3
LatentSpace_v455,Hypothalamus,7,9,-2
LatentSpace_v455,Thalamus,3,1,2
LatentSpace_v455,Inferior colliculus,9,9,0
LatentSpace_v455,"Superior colliculus, sensory related",5,10,-5
LatentSpace_v455,Midbrain raphe nuclei,14,12,2
LatentSpace_v455,Midbrain-other,11,10,1
LatentSpace_v455,Periaqueductal gray,11,11,0
LatentSpace_v455,Pons,9,9,0
LatentSpace_v455,Medulla,13,9,4
LatentSpace_v455,Lingula (I),13,34,-21
LatentSpace_v455,Central lobule,14,34,-20
LatentSpace_v455,Culmen,26,34,-8
LatentSpace_v455,Declive (VI),23,28,-5
LatentSpace_v455,Folium-tuber vermis (VII),23,31,-8
LatentSpace_v455,Pyramus (VIII),27,32,-5
LatentSpace_v455,Uvula (IX),23,34,-11
LatentSpace_v455,Nodulus (X),15,35,-20
LatentSpace_v455,Simple lobule,22,29,-7
LatentSpace_v455,Crus 1,23,26,-3
LatentSpace_v455,Crus 2,23,27,-4
LatentSpace_v455,Paramedian lobule,23,33,-10
LatentSpace_v455,Copula pyramidis,27,34,-7
LatentSpace_v455,Flocculus,16,34,-18
LatentSpace_v455,Paraflocculus,27,36,-9
LatentSpace_v455,Cerebellar nuclei,17,11,6
LatentSpace_v456,Cortical subplate-other,10,15,-5
LatentSpace_v456,Claustrum,28,33,-5
LatentSpace_v456,Endopiriform nucleus,11,32,-21
LatentSpace_v456,Olfactory areas-other,11,33,-22
LatentSpace_v456,Postpiriform transition area,10,27,-17
LatentSpace_v456,Piriform area,14,34,-20
LatentSpace_v456,Taenia tecta,13,28,-15
LatentSpace_v456,Cortical amygdalar area,7,19,-12
LatentSpace_v456,Piriform-amygdalar area,12,28,-16
LatentSpace_v456,Main olfactory bulb,33,10,23
LatentSpace_v456,Accessory olfactory bulb,5,19,-14
LatentSpace_v456,Anterior olfactory nucleus,11,32,-21
LatentSpace_v456,Subiculum,4,35,-31
LatentSpace_v456,Entorhinal area,10,22,-12
LatentSpace_v456,Field CA1,6,25,-19
LatentSpace_v456,Field CA2,6,14,-8
LatentSpace_v456,Field CA3,6,8,-2
LatentSpace_v456,Dentate gyrus,8,3,5
LatentSpace_v456,Anterior cingulate area,37,39,-2
LatentSpace_v456,Infralimbic area,10,26,-16
LatentSpace_v456,Retrosplenial area,29,36,-7
LatentSpace_v456,Prelimbic area,28,35,-7
LatentSpace_v456,Primary auditory area,37,38,-1
LatentSpace_v456,Dorsal auditory area,35,38,-3
LatentSpace_v456,Ventral auditory area,39,38,1
LatentSpace_v456,Agranular insular area,18,37,-19
LatentSpace_v456,Ectorhinal area,24,33,-9
LatentSpace_v456,Primary motor area,35,38,-3
LatentSpace_v456,Secondary motor area,36,38,-2
LatentSpace_v456,"Frontal pole, cerebral cortex",26,40,-14
LatentSpace_v456,Orbital area,21,35,-14
LatentSpace_v456,Posterior parietal association areas,35,38,-3
LatentSpace_v456,Perirhinal area,16,32,-16
LatentSpace_v456,Primary somatosensory area,30,35,-5
LatentSpace_v456,Supplemental somatosensory area,37,38,-1
LatentSpace_v456,Temporal association areas,30,33,-3
LatentSpace_v456,Visual areas,35,38,-3
LatentSpace_v456,Pallidum,12,6,6
LatentSpace_v456,Striatum ventral region,8,3,5
LatentSpace_v456,Lateral septal complex,10,4,6
LatentSpace_v456,Caudoputamen,3,3,0
LatentSpace_v456,Medial amygdalar nucleus,8,7,1
LatentSpace_v456,Hypothalamus,12,9,3
LatentSpace_v456,Thalamus,3,1,2
LatentSpace_v456,Inferior colliculus,5,9,-4
LatentSpace_v456,"Superior colliculus, sensory related",4,10,-6
LatentSpace_v456,Midbrain raphe nuclei,14,12,2
LatentSpace_v456,Midbrain-other,11,10,1
LatentSpace_v456,Periaqueductal gray,10,11,-1
LatentSpace_v456,Pons,12,9,3
LatentSpace_v456,Medulla,11,9,2
LatentSpace_v456,Lingula (I),10,34,-24
LatentSpace_v456,Central lobule,13,34,-21
LatentSpace_v456,Culmen,27,34,-7
LatentSpace_v456,Declive (VI),23,28,-5
LatentSpace_v456,Folium-tuber vermis (VII),23,31,-8
LatentSpace_v456,Pyramus (VIII),23,32,-9
LatentSpace_v456,Uvula (IX),16,34,-18
LatentSpace_v456,Nodulus (X),12,35,-23
LatentSpace_v456,Simple lobule,22,29,-7
LatentSpace_v456,Crus 1,22,26,-4
LatentSpace_v456,Crus 2,22,27,-5
LatentSpace_v456,Paramedian lobule,23,33,-10
LatentSpace_v456,Copula pyramidis,23,34,-11
LatentSpace_v456,Flocculus,21,34,-13
LatentSpace_v456,Paraflocculus,23,36,-13
LatentSpace_v456,Cerebellar nuclei,11,11,0
LatentSpace_v457,Cortical subplate-other,11,15,-4
LatentSpace_v457,Claustrum,21,33,-12
LatentSpace_v457,Endopiriform nucleus,10,32,-22
LatentSpace_v457,Olfactory areas-other,17,33,-16
LatentSpace_v457,Postpiriform transition area,11,27,-16
LatentSpace_v457,Piriform area,11,34,-23
LatentSpace_v457,Taenia tecta,12,28,-16
LatentSpace_v457,Cortical amygdalar area,9,19,-10
LatentSpace_v457,Piriform-amygdalar area,11,28,-17
LatentSpace_v457,Main olfactory bulb,13,10,3
LatentSpace_v457,Accessory olfactory bulb,23,19,4
LatentSpace_v457,Anterior olfactory nucleus,17,32,-15
LatentSpace_v457,Subiculum,3,35,-32
LatentSpace_v457,Entorhinal area,14,22,-8
LatentSpace_v457,Field CA1,7,25,-18
LatentSpace_v457,Field CA2,12,14,-2
LatentSpace_v457,Field CA3,8,8,0
LatentSpace_v457,Dentate gyrus,7,3,4
LatentSpace_v457,Anterior cingulate area,36,39,-3
LatentSpace_v457,Infralimbic area,12,26,-14
LatentSpace_v457,Retrosplenial area,21,36,-15
LatentSpace_v457,Prelimbic area,28,35,-7
LatentSpace_v457,Primary auditory area,35,38,-3
LatentSpace_v457,Dorsal auditory area,34,38,-4
LatentSpace_v457,Ventral auditory area,34,38,-4
LatentSpace_v457,Agranular insular area,21,37,-16
LatentSpace_v457,Ectorhinal area,18,33,-15
LatentSpace_v457,Primary motor area,35,38,-3
LatentSpace_v457,Secondary motor area,32,38,-6
LatentSpace_v457,"Frontal pole, cerebral cortex",26,40,-14
LatentSpace_v457,Orbital area,21,35,-14
LatentSpace_v457,Posterior parietal association areas,31,38,-7
LatentSpace_v457,Perirhinal area,14,32,-18
LatentSpace_v457,Primary somatosensory area,28,35,-7
LatentSpace_v457,Supplemental somatosensory area,36,38,-2
LatentSpace_v457,Temporal association areas,24,33,-9
LatentSpace_v457,Visual areas,31,38,-7
LatentSpace_v457,Pallidum,7,6,1
LatentSpace_v457,Striatum ventral region,7,3,4
LatentSpace_v457,Lateral septal complex,9,4,5
LatentSpace_v457,Caudoputamen,3,3,0
LatentSpace_v457,Medial amygdalar nucleus,11,7,4
LatentSpace_v457,Hypothalamus,8,9,-1
LatentSpace_v457,Thalamus,7,1,6
LatentSpace_v457,Inferior colliculus,23,9,14
LatentSpace_v457,"Superior colliculus, sensory related",10,10,0
LatentSpace_v457,Midbrain raphe nuclei,15,12,3
LatentSpace_v457,Midbrain-other,12,10,2
LatentSpace_v457,Periaqueductal gray,12,11,1
LatentSpace_v457,Pons,9,9,0
LatentSpace_v457,Medulla,12,9,3
LatentSpace_v457,Lingula (I),13,34,-21
LatentSpace_v457,Central lobule,14,34,-20
LatentSpace_v457,Culmen,30,34,-4
LatentSpace_v457,Declive (VI),23,28,-5
LatentSpace_v457,Folium-tuber vermis (VII),23,31,-8
LatentSpace_v457,Pyramus (VIII),31,32,-1
LatentSpace_v457,Uvula (IX),30,34,-4
LatentSpace_v457,Nodulus (X),23,35,-12
LatentSpace_v457,Simple lobule,23,29,-6
LatentSpace_v457,Crus 1,23,26,-3
LatentSpace_v457,Crus 2,24,27,-3
LatentSpace_v457,Paramedian lobule,27,33,-6
LatentSpace_v457,Copula pyramidis,33,34,-1
LatentSpace_v457,Flocculus,14,34,-20
LatentSpace_v457,Paraflocculus,24,36,-12
LatentSpace_v457,Cerebellar nuclei,13,11,2
LatentSpace_v458,Cortical subplate-other,8,15,-7
LatentSpace_v458,Claustrum,23,33,-10
LatentSpace_v458,Endopiriform nucleus,6,32,-26
LatentSpace_v458,Olfactory areas-other,13,33,-20
LatentSpace_v458,Postpiriform transition area,10,27,-17
LatentSpace_v458,Piriform area,11,34,-23
LatentSpace_v458,Taenia tecta,13,28,-15
LatentSpace_v458,Cortical amygdalar area,8,19,-11
LatentSpace_v458,Piriform-amygdalar area,11,28,-17
LatentSpace_v458,Main olfactory bulb,22,10,12
LatentSpace_v458,Accessory olfactory bulb,37,19,18
LatentSpace_v458,Anterior olfactory nucleus,13,32,-19
LatentSpace_v458,Subiculum,5,35,-30
LatentSpace_v458,Entorhinal area,12,22,-10
LatentSpace_v458,Field CA1,8,25,-17
LatentSpace_v458,Field CA2,28,14,14
LatentSpace_v458,Field CA3,8,8,0
LatentSpace_v458,Dentate gyrus,7,3,4
LatentSpace_v458,Anterior cingulate area,37,39,-2
LatentSpace_v458,Infralimbic area,12,26,-14
LatentSpace_v458,Retrosplenial area,27,36,-9
LatentSpace_v458,Prelimbic area,28,35,-7
LatentSpace_v458,Primary auditory area,35,38,-3
LatentSpace_v458,Dorsal auditory area,35,38,-3
LatentSpace_v458,Ventral auditory area,36,38,-2
LatentSpace_v458,Agranular insular area,23,37,-14
LatentSpace_v458,Ectorhinal area,22,33,-11
LatentSpace_v458,Primary motor area,35,38,-3
LatentSpace_v458,Secondary motor area,36,38,-2
LatentSpace_v458,"Frontal pole, cerebral cortex",32,40,-8
LatentSpace_v458,Orbital area,23,35,-12
LatentSpace_v458,Posterior parietal association areas,35,38,-3
LatentSpace_v458,Perirhinal area,15,32,-17
LatentSpace_v458,Primary somatosensory area,29,35,-6
LatentSpace_v458,Supplemental somatosensory area,35,38,-3
LatentSpace_v458,Temporal association areas,31,33,-2
LatentSpace_v458,Visual areas,34,38,-4
LatentSpace_v458,Pallidum,7,6,1
LatentSpace_v458,Striatum ventral region,7,3,4
LatentSpace_v458,Lateral septal complex,8,4,4
LatentSpace_v458,Caudoputamen,3,3,0
LatentSpace_v458,Medial amygdalar nucleus,11,7,4
LatentSpace_v458,Hypothalamus,8,9,-1
LatentSpace_v458,Thalamus,5,1,4
LatentSpace_v458,Inferior colliculus,9,9,0
LatentSpace_v458,"Superior colliculus, sensory related",6,10,-4
LatentSpace_v458,Midbrain raphe nuclei,13,12,1
LatentSpace_v458,Midbrain-other,9,10,-1
LatentSpace_v458,Periaqueductal gray,12,11,1
LatentSpace_v458,Pons,11,9,2
LatentSpace_v458,Medulla,11,9,2
LatentSpace_v458,Lingula (I),17,34,-17
LatentSpace_v458,Central lobule,21,34,-13
LatentSpace_v458,Culmen,25,34,-9
LatentSpace_v458,Declive (VI),23,28,-5
LatentSpace_v458,Folium-tuber vermis (VII),23,31,-8
LatentSpace_v458,Pyramus (VIII),23,32,-9
LatentSpace_v458,Uvula (IX),17,34,-17
LatentSpace_v458,Nodulus (X),17,35,-18
LatentSpace_v458,Simple lobule,23,29,-6
LatentSpace_v458,Crus 1,23,26,-3
LatentSpace_v458,Crus 2,23,27,-4
LatentSpace_v458,Paramedian lobule,23,33,-10
LatentSpace_v458,Copula pyramidis,25,34,-9
LatentSpace_v458,Flocculus,18,34,-16
LatentSpace_v458,Paraflocculus,21,36,-15
LatentSpace_v458,Cerebellar nuclei,19,11,8
LatentSpace_v459,Cortical subplate-other,8,15,-7
LatentSpace_v459,Claustrum,15,33,-18
LatentSpace_v459,Endopiriform nucleus,10,32,-22
LatentSpace_v459,Olfactory areas-other,20,33,-13
LatentSpace_v459,Postpiriform transition area,10,27,-17
LatentSpace_v459,Piriform area,15,34,-19
LatentSpace_v459,Taenia tecta,13,28,-15
LatentSpace_v459,Cortical amygdalar area,7,19,-12
LatentSpace_v459,Piriform-amygdalar area,17,28,-11
LatentSpace_v459,Main olfactory bulb,4,10,-6
LatentSpace_v459,Accessory olfactory bulb,33,19,14
LatentSpace_v459,Anterior olfactory nucleus,25,32,-7
LatentSpace_v459,Subiculum,5,35,-30
LatentSpace_v459,Entorhinal area,13,22,-9
LatentSpace_v459,Field CA1,5,25,-20
LatentSpace_v459,Field CA2,6,14,-8
LatentSpace_v459,Field CA3,5,8,-3
LatentSpace_v459,Dentate gyrus,6,3,3
LatentSpace_v459,Anterior cingulate area,36,39,-3
LatentSpace_v459,Infralimbic area,12,26,-14
LatentSpace_v459,Retrosplenial area,24,36,-12
LatentSpace_v459,Prelimbic area,25,35,-10
LatentSpace_v459,Primary auditory area,37,38,-1
LatentSpace_v459,Dorsal auditory area,35,38,-3
LatentSpace_v459,Ventral auditory area,36,38,-2
LatentSpace_v459,Agranular insular area,22,37,-15
LatentSpace_v459,Ectorhinal area,22,33,-11
LatentSpace_v459,Primary motor area,35,38,-3
LatentSpace_v459,Secondary motor area,36,38,-2
LatentSpace_v459,"Frontal pole, cerebral cortex",30,40,-10
LatentSpace_v459,Orbital area,23,35,-12
LatentSpace_v459,Posterior parietal association areas,35,38,-3
LatentSpace_v459,Perirhinal area,19,32,-13
LatentSpace_v459,Primary somatosensory area,32,35,-3
LatentSpace_v459,Supplemental somatosensory area,38,38,0
LatentSpace_v459,Temporal association areas,27,33,-6
LatentSpace_v459,Visual areas,35,38,-3
LatentSpace_v459,Pallidum,7,6,1
LatentSpace_v459,Striatum ventral region,5,3,2
LatentSpace_v459,Lateral septal complex,10,4,6
LatentSpace_v459,Caudoputamen,3,3,0
LatentSpace_v459,Medial amygdalar nucleus,7,7,0
LatentSpace_v459,Hypothalamus,8,9,-1
LatentSpace_v459,Thalamus,10,1,9
LatentSpace_v459,Inferior colliculus,9,9,0
LatentSpace_v459,"Superior colliculus, sensory related",8,10,-2
LatentSpace_v459,Midbrain raphe nuclei,14,12,2
LatentSpace_v459,Midbrain-other,13,10,3
LatentSpace_v459,Periaqueductal gray,12,11,1
LatentSpace_v459,Pons,10,9,1
LatentSpace_v459,Medulla,11,9,2
LatentSpace_v459,Lingula (I),13,34,-21
LatentSpace_v459,Central lobule,14,34,-20
LatentSpace_v459,Culmen,31,34,-3
LatentSpace_v459,Declive (VI),23,28,-5
LatentSpace_v459,Folium-tuber vermis (VII),23,31,-8
LatentSpace_v459,Pyramus (VIII),24,32,-8
LatentSpace_v459,Uvula (IX),35,34,1
LatentSpace_v459,Nodulus (X),21,35,-14
LatentSpace_v459,Simple lobule,22,29,-7
LatentSpace_v459,Crus 1,22,26,-4
LatentSpace_v459,Crus 2,22,27,-5
LatentSpace_v459,Paramedian lobule,23,33,-10
LatentSpace_v459,Copula pyramidis,24,34,-10
LatentSpace_v459,Flocculus,31,34,-3
LatentSpace_v459,Paraflocculus,24,36,-12
LatentSpace_v459,Cerebellar nuclei,12,11,1
LatentSpace_v460,Cortical subplate-other,13,15,-2
LatentSpace_v460,Claustrum,24,33,-9
LatentSpace_v460,Endopiriform nucleus,14,32,-18
LatentSpace_v460,Olfactory areas-other,21,33,-12
LatentSpace_v460,Postpiriform transition area,17,27,-10
LatentSpace_v460,Piriform area,19,34,-15
LatentSpace_v460,Taenia tecta,19,28,-9
LatentSpace_v460,Cortical amygdalar area,13,19,-6
LatentSpace_v460,Piriform-amygdalar area,19,28,-9
LatentSpace_v460,Main olfactory bulb,18,10,8
LatentSpace_v460,Accessory olfactory bulb,22,19,3
LatentSpace_v460,Anterior olfactory nucleus,18,32,-14
LatentSpace_v460,Subiculum,4,35,-31
LatentSpace_v460,Entorhinal area,18,22,-4
LatentSpace_v460,Field CA1,8,25,-17
LatentSpace_v460,Field CA2,10,14,-4
LatentSpace_v460,Field CA3,12,8,4
LatentSpace_v460,Dentate gyrus,10,3,7
LatentSpace_v460,Anterior cingulate area,33,39,-6
LatentSpace_v460,Infralimbic area,20,26,-6
LatentSpace_v460,Retrosplenial area,22,36,-14
LatentSpace_v460,Prelimbic area,29,35,-6
LatentSpace_v460,Primary auditory area,35,38,-3
LatentSpace_v460,Dorsal auditory area,31,38,-7
LatentSpace_v460,Ventral auditory area,36,38,-2
LatentSpace_v460,Agranular insular area,27,37,-10
LatentSpace_v460,Ectorhinal area,24,33,-9
LatentSpace_v460,Primary motor area,35,38,-3
LatentSpace_v460,Secondary motor area,33,38,-5
LatentSpace_v460,"Frontal pole, cerebral cortex",30,40,-10
LatentSpace_v460,Orbital area,28,35,-7
LatentSpace_v460,Posterior parietal association areas,27,38,-11
LatentSpace_v460,Perirhinal area,22,32,-10
LatentSpace_v460,Primary somatosensory area,23,35,-12
LatentSpace_v460,Supplemental somatosensory area,36,38,-2
LatentSpace_v460,Temporal association areas,31,33,-2
LatentSpace_v460,Visual areas,23,38,-15
LatentSpace_v460,Pallidum,10,6,4
LatentSpace_v460,Striatum ventral region,10,3,7
LatentSpace_v460,Lateral septal complex,6,4,2
LatentSpace_v460,Caudoputamen,3,3,0
LatentSpace_v460,Medial amygdalar nucleus,14,7,7
LatentSpace_v460,Hypothalamus,7,9,-2
LatentSpace_v460,Thalamus,4,1,3
LatentSpace_v460,Inferior colliculus,5,9,-4
LatentSpace_v460,"Superior colliculus, sensory related",6,10,-4
LatentSpace_v460,Midbrain raphe nuclei,10,12,-2
LatentSpace_v460,Midbrain-other,9,10,-1
LatentSpace_v460,Periaqueductal gray,9,11,-2
LatentSpace_v460,Pons,9,9,0
LatentSpace_v460,Medulla,9,9,0
LatentSpace_v460,Lingula (I),19,34,-15
LatentSpace_v460,Central lobule,28,34,-6
LatentSpace_v460,Culmen,25,34,-9
LatentSpace_v460,Declive (VI),23,28,-5
LatentSpace_v460,Folium-tuber vermis (VII),23,31,-8
LatentSpace_v460,Pyramus (VIII),23,32,-9
LatentSpace_v460,Uvula (IX),32,34,-2
LatentSpace_v460,Nodulus (X),16,35,-19
LatentSpace_v460,Simple lobule,22,29,-7
LatentSpace_v460,Crus 1,22,26,-4
LatentSpace_v460,Crus 2,22,27,-5
LatentSpace_v460,Paramedian lobule,23,33,-10
LatentSpace_v460,Copula pyramidis,25,34,-9
LatentSpace_v460,Flocculus,32,34,-2
LatentSpace_v460,Paraflocculus,25,36,-11
LatentSpace_v460,Cerebellar nuclei,12,11,1
LatentSpace_v461,Cortical subplate-other,12,15,-3
LatentSpace_v461,Claustrum,21,33,-12
LatentSpace_v461,Endopiriform nucleus,13,32,-19
LatentSpace_v461,Olfactory areas-other,18,33,-15
LatentSpace_v461,Postpiriform transition area,8,27,-19
LatentSpace_v461,Piriform area,10,34,-24
LatentSpace_v461,Taenia tecta,13,28,-15
LatentSpace_v461,Cortical amygdalar area,9,19,-10
LatentSpace_v461,Piriform-amygdalar area,8,28,-20
LatentSpace_v461,Main olfactory bulb,30,10,20
LatentSpace_v461,Accessory olfactory bulb,29,19,10
LatentSpace_v461,Anterior olfactory nucleus,17,32,-15
LatentSpace_v461,Subiculum,6,35,-29
LatentSpace_v461,Entorhinal area,8,22,-14
LatentSpace_v461,Field CA1,10,25,-15
LatentSpace_v461,Field CA2,11,14,-3
LatentSpace_v461,Field CA3,10,8,2
LatentSpace_v461,Dentate gyrus,7,3,4
LatentSpace_v461,Anterior cingulate area,33,39,-6
LatentSpace_v461,Infralimbic area,11,26,-15
LatentSpace_v461,Retrosplenial area,30,36,-6
LatentSpace_v461,Prelimbic area,25,35,-10
LatentSpace_v461,Primary auditory area,36,38,-2
LatentSpace_v461,Dorsal auditory area,36,38,-2
LatentSpace_v461,Ventral auditory area,38,38,0
LatentSpace_v461,Agranular insular area,20,37,-17
LatentSpace_v461,Ectorhinal area,23,33,-10
LatentSpace_v461,Primary motor area,35,38,-3
LatentSpace_v461,Secondary motor area,36,38,-2
LatentSpace_v461,"Frontal pole, cerebral cortex",26,40,-14
LatentSpace_v461,Orbital area,22,35,-13
LatentSpace_v461,Posterior parietal association areas,35,38,-3
LatentSpace_v461,Perirhinal area,20,32,-12
LatentSpace_v461,Primary somatosensory area,31,35,-4
LatentSpace_v461,Supplemental somatosensory area,38,38,0
LatentSpace_v461,Temporal association areas,34,33,1
LatentSpace_v461,Visual areas,34,38,-4
LatentSpace_v461,Pallidum,7,6,1
LatentSpace_v461,Striatum ventral region,7,3,4
LatentSpace_v461,Lateral septal complex,15,4,11
LatentSpace_v461,Caudoputamen,3,3,0
LatentSpace_v461,Medial amygdalar nucleus,11,7,4
LatentSpace_v461,Hypothalamus,11,9,2
LatentSpace_v461,Thalamus,10,1,9
LatentSpace_v461,Inferior colliculus,12,9,3
LatentSpace_v461,"Superior colliculus, sensory related",9,10,-1
LatentSpace_v461,Midbrain raphe nuclei,14,12,2
LatentSpace_v461,Midbrain-other,14,10,4
LatentSpace_v461,Periaqueductal gray,13,11,2
LatentSpace_v461,Pons,9,9,0
LatentSpace_v461,Medulla,10,9,1
LatentSpace_v461,Lingula (I),17,34,-17
LatentSpace_v461,Central lobule,29,34,-5
LatentSpace_v461,Culmen,27,34,-7
LatentSpace_v461,Declive (VI),24,28,-4
LatentSpace_v461,Folium-tuber vermis (VII),25,31,-6
LatentSpace_v461,Pyramus (VIII),25,32,-7
LatentSpace_v461,Uvula (IX),27,34,-7
LatentSpace_v461,Nodulus (X),20,35,-15
LatentSpace_v461,Simple lobule,23,29,-6
LatentSpace_v461,Crus 1,22,26,-4
LatentSpace_v461,Crus 2,21,27,-6
LatentSpace_v461,Paramedian lobule,22,33,-11
LatentSpace_v461,Copula pyramidis,25,34,-9
LatentSpace_v461,Flocculus,32,34,-2
LatentSpace_v461,Paraflocculus,28,36,-8
LatentSpace_v461,Cerebellar nuclei,29,11,18
LatentSpace_v462,Cortical subplate-other,10,15,-5
LatentSpace_v462,Claustrum,31,33,-2
LatentSpace_v462,Endopiriform nucleus,23,32,-9
LatentSpace_v462,Olfactory areas-other,10,33,-23
LatentSpace_v462,Postpiriform transition area,10,27,-17
LatentSpace_v462,Piriform area,19,34,-15
LatentSpace_v462,Taenia tecta,13,28,-15
LatentSpace_v462,Cortical amygdalar area,6,19,-13
LatentSpace_v462,Piriform-amygdalar area,6,28,-22
LatentSpace_v462,Main olfactory bulb,25,10,15
LatentSpace_v462,Accessory olfactory bulb,48,19,29
LatentSpace_v462,Anterior olfactory nucleus,10,32,-22
LatentSpace_v462,Subiculum,4,35,-31
LatentSpace_v462,Entorhinal area,14,22,-8
LatentSpace_v462,Field CA1,7,25,-18
LatentSpace_v462,Field CA2,7,14,-7
LatentSpace_v462,Field CA3,8,8,0
LatentSpace_v462,Dentate gyrus,10,3,7
LatentSpace_v462,Anterior cingulate area,35,39,-4
LatentSpace_v462,Infralimbic area,12,26,-14
LatentSpace_v462,Retrosplenial area,25,36,-11
LatentSpace_v462,Prelimbic area,23,35,-12
LatentSpace_v462,Primary auditory area,35,38,-3
LatentSpace_v462,Dorsal auditory area,35,38,-3
LatentSpace_v462,Ventral auditory area,37,38,-1
LatentSpace_v462,Agranular insular area,23,37,-14
LatentSpace_v462,Ectorhinal area,24,33,-9
LatentSpace_v462,Primary motor area,35,38,-3
LatentSpace_v462,Secondary motor area,36,38,-2
LatentSpace_v462,"Frontal pole, cerebral cortex",33,40,-7
LatentSpace_v462,Orbital area,23,35,-12
LatentSpace_v462,Posterior parietal association areas,35,38,-3
LatentSpace_v462,Perirhinal area,19,32,-13
LatentSpace_v462,Primary somatosensory area,30,35,-5
LatentSpace_v462,Supplemental somatosensory area,37,38,-1
LatentSpace_v462,Temporal association areas,30,33,-3
LatentSpace_v462,Visual areas,35,38,-3
LatentSpace_v462,Pallidum,7,6,1
LatentSpace_v462,Striatum ventral region,7,3,4
LatentSpace_v462,Lateral septal complex,14,4,10
LatentSpace_v462,Caudoputamen,3,3,0
LatentSpace_v462,Medial amygdalar nucleus,12,7,5
LatentSpace_v462,Hypothalamus,8,9,-1
LatentSpace_v462,Thalamus,7,1,6
LatentSpace_v462,Inferior colliculus,7,9,-2
LatentSpace_v462,"Superior colliculus, sensory related",9,10,-1
LatentSpace_v462,Midbrain raphe nuclei,14,12,2
LatentSpace_v462,Midbrain-other,12,10,2
LatentSpace_v462,Periaqueductal gray,13,11,2
LatentSpace_v462,Pons,5,9,-4
LatentSpace_v462,Medulla,7,9,-2
LatentSpace_v462,Lingula (I),17,34,-17
LatentSpace_v462,Central lobule,29,34,-5
LatentSpace_v462,Culmen,26,34,-8
LatentSpace_v462,Declive (VI),23,28,-5
LatentSpace_v462,Folium-tuber vermis (VII),24,31,-7
LatentSpace_v462,Pyramus (VIII),28,32,-4
LatentSpace_v462,Uvula (IX),34,34,0
LatentSpace_v462,Nodulus (X),30,35,-5
LatentSpace_v462,Simple lobule,22,29,-7
LatentSpace_v462,Crus 1,22,26,-4
LatentSpace_v462,Crus 2,21,27,-6
LatentSpace_v462,Paramedian lobule,22,33,-11
LatentSpace_v462,Copula pyramidis,28,34,-6
LatentSpace_v462,Flocculus,33,34,-1
LatentSpace_v462,Paraflocculus,24,36,-12
LatentSpace_v462,Cerebellar nuclei,13,11,2
LatentSpace_v463,Cortical subplate-other,15,15,0
LatentSpace_v463,Claustrum,18,33,-15
LatentSpace_v463,Endopiriform nucleus,17,32,-15
LatentSpace_v463,Olfactory areas-other,12,33,-21
LatentSpace_v463,Postpiriform transition area,17,27,-10
LatentSpace_v463,Piriform area,17,34,-17
LatentSpace_v463,Taenia tecta,15,28,-13
LatentSpace_v463,Cortical amygdalar area,12,19,-7
LatentSpace_v463,Piriform-amygdalar area,10,28,-18
LatentSpace_v463,Main olfactory bulb,33,10,23
LatentSpace_v463,Accessory olfactory bulb,20,19,1
LatentSpace_v463,Anterior olfactory nucleus,7,32,-25
LatentSpace_v463,Subiculum,24,35,-11
LatentSpace_v463,Entorhinal area,15,22,-7
LatentSpace_v463,Field CA1,9,25,-16
LatentSpace_v463,Field CA2,8,14,-6
LatentSpace_v463,Field CA3,9,8,1
LatentSpace_v463,Dentate gyrus,8,3,5
LatentSpace_v463,Anterior cingulate area,31,39,-8
LatentSpace_v463,Infralimbic area,13,26,-13
LatentSpace_v463,Retrosplenial area,23,36,-13
LatentSpace_v463,Prelimbic area,29,35,-6
LatentSpace_v463,Primary auditory area,35,38,-3
LatentSpace_v463,Dorsal auditory area,31,38,-7
LatentSpace_v463,Ventral auditory area,35,38,-3
LatentSpace_v463,Agranular insular area,26,37,-11
LatentSpace_v463,Ectorhinal area,22,33,-11
LatentSpace_v463,Primary motor area,31,38,-7
LatentSpace_v463,Secondary motor area,33,38,-5
LatentSpace_v463,"Frontal pole, cerebral cortex",31,40,-9
LatentSpace_v463,Orbital area,30,35,-5
LatentSpace_v463,Posterior parietal association areas,31,38,-7
LatentSpace_v463,Perirhinal area,18,32,-14
LatentSpace_v463,Primary somatosensory area,25,35,-10
LatentSpace_v463,Supplemental somatosensory area,36,38,-2
LatentSpace_v463,Temporal association areas,29,33,-4
LatentSpace_v463,Visual areas,28,38,-10
LatentSpace_v463,Pallidum,12,6,6
LatentSpace_v463,Striatum ventral region,8,3,5
LatentSpace_v463,Lateral septal complex,13,4,9
LatentSpace_v463,Caudoputamen,3,3,0
LatentSpace_v463,Medial amygdalar nucleus,14,7,7
LatentSpace_v463,Hypothalamus,10,9,1
LatentSpace_v463,Thalamus,2,1,1
LatentSpace_v463,Inferior colliculus,4,9,-5
LatentSpace_v463,"Superior colliculus, sensory related",4,10,-6
LatentSpace_v463,Midbrain raphe nuclei,14,12,2
LatentSpace_v463,Midbrain-other,8,10,-2
LatentSpace_v463,Periaqueductal gray,7,11,-4
LatentSpace_v463,Pons,7,9,-2
LatentSpace_v463,Medulla,8,9,-1
LatentSpace_v463,Lingula (I),10,34,-24
LatentSpace_v463,Central lobule,8,34,-26
LatentSpace_v463,Culmen,28,34,-6
LatentSpace_v463,Declive (VI),23,28,-5
LatentSpace_v463,Folium-tuber vermis (VII),25,31,-6
LatentSpace_v463,Pyramus (VIII),29,32,-3
LatentSpace_v463,Uvula (IX),12,34,-22
LatentSpace_v463,Nodulus (X),11,35,-24
LatentSpace_v463,Simple lobule,23,29,-6
LatentSpace_v463,Crus 1,23,26,-3
LatentSpace_v463,Crus 2,23,27,-4
LatentSpace_v463,Paramedian lobule,24,33,-9
LatentSpace_v463,Copula pyramidis,27,34,-7
LatentSpace_v463,Flocculus,11,34,-23
LatentSpace_v463,Paraflocculus,29,36,-7
LatentSpace_v463,Cerebellar nuclei,9,11,-2
LatentSpace_v464,Cortical subplate-other,7,15,-8
LatentSpace_v464,Claustrum,21,33,-12
LatentSpace_v464,Endopiriform nucleus,9,32,-23
LatentSpace_v464,Olfactory areas-other,14,33,-19
LatentSpace_v464,Postpiriform transition area,7,27,-20
LatentSpace_v464,Piriform area,9,34,-25
LatentSpace_v464,Taenia tecta,14,28,-14
LatentSpace_v464,Cortical amygdalar area,6,19,-13
LatentSpace_v464,Piriform-amygdalar area,5,28,-23
LatentSpace_v464,Main olfactory bulb,32,10,22
LatentSpace_v464,Accessory olfactory bulb,23,19,4
LatentSpace_v464,Anterior olfactory nucleus,27,32,-5
LatentSpace_v464,Subiculum,4,35,-31
LatentSpace_v464,Entorhinal area,11,22,-11
LatentSpace_v464,Field CA1,8,25,-17
LatentSpace_v464,Field CA2,8,14,-6
LatentSpace_v464,Field CA3,6,8,-2
LatentSpace_v464,Dentate gyrus,8,3,5
LatentSpace_v464,Anterior cingulate area,35,39,-4
LatentSpace_v464,Infralimbic area,10,26,-16
LatentSpace_v464,Retrosplenial area,27,36,-9
LatentSpace_v464,Prelimbic area,27,35,-8
LatentSpace_v464,Primary auditory area,35,38,-3
LatentSpace_v464,Dorsal auditory area,35,38,-3
LatentSpace_v464,Ventral auditory area,38,38,0
LatentSpace_v464,Agranular insular area,23,37,-14
LatentSpace_v464,Ectorhinal area,23,33,-10
LatentSpace_v464,Primary motor area,35,38,-3
LatentSpace_v464,Secondary motor area,34,38,-4
LatentSpace_v464,"Frontal pole, cerebral cortex",25,40,-15
LatentSpace_v464,Orbital area,26,35,-9
LatentSpace_v464,Posterior parietal association areas,35,38,-3
LatentSpace_v464,Perirhinal area,20,32,-12
LatentSpace_v464,Primary somatosensory area,29,35,-6
LatentSpace_v464,Supplemental somatosensory area,35,38,-3
LatentSpace_v464,Temporal association areas,32,33,-1
LatentSpace_v464,Visual areas,35,38,-3
LatentSpace_v464,Pallidum,10,6,4
LatentSpace_v464,Striatum ventral region,7,3,4
LatentSpace_v464,Lateral septal complex,10,4,6
LatentSpace_v464,Caudoputamen,3,3,0
LatentSpace_v464,Medial amygdalar nucleus,11,7,4
LatentSpace_v464,Hypothalamus,9,9,0
LatentSpace_v464,Thalamus,9,1,8
LatentSpace_v464,Inferior colliculus,8,9,-1
LatentSpace_v464,"Superior colliculus, sensory related",6,10,-4
LatentSpace_v464,Midbrain raphe nuclei,14,12,2
LatentSpace_v464,Midbrain-other,11,10,1
LatentSpace_v464,Periaqueductal gray,9,11,-2
LatentSpace_v464,Pons,7,9,-2
LatentSpace_v464,Medulla,6,9,-3
LatentSpace_v464,Lingula (I),10,34,-24
LatentSpace_v464,Central lobule,16,34,-18
LatentSpace_v464,Culmen,27,34,-7
LatentSpace_v464,Declive (VI),23,28,-5
LatentSpace_v464,Folium-tuber vermis (VII),23,31,-8
LatentSpace_v464,Pyramus (VIII),23,32,-9
LatentSpace_v464,Uvula (IX),31,34,-3
LatentSpace_v464,Nodulus (X),21,35,-14
LatentSpace_v464,Simple lobule,22,29,-7
LatentSpace_v464,Crus 1,22,26,-4
LatentSpace_v464,Crus 2,22,27,-5
LatentSpace_v464,Paramedian lobule,23,33,-10
LatentSpace_v464,Copula pyramidis,23,34,-11
LatentSpace_v464,Flocculus,28,34,-6
LatentSpace_v464,Paraflocculus,23,36,-13
LatentSpace_v464,Cerebellar nuclei,26,11,15
LatentSpace_v465,Cortical subplate-other,8,15,-7
LatentSpace_v465,Claustrum,24,33,-9
LatentSpace_v465,Endopiriform nucleus,11,32,-21
LatentSpace_v465,Olfactory areas-other,11,33,-22
LatentSpace_v465,Postpiriform transition area,11,27,-16
LatentSpace_v465,Piriform area,12,34,-22
LatentSpace_v465,Taenia tecta,11,28,-17
LatentSpace_v465,Cortical amygdalar area,10,19,-9
LatentSpace_v465,Piriform-amygdalar area,11,28,-17
LatentSpace_v465,Main olfactory bulb,4,10,-6
LatentSpace_v465,Accessory olfactory bulb,15,19,-4
LatentSpace_v465,Anterior olfactory nucleus,11,32,-21
LatentSpace_v465,Subiculum,4,35,-31
LatentSpace_v465,Entorhinal area,11,22,-11
LatentSpace_v465,Field CA1,8,25,-17
LatentSpace_v465,Field CA2,8,14,-6
LatentSpace_v465,Field CA3,7,8,-1
LatentSpace_v465,Dentate gyrus,4,3,1
LatentSpace_v465,Anterior cingulate area,33,39,-6
LatentSpace_v465,Infralimbic area,10,26,-16
LatentSpace_v465,Retrosplenial area,27,36,-9
LatentSpace_v465,Prelimbic area,25,35,-10
LatentSpace_v465,Primary auditory area,36,38,-2
LatentSpace_v465,Dorsal auditory area,35,38,-3
LatentSpace_v465,Ventral auditory area,36,38,-2
LatentSpace_v465,Agranular insular area,17,37,-20
LatentSpace_v465,Ectorhinal area,22,33,-11
LatentSpace_v465,Primary motor area,35,38,-3
LatentSpace_v465,Secondary motor area,33,38,-5
LatentSpace_v465,"Frontal pole, cerebral cortex",27,40,-13
LatentSpace_v465,Orbital area,17,35,-18
LatentSpace_v465,Posterior parietal association areas,35,38,-3
LatentSpace_v465,Perirhinal area,17,32,-15
LatentSpace_v465,Primary somatosensory area,28,35,-7
LatentSpace_v465,Supplemental somatosensory area,35,38,-3
LatentSpace_v465,Temporal association areas,29,33,-4
LatentSpace_v465,Visual areas,35,38,-3
LatentSpace_v465,Pallidum,4,6,-2
LatentSpace_v465,Striatum ventral region,6,3,3
LatentSpace_v465,Lateral septal complex,5,4,1
LatentSpace_v465,Caudoputamen,3,3,0
LatentSpace_v465,Medial amygdalar nucleus,10,7,3
LatentSpace_v465,Hypothalamus,8,9,-1
LatentSpace_v465,Thalamus,4,1,3
LatentSpace_v465,Inferior colliculus,8,9,-1
LatentSpace_v465,"Superior colliculus, sensory related",7,10,-3
LatentSpace_v465,Midbrain raphe nuclei,14,12,2
LatentSpace_v465,Midbrain-other,11,10,1
LatentSpace_v465,Periaqueductal gray,12,11,1
LatentSpace_v465,Pons,9,9,0
LatentSpace_v465,Medulla,11,9,2
LatentSpace_v465,Lingula (I),12,34,-22
LatentSpace_v465,Central lobule,15,34,-19
LatentSpace_v465,Culmen,27,34,-7
LatentSpace_v465,Declive (VI),23,28,-5
LatentSpace_v465,Folium-tuber vermis (VII),23,31,-8
LatentSpace_v465,Pyramus (VIII),24,32,-8
LatentSpace_v465,Uvula (IX),19,34,-15
LatentSpace_v465,Nodulus (X),15,35,-20
LatentSpace_v465,Simple lobule,22,29,-7
LatentSpace_v465,Crus 1,23,26,-3
LatentSpace_v465,Crus 2,23,27,-4
LatentSpace_v465,Paramedian lobule,23,33,-10
LatentSpace_v465,Copula pyramidis,28,34,-6
LatentSpace_v465,Flocculus,17,34,-17
LatentSpace_v465,Paraflocculus,27,36,-9
LatentSpace_v465,Cerebellar nuclei,15,11,4
LatentSpace_v466,Cortical subplate-other,6,15,-9
LatentSpace_v466,Claustrum,23,33,-10
LatentSpace_v466,Endopiriform nucleus,10,32,-22
LatentSpace_v466,Olfactory areas-other,14,33,-19
LatentSpace_v466,Postpiriform transition area,11,27,-16
LatentSpace_v466,Piriform area,12,34,-22
LatentSpace_v466,Taenia tecta,10,28,-18
LatentSpace_v466,Cortical amygdalar area,9,19,-10
LatentSpace_v466,Piriform-amygdalar area,10,28,-18
LatentSpace_v466,Main olfactory bulb,22,10,12
LatentSpace_v466,Accessory olfactory bulb,27,19,8
LatentSpace_v466,Anterior olfactory nucleus,12,32,-20
LatentSpace_v466,Subiculum,6,35,-29
LatentSpace_v466,Entorhinal area,16,22,-6
LatentSpace_v466,Field CA1,7,25,-18
LatentSpace_v466,Field CA2,7,14,-7
LatentSpace_v466,Field CA3,6,8,-2
LatentSpace_v466,Dentate gyrus,7,3,4
LatentSpace_v466,Anterior cingulate area,38,39,-1
LatentSpace_v466,Infralimbic area,10,26,-16
LatentSpace_v466,Retrosplenial area,25,36,-11
LatentSpace_v466,Prelimbic area,30,35,-5
LatentSpace_v466,Primary auditory area,35,38,-3
LatentSpace_v466,Dorsal auditory area,35,38,-3
LatentSpace_v466,Ventral auditory area,38,38,0
LatentSpace_v466,Agranular insular area,23,37,-14
LatentSpace_v466,Ectorhinal area,23,33,-10
LatentSpace_v466,Primary motor area,35,38,-3
LatentSpace_v466,Secondary motor area,36,38,-2
LatentSpace_v466,"Frontal pole, cerebral cortex",36,40,-4
LatentSpace_v466,Orbital area,26,35,-9
LatentSpace_v466,Posterior parietal association areas,35,38,-3
LatentSpace_v466,Perirhinal area,21,32,-11
LatentSpace_v466,Primary somatosensory area,29,35,-6
LatentSpace_v466,Supplemental somatosensory area,36,38,-2
LatentSpace_v466,Temporal association areas,31,33,-2
LatentSpace_v466,Visual areas,33,38,-5
LatentSpace_v466,Pallidum,7,6,1
LatentSpace_v466,Striatum ventral region,7,3,4
LatentSpace_v466,Lateral septal complex,7,4,3
LatentSpace_v466,Caudoputamen,3,3,0
LatentSpace_v466,Medial amygdalar nucleus,9,7,2
LatentSpace_v466,Hypothalamus,7,9,-2
LatentSpace_v466,Thalamus,9,1,8
LatentSpace_v466,Inferior colliculus,12,9,3
LatentSpace_v466,"Superior colliculus, sensory related",6,10,-4
LatentSpace_v466,Midbrain raphe nuclei,14,12,2
LatentSpace_v466,Midbrain-other,12,10,2
LatentSpace_v466,Periaqueductal gray,11,11,0
LatentSpace_v466,Pons,11,9,2
LatentSpace_v466,Medulla,10,9,1
LatentSpace_v466,Lingula (I),19,34,-15
LatentSpace_v466,Central lobule,34,34,0
LatentSpace_v466,Culmen,24,34,-10
LatentSpace_v466,Declive (VI),22,28,-6
LatentSpace_v466,Folium-tuber vermis (VII),23,31,-8
LatentSpace_v466,Pyramus (VIII),25,32,-7
LatentSpace_v466,Uvula (IX),25,34,-9
LatentSpace_v466,Nodulus (X),15,35,-20
LatentSpace_v466,Simple lobule,22,29,-7
LatentSpace_v466,Crus 1,22,26,-4
LatentSpace_v466,Crus 2,22,27,-5
LatentSpace_v466,Paramedian lobule,23,33,-10
LatentSpace_v466,Copula pyramidis,28,34,-6
LatentSpace_v466,Flocculus,18,34,-16
LatentSpace_v466,Paraflocculus,25,36,-11
LatentSpace_v466,Cerebellar nuclei,13,11,2
LatentSpace_v467,Cortical subplate-other,10,15,-5
LatentSpace_v467,Claustrum,18,33,-15
LatentSpace_v467,Endopiriform nucleus,14,32,-18
LatentSpace_v467,Olfactory areas-other,18,33,-15
LatentSpace_v467,Postpiriform transition area,7,27,-20
LatentSpace_v467,Piriform area,10,34,-24
LatentSpace_v467,Taenia tecta,13,28,-15
LatentSpace_v467,Cortical amygdalar area,4,19,-15
LatentSpace_v467,Piriform-amygdalar area,3,28,-25
LatentSpace_v467,Main olfactory bulb,21,10,11
LatentSpace_v467,Accessory olfactory bulb,25,19,6
LatentSpace_v467,Anterior olfactory nucleus,12,32,-20
LatentSpace_v467,Subiculum,2,35,-33
LatentSpace_v467,Entorhinal area,13,22,-9
LatentSpace_v467,Field CA1,7,25,-18
LatentSpace_v467,Field CA2,6,14,-8
LatentSpace_v467,Field CA3,5,8,-3
LatentSpace_v467,Dentate gyrus,6,3,3
LatentSpace_v467,Anterior cingulate area,34,39,-5
LatentSpace_v467,Infralimbic area,12,26,-14
LatentSpace_v467,Retrosplenial area,25,36,-11
LatentSpace_v467,Prelimbic area,23,35,-12
LatentSpace_v467,Primary auditory area,35,38,-3
LatentSpace_v467,Dorsal auditory area,35,38,-3
LatentSpace_v467,Ventral auditory area,37,38,-1
LatentSpace_v467,Agranular insular area,22,37,-15
LatentSpace_v467,Ectorhinal area,19,33,-14
LatentSpace_v467,Primary motor area,35,38,-3
LatentSpace_v467,Secondary motor area,33,38,-5
LatentSpace_v467,"Frontal pole, cerebral cortex",28,40,-12
LatentSpace_v467,Orbital area,22,35,-13
LatentSpace_v467,Posterior parietal association areas,35,38,-3
LatentSpace_v467,Perirhinal area,18,32,-14
LatentSpace_v467,Primary somatosensory area,29,35,-6
LatentSpace_v467,Supplemental somatosensory area,36,38,-2
LatentSpace_v467,Temporal association areas,24,33,-9
LatentSpace_v467,Visual areas,35,38,-3
LatentSpace_v467,Pallidum,6,6,0
LatentSpace_v467,Striatum ventral region,7,3,4
LatentSpace_v467,Lateral septal complex,7,4,3
LatentSpace_v467,Caudoputamen,3,3,0
LatentSpace_v467,Medial amygdalar nucleus,8,7,1
LatentSpace_v467,Hypothalamus,7,9,-2
LatentSpace_v467,Thalamus,2,1,1
LatentSpace_v467,Inferior colliculus,11,9,2
LatentSpace_v467,"Superior colliculus, sensory related",7,10,-3
LatentSpace_v467,Midbrain raphe nuclei,14,12,2
LatentSpace_v467,Midbrain-other,10,10,0
LatentSpace_v467,Periaqueductal gray,12,11,1
LatentSpace_v467,Pons,9,9,0
LatentSpace_v467,Medulla,11,9,2
LatentSpace_v467,Lingula (I),13,34,-21
LatentSpace_v467,Central lobule,33,34,-1
LatentSpace_v467,Culmen,29,34,-5
LatentSpace_v467,Declive (VI),23,28,-5
LatentSpace_v467,Folium-tuber vermis (VII),23,31,-8
LatentSpace_v467,Pyramus (VIII),25,32,-7
LatentSpace_v467,Uvula (IX),34,34,0
LatentSpace_v467,Nodulus (X),20,35,-15
LatentSpace_v467,Simple lobule,22,29,-7
LatentSpace_v467,Crus 1,22,26,-4
LatentSpace_v467,Crus 2,23,27,-4
LatentSpace_v467,Paramedian lobule,23,33,-10
LatentSpace_v467,Copula pyramidis,23,34,-11
LatentSpace_v467,Flocculus,30,34,-4
LatentSpace_v467,Paraflocculus,24,36,-12
LatentSpace_v467,Cerebellar nuclei,14,11,3
LatentSpace_v468,Cortical subplate-other,9,15,-6
LatentSpace_v468,Claustrum,13,33,-20
LatentSpace_v468,Endopiriform nucleus,10,32,-22
LatentSpace_v468,Olfactory areas-other,12,33,-21
LatentSpace_v468,Postpiriform transition area,12,27,-15
LatentSpace_v468,Piriform area,10,34,-24
LatentSpace_v468,Taenia tecta,11,28,-17
LatentSpace_v468,Cortical amygdalar area,7,19,-12
LatentSpace_v468,Piriform-amygdalar area,9,28,-19
LatentSpace_v468,Main olfactory bulb,7,10,-3
LatentSpace_v468,Accessory olfactory bulb,41,19,22
LatentSpace_v468,Anterior olfactory nucleus,12,32,-20
LatentSpace_v468,Subiculum,4,35,-31
LatentSpace_v468,Entorhinal area,9,22,-13
LatentSpace_v468,Field CA1,7,25,-18
LatentSpace_v468,Field CA2,11,14,-3
LatentSpace_v468,Field CA3,6,8,-2
LatentSpace_v468,Dentate gyrus,8,3,5
LatentSpace_v468,Anterior cingulate area,38,39,-1
LatentSpace_v468,Infralimbic area,10,26,-16
LatentSpace_v468,Retrosplenial area,34,36,-2
LatentSpace_v468,Prelimbic area,26,35,-9
LatentSpace_v468,Primary auditory area,38,38,0
LatentSpace_v468,Dorsal auditory area,35,38,-3
LatentSpace_v468,Ventral auditory area,38,38,0
LatentSpace_v468,Agranular insular area,23,37,-14
LatentSpace_v468,Ectorhinal area,22,33,-11
LatentSpace_v468,Primary motor area,36,38,-2
LatentSpace_v468,Secondary motor area,37,38,-1
LatentSpace_v468,"Frontal pole, cerebral cortex",36,40,-4
LatentSpace_v468,Orbital area,23,35,-12
LatentSpace_v468,Posterior parietal association areas,35,38,-3
LatentSpace_v468,Perirhinal area,20,32,-12
LatentSpace_v468,Primary somatosensory area,35,35,0
LatentSpace_v468,Supplemental somatosensory area,37,38,-1
LatentSpace_v468,Temporal association areas,38,33,5
LatentSpace_v468,Visual areas,35,38,-3
LatentSpace_v468,Pallidum,10,6,4
LatentSpace_v468,Striatum ventral region,7,3,4
LatentSpace_v468,Lateral septal complex,7,4,3
LatentSpace_v468,Caudoputamen,3,3,0
LatentSpace_v468,Medial amygdalar nucleus,10,7,3
LatentSpace_v468,Hypothalamus,6,9,-3
LatentSpace_v468,Thalamus,11,1,10
LatentSpace_v468,Inferior colliculus,3,9,-6
LatentSpace_v468,"Superior colliculus, sensory related",5,10,-5
LatentSpace_v468,Midbrain raphe nuclei,12,12,0
LatentSpace_v468,Midbrain-other,11,10,1
LatentSpace_v468,Periaqueductal gray,9,11,-2
LatentSpace_v468,Pons,9,9,0
LatentSpace_v468,Medulla,12,9,3
LatentSpace_v468,Lingula (I),8,34,-26
LatentSpace_v468,Central lobule,11,34,-23
LatentSpace_v468,Culmen,29,34,-5
LatentSpace_v468,Declive (VI),22,28,-6
LatentSpace_v468,Folium-tuber vermis (VII),23,31,-8
LatentSpace_v468,Pyramus (VIII),26,32,-6
LatentSpace_v468,Uvula (IX),32,34,-2
LatentSpace_v468,Nodulus (X),19,35,-16
LatentSpace_v468,Simple lobule,23,29,-6
LatentSpace_v468,Crus 1,22,26,-4
LatentSpace_v468,Crus 2,23,27,-4
LatentSpace_v468,Paramedian lobule,25,33,-8
LatentSpace_v468,Copula pyramidis,33,34,-1
LatentSpace_v468,Flocculus,25,34,-9
LatentSpace_v468,Paraflocculus,23,36,-13
LatentSpace_v468,Cerebellar nuclei,12,11,1
LatentSpace_v469,Cortical subplate-other,11,15,-4
LatentSpace_v469,Claustrum,25,33,-8
LatentSpace_v469,Endopiriform nucleus,21,32,-11
LatentSpace_v469,Olfactory areas-other,9,33,-24
LatentSpace_v469,Postpiriform transition area,11,27,-16
LatentSpace_v469,Piriform area,21,34,-13
LatentSpace_v469,Taenia tecta,10,28,-18
LatentSpace_v469,Cortical amygdalar area,8,19,-11
LatentSpace_v469,Piriform-amygdalar area,11,28,-17
LatentSpace_v469,Main olfactory bulb,17,10,7
LatentSpace_v469,Accessory olfactory bulb,30,19,11
LatentSpace_v469,Anterior olfactory nucleus,4,32,-28
LatentSpace_v469,Subiculum,2,35,-33
LatentSpace_v469,Entorhinal area,12,22,-10
LatentSpace_v469,Field CA1,8,25,-17
LatentSpace_v469,Field CA2,10,14,-4
LatentSpace_v469,Field CA3,10,8,2
LatentSpace_v469,Dentate gyrus,10,3,7
LatentSpace_v469,Anterior cingulate area,36,39,-3
LatentSpace_v469,Infralimbic area,10,26,-16
LatentSpace_v469,Retrosplenial area,23,36,-13
LatentSpace_v469,Prelimbic area,26,35,-9
LatentSpace_v469,Primary auditory area,35,38,-3
LatentSpace_v469,Dorsal auditory area,35,38,-3
LatentSpace_v469,Ventral auditory area,37,38,-1
LatentSpace_v469,Agranular insular area,25,37,-12
LatentSpace_v469,Ectorhinal area,24,33,-9
LatentSpace_v469,Primary motor area,36,38,-2
LatentSpace_v469,Secondary motor area,34,38,-4
LatentSpace_v469,"Frontal pole, cerebral cortex",33,40,-7
LatentSpace_v469,Orbital area,26,35,-9
LatentSpace_v469,Posterior parietal association areas,34,38,-4
LatentSpace_v469,Perirhinal area,20,32,-12
LatentSpace_v469,Primary somatosensory area,31,35,-4
LatentSpace_v469,Supplemental somatosensory area,37,38,-1
LatentSpace_v469,Temporal association areas,30,33,-3
LatentSpace_v469,Visual areas,33,38,-5
LatentSpace_v469,Pallidum,7,6,1
LatentSpace_v469,Striatum ventral region,6,3,3
LatentSpace_v469,Lateral septal complex,7,4,3
LatentSpace_v469,Caudoputamen,3,3,0
LatentSpace_v469,Medial amygdalar nucleus,11,7,4
LatentSpace_v469,Hypothalamus,8,9,-1
LatentSpace_v469,Thalamus,4,1,3
LatentSpace_v469,Inferior colliculus,9,9,0
LatentSpace_v469,"Superior colliculus, sensory related",8,10,-2
LatentSpace_v469,Midbrain raphe nuclei,15,12,3
LatentSpace_v469,Midbrain-other,13,10,3
LatentSpace_v469,Periaqueductal gray,14,11,3
LatentSpace_v469,Pons,10,9,1
LatentSpace_v469,Medulla,10,9,1
LatentSpace_v469,Lingula (I),15,34,-19
LatentSpace_v469,Central lobule,31,34,-3
LatentSpace_v469,Culmen,26,34,-8
LatentSpace_v469,Declive (VI),23,28,-5
LatentSpace_v469,Folium-tuber vermis (VII),23,31,-8
LatentSpace_v469,Pyramus (VIII),23,32,-9
LatentSpace_v469,Uvula (IX),29,34,-5
LatentSpace_v469,Nodulus (X),17,35,-18
LatentSpace_v469,Simple lobule,23,29,-6
LatentSpace_v469,Crus 1,22,26,-4
LatentSpace_v469,Crus 2,22,27,-5
LatentSpace_v469,Paramedian lobule,23,33,-10
LatentSpace_v469,Copula pyramidis,23,34,-11
LatentSpace_v469,Flocculus,25,34,-9
LatentSpace_v469,Paraflocculus,27,36,-9
LatentSpace_v469,Cerebellar nuclei,34,11,23
LatentSpace_v470,Cortical subplate-other,10,15,-5
LatentSpace_v470,Claustrum,28,33,-5
LatentSpace_v470,Endopiriform nucleus,12,32,-20
LatentSpace_v470,Olfactory areas-other,11,33,-22
LatentSpace_v470,Postpiriform transition area,8,27,-19
LatentSpace_v470,Piriform area,10,34,-24
LatentSpace_v470,Taenia tecta,16,28,-12
LatentSpace_v470,Cortical amygdalar area,2,19,-17
LatentSpace_v470,Piriform-amygdalar area,5,28,-23
LatentSpace_v470,Main olfactory bulb,14,10,4
LatentSpace_v470,Accessory olfactory bulb,22,19,3
LatentSpace_v470,Anterior olfactory nucleus,11,32,-21
LatentSpace_v470,Subiculum,4,35,-31
LatentSpace_v470,Entorhinal area,9,22,-13
LatentSpace_v470,Field CA1,8,25,-17
LatentSpace_v470,Field CA2,9,14,-5
LatentSpace_v470,Field CA3,6,8,-2
LatentSpace_v470,Dentate gyrus,9,3,6
LatentSpace_v470,Anterior cingulate area,35,39,-4
LatentSpace_v470,Infralimbic area,11,26,-15
LatentSpace_v470,Retrosplenial area,35,36,-1
LatentSpace_v470,Prelimbic area,29,35,-6
LatentSpace_v470,Primary auditory area,37,38,-1
LatentSpace_v470,Dorsal auditory area,35,38,-3
LatentSpace_v470,Ventral auditory area,38,38,0
LatentSpace_v470,Agranular insular area,24,37,-13
LatentSpace_v470,Ectorhinal area,26,33,-7
LatentSpace_v470,Primary motor area,35,38,-3
LatentSpace_v470,Secondary motor area,36,38,-2
LatentSpace_v470,"Frontal pole, cerebral cortex",36,40,-4
LatentSpace_v470,Orbital area,24,35,-11
LatentSpace_v470,Posterior parietal association areas,35,38,-3
LatentSpace_v470,Perirhinal area,21,32,-11
LatentSpace_v470,Primary somatosensory area,32,35,-3
LatentSpace_v470,Supplemental somatosensory area,37,38,-1
LatentSpace_v470,Temporal association areas,36,33,3
LatentSpace_v470,Visual areas,35,38,-3
LatentSpace_v470,Pallidum,7,6,1
LatentSpace_v470,Striatum ventral region,5,3,2
LatentSpace_v470,Lateral septal complex,9,4,5
LatentSpace_v470,Caudoputamen,3,3,0
LatentSpace_v470,Medial amygdalar nucleus,11,7,4
LatentSpace_v470,Hypothalamus,9,9,0
LatentSpace_v470,Thalamus,8,1,7
LatentSpace_v470,Inferior colliculus,7,9,-2
LatentSpace_v470,"Superior colliculus, sensory related",5,10,-5
LatentSpace_v470,Midbrain raphe nuclei,14,12,2
LatentSpace_v470,Midbrain-other,14,10,4
LatentSpace_v470,Periaqueductal gray,13,11,2
LatentSpace_v470,Pons,12,9,3
LatentSpace_v470,Medulla,11,9,2
LatentSpace_v470,Lingula (I),14,34,-20
LatentSpace_v470,Central lobule,24,34,-10
LatentSpace_v470,Culmen,26,34,-8
LatentSpace_v470,Declive (VI),23,28,-5
LatentSpace_v470,Folium-tuber vermis (VII),23,31,-8
LatentSpace_v470,Pyramus (VIII),24,32,-8
LatentSpace_v470,Uvula (IX),17,34,-17
LatentSpace_v470,Nodulus (X),15,35,-20
LatentSpace_v470,Simple lobule,22,29,-7
LatentSpace_v470,Crus 1,23,26,-3
LatentSpace_v470,Crus 2,23,27,-4
LatentSpace_v470,Paramedian lobule,23,33,-10
LatentSpace_v470,Copula pyramidis,25,34,-9
LatentSpace_v470,Flocculus,29,34,-5
LatentSpace_v470,Paraflocculus,23,36,-13
LatentSpace_v470,Cerebellar nuclei,12,11,1
LatentSpace_v471,Cortical subplate-other,8,15,-7
LatentSpace_v471,Claustrum,25,33,-8
LatentSpace_v471,Endopiriform nucleus,11,32,-21
LatentSpace_v471,Olfactory areas-other,5,33,-28
LatentSpace_v471,Postpiriform transition area,7,27,-20
LatentSpace_v471,Piriform area,9,34,-25
LatentSpace_v471,Taenia tecta,7,28,-21
LatentSpace_v471,Cortical amygdalar area,6,19,-13
LatentSpace_v471,Piriform-amygdalar area,7,28,-21
LatentSpace_v471,Main olfactory bulb,22,10,12
LatentSpace_v471,Accessory olfactory bulb,30,19,11
LatentSpace_v471,Anterior olfactory nucleus,4,32,-28
LatentSpace_v471,Subiculum,6,35,-29
LatentSpace_v471,Entorhinal area,7,22,-15
LatentSpace_v471,Field CA1,8,25,-17
LatentSpace_v471,Field CA2,14,14,0
LatentSpace_v471,Field CA3,6,8,-2
LatentSpace_v471,Dentate gyrus,7,3,4
LatentSpace_v471,Anterior cingulate area,38,39,-1
LatentSpace_v471,Infralimbic area,9,26,-17
LatentSpace_v471,Retrosplenial area,27,36,-9
LatentSpace_v471,Prelimbic area,30,35,-5
LatentSpace_v471,Primary auditory area,38,38,0
LatentSpace_v471,Dorsal auditory area,35,38,-3
LatentSpace_v471,Ventral auditory area,38,38,0
LatentSpace_v471,Agranular insular area,22,37,-15
LatentSpace_v471,Ectorhinal area,25,33,-8
LatentSpace_v471,Primary motor area,36,38,-2
LatentSpace_v471,Secondary motor area,36,38,-2
LatentSpace_v471,"Frontal pole, cerebral cortex",34,40,-6
LatentSpace_v471,Orbital area,23,35,-12
LatentSpace_v471,Posterior parietal association areas,35,38,-3
LatentSpace_v471,Perirhinal area,20,32,-12
LatentSpace_v471,Primary somatosensory area,35,35,0
LatentSpace_v471,Supplemental somatosensory area,38,38,0
LatentSpace_v471,Temporal association areas,32,33,-1
LatentSpace_v471,Visual areas,35,38,-3
LatentSpace_v471,Pallidum,10,6,4
LatentSpace_v471,Striatum ventral region,7,3,4
LatentSpace_v471,Lateral septal complex,9,4,5
LatentSpace_v471,Caudoputamen,3,3,0
LatentSpace_v471,Medial amygdalar nucleus,9,7,2
LatentSpace_v471,Hypothalamus,7,9,-2
LatentSpace_v471,Thalamus,7,1,6
LatentSpace_v471,Inferior colliculus,25,9,16
LatentSpace_v471,"Superior colliculus, sensory related",8,10,-2
LatentSpace_v471,Midbrain raphe nuclei,13,12,1
LatentSpace_v471,Midbrain-other,10,10,0
LatentSpace_v471,Periaqueductal gray,9,11,-2
LatentSpace_v471,Pons,10,9,1
LatentSpace_v471,Medulla,12,9,3
LatentSpace_v471,Lingula (I),14,34,-20
LatentSpace_v471,Central lobule,20,34,-14
LatentSpace_v471,Culmen,23,34,-11
LatentSpace_v471,Declive (VI),23,28,-5
LatentSpace_v471,Folium-tuber vermis (VII),23,31,-8
LatentSpace_v471,Pyramus (VIII),28,32,-4
LatentSpace_v471,Uvula (IX),22,34,-12
LatentSpace_v471,Nodulus (X),15,35,-20
LatentSpace_v471,Simple lobule,22,29,-7
LatentSpace_v471,Crus 1,22,26,-4
LatentSpace_v471,Crus 2,22,27,-5
LatentSpace_v471,Paramedian lobule,23,33,-10
LatentSpace_v471,Copula pyramidis,28,34,-6
LatentSpace_v471,Flocculus,27,34,-7
LatentSpace_v471,Paraflocculus,33,36,-3
LatentSpace_v471,Cerebellar nuclei,25,11,14
LatentSpace_v472,Cortical subplate-other,10,15,-5
LatentSpace_v472,Claustrum,25,33,-8
LatentSpace_v472,Endopiriform nucleus,15,32,-17
LatentSpace_v472,Olfactory areas-other,13,33,-20
LatentSpace_v472,Postpiriform transition area,13,27,-14
LatentSpace_v472,Piriform area,20,34,-14
LatentSpace_v472,Taenia tecta,15,28,-13
LatentSpace_v472,Cortical amygdalar area,8,19,-11
LatentSpace_v472,Piriform-amygdalar area,10,28,-18
LatentSpace_v472,Main olfactory bulb,13,10,3
LatentSpace_v472,Accessory olfactory bulb,8,19,-11
LatentSpace_v472,Anterior olfactory nucleus,13,32,-19
LatentSpace_v472,Subiculum,5,35,-30
LatentSpace_v472,Entorhinal area,12,22,-10
LatentSpace_v472,Field CA1,8,25,-17
LatentSpace_v472,Field CA2,8,14,-6
LatentSpace_v472,Field CA3,9,8,1
LatentSpace_v472,Dentate gyrus,11,3,8
LatentSpace_v472,Anterior cingulate area,34,39,-5
LatentSpace_v472,Infralimbic area,12,26,-14
LatentSpace_v472,Retrosplenial area,25,36,-11
LatentSpace_v472,Prelimbic area,24,35,-11
LatentSpace_v472,Primary auditory area,36,38,-2
LatentSpace_v472,Dorsal auditory area,35,38,-3
LatentSpace_v472,Ventral auditory area,40,38,2
LatentSpace_v472,Agranular insular area,23,37,-14
LatentSpace_v472,Ectorhinal area,23,33,-10
LatentSpace_v472,Primary motor area,35,38,-3
LatentSpace_v472,Secondary motor area,34,38,-4
LatentSpace_v472,"Frontal pole, cerebral cortex",32,40,-8
LatentSpace_v472,Orbital area,23,35,-12
LatentSpace_v472,Posterior parietal association areas,35,38,-3
LatentSpace_v472,Perirhinal area,15,32,-17
LatentSpace_v472,Primary somatosensory area,29,35,-6
LatentSpace_v472,Supplemental somatosensory area,36,38,-2
LatentSpace_v472,Temporal association areas,32,33,-1
LatentSpace_v472,Visual areas,35,38,-3
LatentSpace_v472,Pallidum,9,6,3
LatentSpace_v472,Striatum ventral region,8,3,5
LatentSpace_v472,Lateral septal complex,16,4,12
LatentSpace_v472,Caudoputamen,3,3,0
LatentSpace_v472,Medial amygdalar nucleus,10,7,3
LatentSpace_v472,Hypothalamus,7,9,-2
LatentSpace_v472,Thalamus,10,1,9
LatentSpace_v472,Inferior colliculus,5,9,-4
LatentSpace_v472,"Superior colliculus, sensory related",4,10,-6
LatentSpace_v472,Midbrain raphe nuclei,14,12,2
LatentSpace_v472,Midbrain-other,12,10,2
LatentSpace_v472,Periaqueductal gray,12,11,1
LatentSpace_v472,Pons,7,9,-2
LatentSpace_v472,Medulla,7,9,-2
LatentSpace_v472,Lingula (I),11,34,-23
LatentSpace_v472,Central lobule,23,34,-11
LatentSpace_v472,Culmen,26,34,-8
LatentSpace_v472,Declive (VI),23,28,-5
LatentSpace_v472,Folium-tuber vermis (VII),23,31,-8
LatentSpace_v472,Pyramus (VIII),25,32,-7
LatentSpace_v472,Uvula (IX),15,34,-19
LatentSpace_v472,Nodulus (X),11,35,-24
LatentSpace_v472,Simple lobule,22,29,-7
LatentSpace_v472,Crus 1,22,26,-4
LatentSpace_v472,Crus 2,22,27,-5
LatentSpace_v472,Paramedian lobule,23,33,-10
LatentSpace_v472,Copula pyramidis,25,34,-9
LatentSpace_v472,Flocculus,19,34,-15
LatentSpace_v472,Paraflocculus,25,36,-11
LatentSpace_v472,Cerebellar nuclei,12,11,1
LatentSpace_v473,Cortical subplate-other,13,15,-2
LatentSpace_v473,Claustrum,32,33,-1
LatentSpace_v473,Endopiriform nucleus,24,32,-8
LatentSpace_v473,Olfactory areas-other,19,33,-14
LatentSpace_v473,Postpiriform transition area,14,27,-13
LatentSpace_v473,Piriform area,22,34,-12
LatentSpace_v473,Taenia tecta,12,28,-16
LatentSpace_v473,Cortical amygdalar area,12,19,-7
LatentSpace_v473,Piriform-amygdalar area,10,28,-18
LatentSpace_v473,Main olfactory bulb,14,10,4
LatentSpace_v473,Accessory olfactory bulb,29,19,10
LatentSpace_v473,Anterior olfactory nucleus,14,32,-18
LatentSpace_v473,Subiculum,6,35,-29
LatentSpace_v473,Entorhinal area,12,22,-10
LatentSpace_v473,Field CA1,10,25,-15
LatentSpace_v473,Field CA2,8,14,-6
LatentSpace_v473,Field CA3,6,8,-2
LatentSpace_v473,Dentate gyrus,8,3,5
LatentSpace_v473,Anterior cingulate area,37,39,-2
LatentSpace_v473,Infralimbic area,20,26,-6
LatentSpace_v473,Retrosplenial area,25,36,-11
LatentSpace_v473,Prelimbic area,31,35,-4
LatentSpace_v473,Primary auditory area,38,38,0
LatentSpace_v473,Dorsal auditory area,37,38,-1
LatentSpace_v473,Ventral auditory area,35,38,-3
LatentSpace_v473,Agranular insular area,28,37,-9
LatentSpace_v473,Ectorhinal area,27,33,-6
LatentSpace_v473,Primary motor area,35,38,-3
LatentSpace_v473,Secondary motor area,38,38,0
LatentSpace_v473,"Frontal pole, cerebral cortex",35,40,-5
LatentSpace_v473,Orbital area,26,35,-9
LatentSpace_v473,Posterior parietal association areas,35,38,-3
LatentSpace_v473,Perirhinal area,23,32,-9
LatentSpace_v473,Primary somatosensory area,28,35,-7
LatentSpace_v473,Supplemental somatosensory area,38,38,0
LatentSpace_v473,Temporal association areas,30,33,-3
LatentSpace_v473,Visual areas,35,38,-3
LatentSpace_v473,Pallidum,6,6,0
LatentSpace_v473,Striatum ventral region,10,3,7
LatentSpace_v473,Lateral septal complex,10,4,6
LatentSpace_v473,Caudoputamen,3,3,0
LatentSpace_v473,Medial amygdalar nucleus,12,7,5
LatentSpace_v473,Hypothalamus,10,9,1
LatentSpace_v473,Thalamus,10,1,9
LatentSpace_v473,Inferior colliculus,6,9,-3
LatentSpace_v473,"Superior colliculus, sensory related",6,10,-4
LatentSpace_v473,Midbrain raphe nuclei,14,12,2
LatentSpace_v473,Midbrain-other,11,10,1
LatentSpace_v473,Periaqueductal gray,13,11,2
LatentSpace_v473,Pons,11,9,2
LatentSpace_v473,Medulla,32,9,23
LatentSpace_v473,Lingula (I),11,34,-23
LatentSpace_v473,Central lobule,7,34,-27
LatentSpace_v473,Culmen,25,34,-9
LatentSpace_v473,Declive (VI),22,28,-6
LatentSpace_v473,Folium-tuber vermis (VII),23,31,-8
LatentSpace_v473,Pyramus (VIII),23,32,-9
LatentSpace_v473,Uvula (IX),30,34,-4
LatentSpace_v473,Nodulus (X),15,35,-20
LatentSpace_v473,Simple lobule,24,29,-5
LatentSpace_v473,Crus 1,22,26,-4
LatentSpace_v473,Crus 2,22,27,-5
LatentSpace_v473,Paramedian lobule,22,33,-11
LatentSpace_v473,Copula pyramidis,23,34,-11
LatentSpace_v473,Flocculus,29,34,-5
LatentSpace_v473,Paraflocculus,23,36,-13
LatentSpace_v473,Cerebellar nuclei,28,11,17
LatentSpace_v474,Cortical subplate-other,10,15,-5
LatentSpace_v474,Claustrum,20,33,-13
LatentSpace_v474,Endopiriform nucleus,9,32,-23
LatentSpace_v474,Olfactory areas-other,14,33,-19
LatentSpace_v474,Postpiriform transition area,12,27,-15
LatentSpace_v474,Piriform area,12,34,-22
LatentSpace_v474,Taenia tecta,17,28,-11
LatentSpace_v474,Cortical amygdalar area,12,19,-7
LatentSpace_v474,Piriform-amygdalar area,12,28,-16
LatentSpace_v474,Main olfactory bulb,10,10,0
LatentSpace_v474,Accessory olfactory bulb,35,19,16
LatentSpace_v474,Anterior olfactory nucleus,12,32,-20
LatentSpace_v474,Subiculum,3,35,-32
LatentSpace_v474,Entorhinal area,14,22,-8
LatentSpace_v474,Field CA1,5,25,-20
LatentSpace_v474,Field CA2,5,14,-9
LatentSpace_v474,Field CA3,5,8,-3
LatentSpace_v474,Dentate gyrus,7,3,4
LatentSpace_v474,Anterior cingulate area,36,39,-3
LatentSpace_v474,Infralimbic area,20,26,-6
LatentSpace_v474,Retrosplenial area,25,36,-11
LatentSpace_v474,Prelimbic area,28,35,-7
LatentSpace_v474,Primary auditory area,36,38,-2
LatentSpace_v474,Dorsal auditory area,35,38,-3
LatentSpace_v474,Ventral auditory area,33,38,-5
LatentSpace_v474,Agranular insular area,26,37,-11
LatentSpace_v474,Ectorhinal area,22,33,-11
LatentSpace_v474,Primary motor area,34,38,-4
LatentSpace_v474,Secondary motor area,35,38,-3
LatentSpace_v474,"Frontal pole, cerebral cortex",35,40,-5
LatentSpace_v474,Orbital area,23,35,-12
LatentSpace_v474,Posterior parietal association areas,33,38,-5
LatentSpace_v474,Perirhinal area,16,32,-16
LatentSpace_v474,Primary somatosensory area,23,35,-12
LatentSpace_v474,Supplemental somatosensory area,35,38,-3
LatentSpace_v474,Temporal association areas,27,33,-6
LatentSpace_v474,Visual areas,34,38,-4
LatentSpace_v474,Pallidum,9,6,3
LatentSpace_v474,Striatum ventral region,8,3,5
LatentSpace_v474,Lateral septal complex,7,4,3
LatentSpace_v474,Caudoputamen,3,3,0
LatentSpace_v474,Medial amygdalar nucleus,8,7,1
LatentSpace_v474,Hypothalamus,8,9,-1
LatentSpace_v474,Thalamus,5,1,4
LatentSpace_v474,Inferior colliculus,7,9,-2
LatentSpace_v474,"Superior colliculus, sensory related",7,10,-3
LatentSpace_v474,Midbrain raphe nuclei,14,12,2
LatentSpace_v474,Midbrain-other,14,10,4
LatentSpace_v474,Periaqueductal gray,12,11,1
LatentSpace_v474,Pons,7,9,-2
LatentSpace_v474,Medulla,10,9,1
LatentSpace_v474,Lingula (I),12,34,-22
LatentSpace_v474,Central lobule,25,34,-9
LatentSpace_v474,Culmen,26,34,-8
LatentSpace_v474,Declive (VI),23,28,-5
LatentSpace_v474,Folium-tuber vermis (VII),23,31,-8
LatentSpace_v474,Pyramus (VIII),23,32,-9
LatentSpace_v474,Uvula (IX),14,34,-20
LatentSpace_v474,Nodulus (X),15,35,-20
LatentSpace_v474,Simple lobule,23,29,-6
LatentSpace_v474,Crus 1,23,26,-3
LatentSpace_v474,Crus 2,23,27,-4
LatentSpace_v474,Paramedian lobule,23,33,-10
LatentSpace_v474,Copula pyramidis,23,34,-11
LatentSpace_v474,Flocculus,25,34,-9
LatentSpace_v474,Paraflocculus,23,36,-13
LatentSpace_v474,Cerebellar nuclei,30,11,19
LatentSpace_v475,Cortical subplate-other,12,15,-3
LatentSpace_v475,Claustrum,26,33,-7
LatentSpace_v475,Endopiriform nucleus,21,32,-11
LatentSpace_v475,Olfactory areas-other,23,33,-10
LatentSpace_v475,Postpiriform transition area,12,27,-15
LatentSpace_v475,Piriform area,16,34,-18
LatentSpace_v475,Taenia tecta,11,28,-17
LatentSpace_v475,Cortical amygdalar area,7,19,-12
LatentSpace_v475,Piriform-amygdalar area,11,28,-17
LatentSpace_v475,Main olfactory bulb,2,10,-8
LatentSpace_v475,Accessory olfactory bulb,24,19,5
LatentSpace_v475,Anterior olfactory nucleus,14,32,-18
LatentSpace_v475,Subiculum,3,35,-32
LatentSpace_v475,Entorhinal area,13,22,-9
LatentSpace_v475,Field CA1,5,25,-20
LatentSpace_v475,Field CA2,7,14,-7
LatentSpace_v475,Field CA3,6,8,-2
LatentSpace_v475,Dentate gyrus,8,3,5
LatentSpace_v475,Anterior cingulate area,35,39,-4
LatentSpace_v475,Infralimbic area,12,26,-14
LatentSpace_v475,Retrosplenial area,20,36,-16
LatentSpace_v475,Prelimbic area,29,35,-6
LatentSpace_v475,Primary auditory area,35,38,-3
LatentSpace_v475,Dorsal auditory area,35,38,-3
LatentSpace_v475,Ventral auditory area,37,38,-1
LatentSpace_v475,Agranular insular area,23,37,-14
LatentSpace_v475,Ectorhinal area,23,33,-10
LatentSpace_v475,Primary motor area,35,38,-3
LatentSpace_v475,Secondary motor area,35,38,-3
LatentSpace_v475,"Frontal pole, cerebral cortex",32,40,-8
LatentSpace_v475,Orbital area,26,35,-9
LatentSpace_v475,Posterior parietal association areas,33,38,-5
LatentSpace_v475,Perirhinal area,17,32,-15
LatentSpace_v475,Primary somatosensory area,29,35,-6
LatentSpace_v475,Supplemental somatosensory area,36,38,-2
LatentSpace_v475,Temporal association areas,25,33,-8
LatentSpace_v475,Visual areas,31,38,-7
LatentSpace_v475,Pallidum,8,6,2
LatentSpace_v475,Striatum ventral region,7,3,4
LatentSpace_v475,Lateral septal complex,9,4,5
LatentSpace_v475,Caudoputamen,3,3,0
LatentSpace_v475,Medial amygdalar nucleus,10,7,3
LatentSpace_v475,Hypothalamus,10,9,1
LatentSpace_v475,Thalamus,10,1,9
LatentSpace_v475,Inferior colliculus,5,9,-4
LatentSpace_v475,"Superior colliculus, sensory related",6,10,-4
LatentSpace_v475,Midbrain raphe nuclei,15,12,3
LatentSpace_v475,Midbrain-other,14,10,4
LatentSpace_v475,Periaqueductal gray,12,11,1
LatentSpace_v475,Pons,10,9,1
LatentSpace_v475,Medulla,10,9,1
LatentSpace_v475,Lingula (I),14,34,-20
LatentSpace_v475,Central lobule,30,34,-4
LatentSpace_v475,Culmen,25,34,-9
LatentSpace_v475,Declive (VI),23,28,-5
LatentSpace_v475,Folium-tuber vermis (VII),23,31,-8
LatentSpace_v475,Pyramus (VIII),23,32,-9
LatentSpace_v475,Uvula (IX),34,34,0
LatentSpace_v475,Nodulus (X),17,35,-18
LatentSpace_v475,Simple lobule,23,29,-6
LatentSpace_v475,Crus 1,23,26,-3
LatentSpace_v475,Crus 2,23,27,-4
LatentSpace_v475,Paramedian lobule,23,33,-10
LatentSpace_v475,Copula pyramidis,23,34,-11
LatentSpace_v475,Flocculus,27,34,-7
LatentSpace_v475,Paraflocculus,24,36,-12
LatentSpace_v475,Cerebellar nuclei,15,11,4
LatentSpace_v476,Cortical subplate-other,3,15,-12
LatentSpace_v476,Claustrum,24,33,-9
LatentSpace_v476,Endopiriform nucleus,14,32,-18
LatentSpace_v476,Olfactory areas-other,7,33,-26
LatentSpace_v476,Postpiriform transition area,4,27,-23
LatentSpace_v476,Piriform area,14,34,-20
LatentSpace_v476,Taenia tecta,9,28,-19
LatentSpace_v476,Cortical amygdalar area,3,19,-16
LatentSpace_v476,Piriform-amygdalar area,2,28,-26
LatentSpace_v476,Main olfactory bulb,22,10,12
LatentSpace_v476,Accessory olfactory bulb,36,19,17
LatentSpace_v476,Anterior olfactory nucleus,3,32,-29
LatentSpace_v476,Subiculum,6,35,-29
LatentSpace_v476,Entorhinal area,10,22,-12
LatentSpace_v476,Field CA1,6,25,-19
LatentSpace_v476,Field CA2,8,14,-6
LatentSpace_v476,Field CA3,5,8,-3
LatentSpace_v476,Dentate gyrus,5,3,2
LatentSpace_v476,Anterior cingulate area,36,39,-3
LatentSpace_v476,Infralimbic area,10,26,-16
LatentSpace_v476,Retrosplenial area,23,36,-13
LatentSpace_v476,Prelimbic area,29,35,-6
LatentSpace_v476,Primary auditory area,37,38,-1
LatentSpace_v476,Dorsal auditory area,35,38,-3
LatentSpace_v476,Ventral auditory area,38,38,0
LatentSpace_v476,Agranular insular area,29,37,-8
LatentSpace_v476,Ectorhinal area,23,33,-10
LatentSpace_v476,Primary motor area,35,38,-3
LatentSpace_v476,Secondary motor area,36,38,-2
LatentSpace_v476,"Frontal pole, cerebral cortex",38,40,-2
LatentSpace_v476,Orbital area,27,35,-8
LatentSpace_v476,Posterior parietal association areas,35,38,-3
LatentSpace_v476,Perirhinal area,16,32,-16
LatentSpace_v476,Primary somatosensory area,35,35,0
LatentSpace_v476,Supplemental somatosensory area,38,38,0
LatentSpace_v476,Temporal association areas,32,33,-1
LatentSpace_v476,Visual areas,35,38,-3
LatentSpace_v476,Pallidum,7,6,1
LatentSpace_v476,Striatum ventral region,5,3,2
LatentSpace_v476,Lateral septal complex,6,4,2
LatentSpace_v476,Caudoputamen,3,3,0
LatentSpace_v476,Medial amygdalar nucleus,8,7,1
LatentSpace_v476,Hypothalamus,7,9,-2
LatentSpace_v476,Thalamus,3,1,2
LatentSpace_v476,Inferior colliculus,19,9,10
LatentSpace_v476,"Superior colliculus, sensory related",7,10,-3
LatentSpace_v476,Midbrain raphe nuclei,16,12,4
LatentSpace_v476,Midbrain-other,10,10,0
LatentSpace_v476,Periaqueductal gray,9,11,-2
LatentSpace_v476,Pons,9,9,0
LatentSpace_v476,Medulla,9,9,0
LatentSpace_v476,Lingula (I),12,34,-22
LatentSpace_v476,Central lobule,8,34,-26
LatentSpace_v476,Culmen,29,34,-5
LatentSpace_v476,Declive (VI),23,28,-5
LatentSpace_v476,Folium-tuber vermis (VII),26,31,-5
LatentSpace_v476,Pyramus (VIII),31,32,-1
LatentSpace_v476,Uvula (IX),22,34,-12
LatentSpace_v476,Nodulus (X),14,35,-21
LatentSpace_v476,Simple lobule,24,29,-5
LatentSpace_v476,Crus 1,23,26,-3
LatentSpace_v476,Crus 2,24,27,-3
LatentSpace_v476,Paramedian lobule,29,33,-4
LatentSpace_v476,Copula pyramidis,32,34,-2
LatentSpace_v476,Flocculus,33,34,-1
LatentSpace_v476,Paraflocculus,34,36,-2
LatentSpace_v476,Cerebellar nuclei,16,11,5
LatentSpace_v477,Cortical subplate-other,5,15,-10
LatentSpace_v477,Claustrum,28,33,-5
LatentSpace_v477,Endopiriform nucleus,13,32,-19
LatentSpace_v477,Olfactory areas-other,15,33,-18
LatentSpace_v477,Postpiriform transition area,5,27,-22
LatentSpace_v477,Piriform area,17,34,-17
LatentSpace_v477,Taenia tecta,11,28,-17
LatentSpace_v477,Cortical amygdalar area,2,19,-17
LatentSpace_v477,Piriform-amygdalar area,2,28,-26
LatentSpace_v477,Main olfactory bulb,23,10,13
LatentSpace_v477,Accessory olfactory bulb,5,19,-14
LatentSpace_v477,Anterior olfactory nucleus,8,32,-24
LatentSpace_v477,Subiculum,3,35,-32
LatentSpace_v477,Entorhinal area,12,22,-10
LatentSpace_v477,Field CA1,6,25,-19
LatentSpace_v477,Field CA2,23,14,9
LatentSpace_v477,Field CA3,4,8,-4
LatentSpace_v477,Dentate gyrus,8,3,5
LatentSpace_v477,Anterior cingulate area,35,39,-4
LatentSpace_v477,Infralimbic area,8,26,-18
LatentSpace_v477,Retrosplenial area,22,36,-14
LatentSpace_v477,Prelimbic area,26,35,-9
LatentSpace_v477,Primary auditory area,35,38,-3
LatentSpace_v477,Dorsal auditory area,35,38,-3
LatentSpace_v477,Ventral auditory area,38,38,0
LatentSpace_v477,Agranular insular area,23,37,-14
LatentSpace_v477,Ectorhinal area,26,33,-7
LatentSpace_v477,Primary motor area,35,38,-3
LatentSpace_v477,Secondary motor area,35,38,-3
LatentSpace_v477,"Frontal pole, cerebral cortex",32,40,-8
LatentSpace_v477,Orbital area,23,35,-12
LatentSpace_v477,Posterior parietal association areas,32,38,-6
LatentSpace_v477,Perirhinal area,21,32,-11
LatentSpace_v477,Primary somatosensory area,33,35,-2
LatentSpace_v477,Supplemental somatosensory area,36,38,-2
LatentSpace_v477,Temporal association areas,31,33,-2
LatentSpace_v477,Visual areas,35,38,-3
LatentSpace_v477,Pallidum,5,6,-1
LatentSpace_v477,Striatum ventral region,6,3,3
LatentSpace_v477,Lateral septal complex,8,4,4
LatentSpace_v477,Caudoputamen,3,3,0
LatentSpace_v477,Medial amygdalar nucleus,7,7,0
LatentSpace_v477,Hypothalamus,8,9,-1
LatentSpace_v477,Thalamus,8,1,7
LatentSpace_v477,Inferior colliculus,12,9,3
LatentSpace_v477,"Superior colliculus, sensory related",11,10,1
LatentSpace_v477,Midbrain raphe nuclei,14,12,2
LatentSpace_v477,Midbrain-other,13,10,3
LatentSpace_v477,Periaqueductal gray,10,11,-1
LatentSpace_v477,Pons,9,9,0
LatentSpace_v477,Medulla,11,9,2
LatentSpace_v477,Lingula (I),13,34,-21
LatentSpace_v477,Central lobule,22,34,-12
LatentSpace_v477,Culmen,24,34,-10
LatentSpace_v477,Declive (VI),23,28,-5
LatentSpace_v477,Folium-tuber vermis (VII),23,31,-8
LatentSpace_v477,Pyramus (VIII),23,32,-9
LatentSpace_v477,Uvula (IX),20,34,-14
LatentSpace_v477,Nodulus (X),15,35,-20
LatentSpace_v477,Simple lobule,23,29,-6
LatentSpace_v477,Crus 1,23,26,-3
LatentSpace_v477,Crus 2,22,27,-5
LatentSpace_v477,Paramedian lobule,23,33,-10
LatentSpace_v477,Copula pyramidis,25,34,-9
LatentSpace_v477,Flocculus,32,34,-2
LatentSpace_v477,Paraflocculus,23,36,-13
LatentSpace_v477,Cerebellar nuclei,14,11,3
LatentSpace_v478,Cortical subplate-other,7,15,-8
LatentSpace_v478,Claustrum,30,33,-3
LatentSpace_v478,Endopiriform nucleus,24,32,-8
LatentSpace_v478,Olfactory areas-other,10,33,-23
LatentSpace_v478,Postpiriform transition area,8,27,-19
LatentSpace_v478,Piriform area,23,34,-11
LatentSpace_v478,Taenia tecta,7,28,-21
LatentSpace_v478,Cortical amygdalar area,4,19,-15
LatentSpace_v478,Piriform-amygdalar area,5,28,-23
LatentSpace_v478,Main olfactory bulb,26,10,16
LatentSpace_v478,Accessory olfactory bulb,30,19,11
LatentSpace_v478,Anterior olfactory nucleus,10,32,-22
LatentSpace_v478,Subiculum,3,35,-32
LatentSpace_v478,Entorhinal area,15,22,-7
LatentSpace_v478,Field CA1,7,25,-18
LatentSpace_v478,Field CA2,7,14,-7
LatentSpace_v478,Field CA3,5,8,-3
LatentSpace_v478,Dentate gyrus,6,3,3
LatentSpace_v478,Anterior cingulate area,36,39,-3
LatentSpace_v478,Infralimbic area,8,26,-18
LatentSpace_v478,Retrosplenial area,24,36,-12
LatentSpace_v478,Prelimbic area,27,35,-8
LatentSpace_v478,Primary auditory area,38,38,0
LatentSpace_v478,Dorsal auditory area,35,38,-3
LatentSpace_v478,Ventral auditory area,40,38,2
LatentSpace_v478,Agranular insular area,25,37,-12
LatentSpace_v478,Ectorhinal area,26,33,-7
LatentSpace_v478,Primary motor area,35,38,-3
LatentSpace_v478,Secondary motor area,37,38,-1
LatentSpace_v478,"Frontal pole, cerebral cortex",33,40,-7
LatentSpace_v478,Orbital area,26,35,-9
LatentSpace_v478,Posterior parietal association areas,33,38,-5
LatentSpace_v478,Perirhinal area,24,32,-8
LatentSpace_v478,Primary somatosensory area,30,35,-5
LatentSpace_v478,Supplemental somatosensory area,40,38,2
LatentSpace_v478,Temporal association areas,35,33,2
LatentSpace_v478,Visual areas,35,38,-3
LatentSpace_v478,Pallidum,7,6,1
LatentSpace_v478,Striatum ventral region,4,3,1
LatentSpace_v478,Lateral septal complex,6,4,2
LatentSpace_v478,Caudoputamen,3,3,0
LatentSpace_v478,Medial amygdalar nucleus,5,7,-2
LatentSpace_v478,Hypothalamus,10,9,1
LatentSpace_v478,Thalamus,11,1,10
LatentSpace_v478,Inferior colliculus,8,9,-1
LatentSpace_v478,"Superior colliculus, sensory related",10,10,0
LatentSpace_v478,Midbrain raphe nuclei,15,12,3
LatentSpace_v478,Midbrain-other,14,10,4
LatentSpace_v478,Periaqueductal gray,14,11,3
LatentSpace_v478,Pons,10,9,1
LatentSpace_v478,Medulla,13,9,4
LatentSpace_v478,Lingula (I),15,34,-19
LatentSpace_v478,Central lobule,17,34,-17
LatentSpace_v478,Culmen,30,34,-4
LatentSpace_v478,Declive (VI),24,28,-4
LatentSpace_v478,Folium-tuber vermis (VII),26,31,-5
LatentSpace_v478,Pyramus (VIII),34,32,2
LatentSpace_v478,Uvula (IX),24,34,-10
LatentSpace_v478,Nodulus (X),30,35,-5
LatentSpace_v478,Simple lobule,23,29,-6
LatentSpace_v478,Crus 1,22,26,-4
LatentSpace_v478,Crus 2,22,27,-5
LatentSpace_v478,Paramedian lobule,24,33,-9
LatentSpace_v478,Copula pyramidis,29,34,-5
LatentSpace_v478,Flocculus,32,34,-2
LatentSpace_v478,Paraflocculus,29,36,-7
LatentSpace_v478,Cerebellar nuclei,27,11,16
LatentSpace_v479,Cortical subplate-other,11,15,-4
LatentSpace_v479,Claustrum,23,33,-10
LatentSpace_v479,Endopiriform nucleus,13,32,-19
LatentSpace_v479,Olfactory areas-other,16,33,-17
LatentSpace_v479,Postpiriform transition area,11,27,-16
LatentSpace_v479,Piriform area,10,34,-24
LatentSpace_v479,Taenia tecta,19,28,-9
LatentSpace_v479,Cortical amygdalar area,13,19,-6
LatentSpace_v479,Piriform-amygdalar area,11,28,-17
LatentSpace_v479,Main olfactory bulb,43,10,33
LatentSpace_v479,Accessory olfactory bulb,24,19,5
LatentSpace_v479,Anterior olfactory nucleus,16,32,-16
LatentSpace_v479,Subiculum,5,35,-30
LatentSpace_v479,Entorhinal area,14,22,-8
LatentSpace_v479,Field CA1,5,25,-20
LatentSpace_v479,Field CA2,6,14,-8
LatentSpace_v479,Field CA3,5,8,-3
LatentSpace_v479,Dentate gyrus,6,3,3
LatentSpace_v479,Anterior cingulate area,33,39,-6
LatentSpace_v479,Infralimbic area,14,26,-12
LatentSpace_v479,Retrosplenial area,23,36,-13
LatentSpace_v479,Prelimbic area,25,35,-10
LatentSpace_v479,Primary auditory area,34,38,-4
LatentSpace_v479,Dorsal auditory area,35,38,-3
LatentSpace_v479,Ventral auditory area,35,38,-3
LatentSpace_v479,Agranular insular area,23,37,-14
LatentSpace_v479,Ectorhinal area,22,33,-11
LatentSpace_v479,Primary motor area,35,38,-3
LatentSpace_v479,Secondary motor area,35,38,-3
LatentSpace_v479,"Frontal pole, cerebral cortex",33,40,-7
LatentSpace_v479,Orbital area,21,35,-14
LatentSpace_v479,Posterior parietal association areas,33,38,-5
LatentSpace_v479,Perirhinal area,17,32,-15
LatentSpace_v479,Primary somatosensory area,28,35,-7
LatentSpace_v479,Supplemental somatosensory area,37,38,-1
LatentSpace_v479,Temporal association areas,29,33,-4
LatentSpace_v479,Visual areas,34,38,-4
LatentSpace_v479,Pallidum,8,6,2
LatentSpace_v479,Striatum ventral region,9,3,6
LatentSpace_v479,Lateral septal complex,7,4,3
LatentSpace_v479,Caudoputamen,3,3,0
LatentSpace_v479,Medial amygdalar nucleus,13,7,6
LatentSpace_v479,Hypothalamus,10,9,1
LatentSpace_v479,Thalamus,7,1,6
LatentSpace_v479,Inferior colliculus,25,9,16
LatentSpace_v479,"Superior colliculus, sensory related",10,10,0
LatentSpace_v479,Midbrain raphe nuclei,14,12,2
LatentSpace_v479,Midbrain-other,10,10,0
LatentSpace_v479,Periaqueductal gray,11,11,0
LatentSpace_v479,Pons,9,9,0
LatentSpace_v479,Medulla,8,9,-1
LatentSpace_v479,Lingula (I),12,34,-22
LatentSpace_v479,Central lobule,30,34,-4
LatentSpace_v479,Culmen,25,34,-9
LatentSpace_v479,Declive (VI),23,28,-5
LatentSpace_v479,Folium-tuber vermis (VII),23,31,-8
LatentSpace_v479,Pyramus (VIII),24,32,-8
LatentSpace_v479,Uvula (IX),34,34,0
LatentSpace_v479,Nodulus (X),27,35,-8
LatentSpace_v479,Simple lobule,22,29,-7
LatentSpace_v479,Crus 1,22,26,-4
LatentSpace_v479,Crus 2,23,27,-4
LatentSpace_v479,Paramedian lobule,23,33,-10
LatentSpace_v479,Copula pyramidis,26,34,-8
LatentSpace_v479,Flocculus,36,34,2
LatentSpace_v479,Paraflocculus,26,36,-10
LatentSpace_v479,Cerebellar nuclei,20,11,9
LatentSpace_v480,Cortical subplate-other,7,15,-8
LatentSpace_v480,Claustrum,31,33,-2
LatentSpace_v480,Endopiriform nucleus,14,32,-18
LatentSpace_v480,Olfactory areas-other,3,33,-30
LatentSpace_v480,Postpiriform transition area,12,27,-15
LatentSpace_v480,Piriform area,14,34,-20
LatentSpace_v480,Taenia tecta,13,28,-15
LatentSpace_v480,Cortical amygdalar area,6,19,-13
LatentSpace_v480,Piriform-amygdalar area,10,28,-18
LatentSpace_v480,Main olfactory bulb,14,10,4
LatentSpace_v480,Accessory olfactory bulb,36,19,17
LatentSpace_v480,Anterior olfactory nucleus,3,32,-29
LatentSpace_v480,Subiculum,6,35,-29
LatentSpace_v480,Entorhinal area,15,22,-7
LatentSpace_v480,Field CA1,10,25,-15
LatentSpace_v480,Field CA2,29,14,15
LatentSpace_v480,Field CA3,7,8,-1
LatentSpace_v480,Dentate gyrus,7,3,4
LatentSpace_v480,Anterior cingulate area,37,39,-2
LatentSpace_v480,Infralimbic area,12,26,-14
LatentSpace_v480,Retrosplenial area,28,36,-8
LatentSpace_v480,Prelimbic area,32,35,-3
LatentSpace_v480,Primary auditory area,37,38,-1
LatentSpace_v480,Dorsal auditory area,35,38,-3
LatentSpace_v480,Ventral auditory area,37,38,-1
LatentSpace_v480,Agranular insular area,28,37,-9
LatentSpace_v480,Ectorhinal area,29,33,-4
LatentSpace_v480,Primary motor area,35,38,-3
LatentSpace_v480,Secondary motor area,38,38,0
LatentSpace_v480,"Frontal pole, cerebral cortex",36,40,-4
LatentSpace_v480,Orbital area,24,35,-11
LatentSpace_v480,Posterior parietal association areas,35,38,-3
LatentSpace_v480,Perirhinal area,24,32,-8
LatentSpace_v480,Primary somatosensory area,31,35,-4
LatentSpace_v480,Supplemental somatosensory area,37,38,-1
LatentSpace_v480,Temporal association areas,35,33,2
LatentSpace_v480,Visual areas,35,38,-3
LatentSpace_v480,Pallidum,8,6,2
LatentSpace_v480,Striatum ventral region,7,3,4
LatentSpace_v480,Lateral septal complex,10,4,6
LatentSpace_v480,Caudoputamen,3,3,0
LatentSpace_v480,Medial amygdalar nucleus,8,7,1
LatentSpace_v480,Hypothalamus,7,9,-2
LatentSpace_v480,Thalamus,11,1,10
LatentSpace_v480,Inferior colliculus,8,9,-1
LatentSpace_v480,"Superior colliculus, sensory related",6,10,-4
LatentSpace_v480,Midbrain raphe nuclei,14,12,2
LatentSpace_v480,Midbrain-other,10,10,0
LatentSpace_v480,Periaqueductal gray,13,11,2
LatentSpace_v480,Pons,7,9,-2
LatentSpace_v480,Medulla,6,9,-3
LatentSpace_v480,Lingula (I),13,34,-21
LatentSpace_v480,Central lobule,11,34,-23
LatentSpace_v480,Culmen,30,34,-4
LatentSpace_v480,Declive (VI),24,28,-4
LatentSpace_v480,Folium-tuber vermis (VII),23,31,-8
LatentSpace_v480,Pyramus (VIII),23,32,-9
LatentSpace_v480,Uvula (IX),28,34,-6
LatentSpace_v480,Nodulus (X),18,35,-17
LatentSpace_v480,Simple lobule,26,29,-3
LatentSpace_v480,Crus 1,22,26,-4
LatentSpace_v480,Crus 2,22,27,-5
LatentSpace_v480,Paramedian lobule,22,33,-11
LatentSpace_v480,Copula pyramidis,23,34,-11
LatentSpace_v480,Flocculus,31,34,-3
LatentSpace_v480,Paraflocculus,24,36,-12
LatentSpace_v480,Cerebellar nuclei,28,11,17
LatentSpace_v481,Cortical subplate-other,11,15,-4
LatentSpace_v481,Claustrum,18,33,-15
LatentSpace_v481,Endopiriform nucleus,9,32,-23
LatentSpace_v481,Olfactory areas-other,17,33,-16
LatentSpace_v481,Postpiriform transition area,12,27,-15
LatentSpace_v481,Piriform area,12,34,-22
LatentSpace_v481,Taenia tecta,15,28,-13
LatentSpace_v481,Cortical amygdalar area,11,19,-8
LatentSpace_v481,Piriform-amygdalar area,12,28,-16
LatentSpace_v481,Main olfactory bulb,13,10,3
LatentSpace_v481,Accessory olfactory bulb,18,19,-1
LatentSpace_v481,Anterior olfactory nucleus,13,32,-19
LatentSpace_v481,Subiculum,3,35,-32
LatentSpace_v481,Entorhinal area,7,22,-15
LatentSpace_v481,Field CA1,7,25,-18
LatentSpace_v481,Field CA2,7,14,-7
LatentSpace_v481,Field CA3,6,8,-2
LatentSpace_v481,Dentate gyrus,7,3,4
LatentSpace_v481,Anterior cingulate area,37,39,-2
LatentSpace_v481,Infralimbic area,12,26,-14
LatentSpace_v481,Retrosplenial area,25,36,-11
LatentSpace_v481,Prelimbic area,25,35,-10
LatentSpace_v481,Primary auditory area,37,38,-1
LatentSpace_v481,Dorsal auditory area,35,38,-3
LatentSpace_v481,Ventral auditory area,38,38,0
LatentSpace_v481,Agranular insular area,23,37,-14
LatentSpace_v481,Ectorhinal area,23,33,-10
LatentSpace_v481,Primary motor area,35,38,-3
LatentSpace_v481,Secondary motor area,37,38,-1
LatentSpace_v481,"Frontal pole, cerebral cortex",35,40,-5
LatentSpace_v481,Orbital area,22,35,-13
LatentSpace_v481,Posterior parietal association areas,35,38,-3
LatentSpace_v481,Perirhinal area,17,32,-15
LatentSpace_v481,Primary somatosensory area,35,35,0
LatentSpace_v481,Supplemental somatosensory area,37,38,-1
LatentSpace_v481,Temporal association areas,33,33,0
LatentSpace_v481,Visual areas,35,38,-3
LatentSpace_v481,Pallidum,15,6,9
LatentSpace_v481,Striatum ventral region,7,3,4
LatentSpace_v481,Lateral septal complex,7,4,3
LatentSpace_v481,Caudoputamen,3,3,0
LatentSpace_v481,Medial amygdalar nucleus,13,7,6
LatentSpace_v481,Hypothalamus,11,9,2
LatentSpace_v481,Thalamus,2,1,1
LatentSpace_v481,Inferior colliculus,9,9,0
LatentSpace_v481,"Superior colliculus, sensory related",5,10,-5
LatentSpace_v481,Midbrain raphe nuclei,14,12,2
LatentSpace_v481,Midbrain-other,13,10,3
LatentSpace_v481,Periaqueductal gray,11,11,0
LatentSpace_v481,Pons,11,9,2
LatentSpace_v481,Medulla,9,9,0
LatentSpace_v481,Lingula (I),12,34,-22
LatentSpace_v481,Central lobule,8,34,-26
LatentSpace_v481,Culmen,27,34,-7
LatentSpace_v481,Declive (VI),23,28,-5
LatentSpace_v481,Folium-tuber vermis (VII),23,31,-8
LatentSpace_v481,Pyramus (VIII),27,32,-5
LatentSpace_v481,Uvula (IX),18,34,-16
LatentSpace_v481,Nodulus (X),15,35,-20
LatentSpace_v481,Simple lobule,22,29,-7
LatentSpace_v481,Crus 1,23,26,-3
LatentSpace_v481,Crus 2,23,27,-4
LatentSpace_v481,Paramedian lobule,23,33,-10
LatentSpace_v481,Copula pyramidis,27,34,-7
LatentSpace_v481,Flocculus,29,34,-5
LatentSpace_v481,Paraflocculus,23,36,-13
LatentSpace_v481,Cerebellar nuclei,11,11,0
LatentSpace_v482,Cortical subplate-other,13,15,-2
LatentSpace_v482,Claustrum,27,33,-6
LatentSpace_v482,Endopiriform nucleus,9,32,-23
LatentSpace_v482,Olfactory areas-other,10,33,-23
LatentSpace_v482,Postpiriform transition area,11,27,-16
LatentSpace_v482,Piriform area,14,34,-20
LatentSpace_v482,Taenia tecta,16,28,-12
LatentSpace_v482,Cortical amygdalar area,9,19,-10
LatentSpace_v482,Piriform-amygdalar area,12,28,-16
LatentSpace_v482,Main olfactory bulb,43,10,33
LatentSpace_v482,Accessory olfactory bulb,28,19,9
LatentSpace_v482,Anterior olfactory nucleus,13,32,-19
LatentSpace_v482,Subiculum,7,35,-28
LatentSpace_v482,Entorhinal area,12,22,-10
LatentSpace_v482,Field CA1,7,25,-18
LatentSpace_v482,Field CA2,10,14,-4
LatentSpace_v482,Field CA3,6,8,-2
LatentSpace_v482,Dentate gyrus,8,3,5
LatentSpace_v482,Anterior cingulate area,38,39,-1
LatentSpace_v482,Infralimbic area,11,26,-15
LatentSpace_v482,Retrosplenial area,29,36,-7
LatentSpace_v482,Prelimbic area,26,35,-9
LatentSpace_v482,Primary auditory area,36,38,-2
LatentSpace_v482,Dorsal auditory area,35,38,-3
LatentSpace_v482,Ventral auditory area,37,38,-1
LatentSpace_v482,Agranular insular area,17,37,-20
LatentSpace_v482,Ectorhinal area,24,33,-9
LatentSpace_v482,Primary motor area,35,38,-3
LatentSpace_v482,Secondary motor area,36,38,-2
LatentSpace_v482,"Frontal pole, cerebral cortex",31,40,-9
LatentSpace_v482,Orbital area,17,35,-18
LatentSpace_v482,Posterior parietal association areas,35,38,-3
LatentSpace_v482,Perirhinal area,16,32,-16
LatentSpace_v482,Primary somatosensory area,31,35,-4
LatentSpace_v482,Supplemental somatosensory area,36,38,-2
LatentSpace_v482,Temporal association areas,32,33,-1
LatentSpace_v482,Visual areas,35,38,-3
LatentSpace_v482,Pallidum,10,6,4
LatentSpace_v482,Striatum ventral region,7,3,4
LatentSpace_v482,Lateral septal complex,9,4,5
LatentSpace_v482,Caudoputamen,3,3,0
LatentSpace_v482,Medial amygdalar nucleus,12,7,5
LatentSpace_v482,Hypothalamus,10,9,1
LatentSpace_v482,Thalamus,8,1,7
LatentSpace_v482,Inferior colliculus,7,9,-2
LatentSpace_v482,"Superior colliculus, sensory related",8,10,-2
LatentSpace_v482,Midbrain raphe nuclei,14,12,2
LatentSpace_v482,Midbrain-other,12,10,2
LatentSpace_v482,Periaqueductal gray,12,11,1
LatentSpace_v482,Pons,11,9,2
LatentSpace_v482,Medulla,14,9,5
LatentSpace_v482,Lingula (I),12,34,-22
LatentSpace_v482,Central lobule,10,34,-24
LatentSpace_v482,Culmen,27,34,-7
LatentSpace_v482,Declive (VI),23,28,-5
LatentSpace_v482,Folium-tuber vermis (VII),23,31,-8
LatentSpace_v482,Pyramus (VIII),23,32,-9
LatentSpace_v482,Uvula (IX),30,34,-4
LatentSpace_v482,Nodulus (X),15,35,-20
LatentSpace_v482,Simple lobule,24,29,-5
LatentSpace_v482,Crus 1,23,26,-3
LatentSpace_v482,Crus 2,22,27,-5
LatentSpace_v482,Paramedian lobule,23,33,-10
LatentSpace_v482,Copula pyramidis,24,34,-10
LatentSpace_v482,Flocculus,34,34,0
LatentSpace_v482,Paraflocculus,31,36,-5
LatentSpace_v482,Cerebellar nuclei,29,11,18
LatentSpace_v483,Cortical subplate-other,10,15,-5
LatentSpace_v483,Claustrum,24,33,-9
LatentSpace_v483,Endopiriform nucleus,13,32,-19
LatentSpace_v483,Olfactory areas-other,19,33,-14
LatentSpace_v483,Postpiriform transition area,10,27,-17
LatentSpace_v483,Piriform area,23,34,-11
LatentSpace_v483,Taenia tecta,11,28,-17
LatentSpace_v483,Cortical amygdalar area,8,19,-11
LatentSpace_v483,Piriform-amygdalar area,10,28,-18
LatentSpace_v483,Main olfactory bulb,18,10,8
LatentSpace_v483,Accessory olfactory bulb,29,19,10
LatentSpace_v483,Anterior olfactory nucleus,20,32,-12
LatentSpace_v483,Subiculum,6,35,-29
LatentSpace_v483,Entorhinal area,13,22,-9
LatentSpace_v483,Field CA1,8,25,-17
LatentSpace_v483,Field CA2,20,14,6
LatentSpace_v483,Field CA3,7,8,-1
LatentSpace_v483,Dentate gyrus,9,3,6
LatentSpace_v483,Anterior cingulate area,37,39,-2
LatentSpace_v483,Infralimbic area,12,26,-14
LatentSpace_v483,Retrosplenial area,31,36,-5
LatentSpace_v483,Prelimbic area,30,35,-5
LatentSpace_v483,Primary auditory area,35,38,-3
LatentSpace_v483,Dorsal auditory area,35,38,-3
LatentSpace_v483,Ventral auditory area,38,38,0
LatentSpace_v483,Agranular insular area,28,37,-9
LatentSpace_v483,Ectorhinal area,24,33,-9
LatentSpace_v483,Primary motor area,35,38,-3
LatentSpace_v483,Secondary motor area,37,38,-1
LatentSpace_v483,"Frontal pole, cerebral cortex",36,40,-4
LatentSpace_v483,Orbital area,27,35,-8
LatentSpace_v483,Posterior parietal association areas,35,38,-3
LatentSpace_v483,Perirhinal area,22,32,-10
LatentSpace_v483,Primary somatosensory area,32,35,-3
LatentSpace_v483,Supplemental somatosensory area,36,38,-2
LatentSpace_v483,Temporal association areas,37,33,4
LatentSpace_v483,Visual areas,35,38,-3
LatentSpace_v483,Pallidum,9,6,3
LatentSpace_v483,Striatum ventral region,6,3,3
LatentSpace_v483,Lateral septal complex,8,4,4
LatentSpace_v483,Caudoputamen,3,3,0
LatentSpace_v483,Medial amygdalar nucleus,10,7,3
LatentSpace_v483,Hypothalamus,7,9,-2
LatentSpace_v483,Thalamus,4,1,3
LatentSpace_v483,Inferior colliculus,7,9,-2
LatentSpace_v483,"Superior colliculus, sensory related",5,10,-5
LatentSpace_v483,Midbrain raphe nuclei,14,12,2
LatentSpace_v483,Midbrain-other,11,10,1
LatentSpace_v483,Periaqueductal gray,12,11,1
LatentSpace_v483,Pons,9,9,0
LatentSpace_v483,Medulla,9,9,0
LatentSpace_v483,Lingula (I),15,34,-19
LatentSpace_v483,Central lobule,23,34,-11
LatentSpace_v483,Culmen,25,34,-9
LatentSpace_v483,Declive (VI),23,28,-5
LatentSpace_v483,Folium-tuber vermis (VII),23,31,-8
LatentSpace_v483,Pyramus (VIII),23,32,-9
LatentSpace_v483,Uvula (IX),30,34,-4
LatentSpace_v483,Nodulus (X),26,35,-9
LatentSpace_v483,Simple lobule,22,29,-7
LatentSpace_v483,Crus 1,22,26,-4
LatentSpace_v483,Crus 2,22,27,-5
LatentSpace_v483,Paramedian lobule,23,33,-10
LatentSpace_v483,Copula pyramidis,25,34,-9
LatentSpace_v483,Flocculus,16,34,-18
LatentSpace_v483,Paraflocculus,20,36,-16
LatentSpace_v483,Cerebellar nuclei,33,11,22
LatentSpace_v484,Cortical subplate-other,11,15,-4
LatentSpace_v484,Claustrum,21,33,-12
LatentSpace_v484,Endopiriform nucleus,16,32,-16
LatentSpace_v484,Olfactory areas-other,17,33,-16
LatentSpace_v484,Postpiriform transition area,8,27,-19
LatentSpace_v484,Piriform area,17,34,-17
LatentSpace_v484,Taenia tecta,12,28,-16
LatentSpace_v484,Cortical amygdalar area,7,19,-12
LatentSpace_v484,Piriform-amygdalar area,10,28,-18
LatentSpace_v484,Main olfactory bulb,9,10,-1
LatentSpace_v484,Accessory olfactory bulb,8,19,-11
LatentSpace_v484,Anterior olfactory nucleus,16,32,-16
LatentSpace_v484,Subiculum,5,35,-30
LatentSpace_v484,Entorhinal area,12,22,-10
LatentSpace_v484,Field CA1,8,25,-17
LatentSpace_v484,Field CA2,8,14,-6
LatentSpace_v484,Field CA3,7,8,-1
LatentSpace_v484,Dentate gyrus,8,3,5
LatentSpace_v484,Anterior cingulate area,35,39,-4
LatentSpace_v484,Infralimbic area,12,26,-14
LatentSpace_v484,Retrosplenial area,24,36,-12
LatentSpace_v484,Prelimbic area,27,35,-8
LatentSpace_v484,Primary auditory area,36,38,-2
LatentSpace_v484,Dorsal auditory area,35,38,-3
LatentSpace_v484,Ventral auditory area,31,38,-7
LatentSpace_v484,Agranular insular area,21,37,-16
LatentSpace_v484,Ectorhinal area,19,33,-14
LatentSpace_v484,Primary motor area,35,38,-3
LatentSpace_v484,Secondary motor area,32,38,-6
LatentSpace_v484,"Frontal pole, cerebral cortex",24,40,-16
LatentSpace_v484,Orbital area,26,35,-9
LatentSpace_v484,Posterior parietal association areas,35,38,-3
LatentSpace_v484,Perirhinal area,19,32,-13
LatentSpace_v484,Primary somatosensory area,25,35,-10
LatentSpace_v484,Supplemental somatosensory area,36,38,-2
LatentSpace_v484,Temporal association areas,26,33,-7
LatentSpace_v484,Visual areas,35,38,-3
LatentSpace_v484,Pallidum,11,6,5
LatentSpace_v484,Striatum ventral region,8,3,5
LatentSpace_v484,Lateral septal complex,15,4,11
LatentSpace_v484,Caudoputamen,3,3,0
LatentSpace_v484,Medial amygdalar nucleus,10,7,3
LatentSpace_v484,Hypothalamus,9,9,0
LatentSpace_v484,Thalamus,8,1,7
LatentSpace_v484,Inferior colliculus,6,9,-3
LatentSpace_v484,"Superior colliculus, sensory related",7,10,-3
LatentSpace_v484,Midbrain raphe nuclei,16,12,4
LatentSpace_v484,Midbrain-other,12,10,2
LatentSpace_v484,Periaqueductal gray,9,11,-2
LatentSpace_v484,Pons,9,9,0
LatentSpace_v484,Medulla,10,9,1
LatentSpace_v484,Lingula (I),15,34,-19
LatentSpace_v484,Central lobule,33,34,-1
LatentSpace_v484,Culmen,25,34,-9
LatentSpace_v484,Declive (VI),23,28,-5
LatentSpace_v484,Folium-tuber vermis (VII),23,31,-8
LatentSpace_v484,Pyramus (VIII),24,32,-8
LatentSpace_v484,Uvula (IX),27,34,-7
LatentSpace_v484,Nodulus (X),20,35,-15
LatentSpace_v484,Simple lobule,23,29,-6
LatentSpace_v484,Crus 1,23,26,-3
LatentSpace_v484,Crus 2,23,27,-4
LatentSpace_v484,Paramedian lobule,23,33,-10
LatentSpace_v484,Copula pyramidis,24,34,-10
LatentSpace_v484,Flocculus,11,34,-23
LatentSpace_v484,Paraflocculus,26,36,-10
LatentSpace_v484,Cerebellar nuclei,34,11,23
LatentSpace_v485,Cortical subplate-other,9,15,-6
LatentSpace_v485,Claustrum,28,33,-5
LatentSpace_v485,Endopiriform nucleus,7,32,-25
LatentSpace_v485,Olfactory areas-other,18,33,-15
LatentSpace_v485,Postpiriform transition area,12,27,-15
LatentSpace_v485,Piriform area,14,34,-20
LatentSpace_v485,Taenia tecta,12,28,-16
LatentSpace_v485,Cortical amygdalar area,10,19,-9
LatentSpace_v485,Piriform-amygdalar area,11,28,-17
LatentSpace_v485,Main olfactory bulb,25,10,15
LatentSpace_v485,Accessory olfactory bulb,26,19,7
LatentSpace_v485,Anterior olfactory nucleus,9,32,-23
LatentSpace_v485,Subiculum,6,35,-29
LatentSpace_v485,Entorhinal area,14,22,-8
LatentSpace_v485,Field CA1,9,25,-16
LatentSpace_v485,Field CA2,19,14,5
LatentSpace_v485,Field CA3,6,8,-2
LatentSpace_v485,Dentate gyrus,7,3,4
LatentSpace_v485,Anterior cingulate area,36,39,-3
LatentSpace_v485,Infralimbic area,12,26,-14
LatentSpace_v485,Retrosplenial area,33,36,-3
LatentSpace_v485,Prelimbic area,31,35,-4
LatentSpace_v485,Primary auditory area,36,38,-2
LatentSpace_v485,Dorsal auditory area,35,38,-3
LatentSpace_v485,Ventral auditory area,37,38,-1
LatentSpace_v485,Agranular insular area,30,37,-7
LatentSpace_v485,Ectorhinal area,24,33,-9
LatentSpace_v485,Primary motor area,35,38,-3
LatentSpace_v485,Secondary motor area,37,38,-1
LatentSpace_v485,"Frontal pole, cerebral cortex",36,40,-4
LatentSpace_v485,Orbital area,27,35,-8
LatentSpace_v485,Posterior parietal association areas,35,38,-3
LatentSpace_v485,Perirhinal area,19,32,-13
LatentSpace_v485,Primary somatosensory area,25,35,-10
LatentSpace_v485,Supplemental somatosensory area,35,38,-3
LatentSpace_v485,Temporal association areas,30,33,-3
LatentSpace_v485,Visual areas,35,38,-3
LatentSpace_v485,Pallidum,7,6,1
LatentSpace_v485,Striatum ventral region,7,3,4
LatentSpace_v485,Lateral septal complex,9,4,5
LatentSpace_v485,Caudoputamen,3,3,0
LatentSpace_v485,Medial amygdalar nucleus,11,7,4
LatentSpace_v485,Hypothalamus,7,9,-2
LatentSpace_v485,Thalamus,5,1,4
LatentSpace_v485,Inferior colliculus,6,9,-3
LatentSpace_v485,"Superior colliculus, sensory related",6,10,-4
LatentSpace_v485,Midbrain raphe nuclei,14,12,2
LatentSpace_v485,Midbrain-other,11,10,1
LatentSpace_v485,Periaqueductal gray,12,11,1
LatentSpace_v485,Pons,10,9,1
LatentSpace_v485,Medulla,13,9,4
LatentSpace_v485,Lingula (I),12,34,-22
LatentSpace_v485,Central lobule,12,34,-22
LatentSpace_v485,Culmen,27,34,-7
LatentSpace_v485,Declive (VI),23,28,-5
LatentSpace_v485,Folium-tuber vermis (VII),23,31,-8
LatentSpace_v485,Pyramus (VIII),24,32,-8
LatentSpace_v485,Uvula (IX),33,34,-1
LatentSpace_v485,Nodulus (X),32,35,-3
LatentSpace_v485,Simple lobule,23,29,-6
LatentSpace_v485,Crus 1,23,26,-3
LatentSpace_v485,Crus 2,23,27,-4
LatentSpace_v485,Paramedian lobule,26,33,-7
LatentSpace_v485,Copula pyramidis,29,34,-5
LatentSpace_v485,Flocculus,34,34,0
LatentSpace_v485,Paraflocculus,28,36,-8
LatentSpace_v485,Cerebellar nuclei,34,11,23
LatentSpace_v486,Cortical subplate-other,9,15,-6
LatentSpace_v486,Claustrum,24,33,-9
LatentSpace_v486,Endopiriform nucleus,8,32,-24
LatentSpace_v486,Olfactory areas-other,10,33,-23
LatentSpace_v486,Postpiriform transition area,12,27,-15
LatentSpace_v486,Piriform area,7,34,-27
LatentSpace_v486,Taenia tecta,13,28,-15
LatentSpace_v486,Cortical amygdalar area,9,19,-10
LatentSpace_v486,Piriform-amygdalar area,16,28,-12
LatentSpace_v486,Main olfactory bulb,14,10,4
LatentSpace_v486,Accessory olfactory bulb,30,19,11
LatentSpace_v486,Anterior olfactory nucleus,11,32,-21
LatentSpace_v486,Subiculum,3,35,-32
LatentSpace_v486,Entorhinal area,13,22,-9
LatentSpace_v486,Field CA1,5,25,-20
LatentSpace_v486,Field CA2,6,14,-8
LatentSpace_v486,Field CA3,6,8,-2
LatentSpace_v486,Dentate gyrus,8,3,5
LatentSpace_v486,Anterior cingulate area,35,39,-4
LatentSpace_v486,Infralimbic area,9,26,-17
LatentSpace_v486,Retrosplenial area,25,36,-11
LatentSpace_v486,Prelimbic area,27,35,-8
LatentSpace_v486,Primary auditory area,37,38,-1
LatentSpace_v486,Dorsal auditory area,35,38,-3
LatentSpace_v486,Ventral auditory area,38,38,0
LatentSpace_v486,Agranular insular area,21,37,-16
LatentSpace_v486,Ectorhinal area,22,33,-11
LatentSpace_v486,Primary motor area,35,38,-3
LatentSpace_v486,Secondary motor area,35,38,-3
LatentSpace_v486,"Frontal pole, cerebral cortex",33,40,-7
LatentSpace_v486,Orbital area,25,35,-10
LatentSpace_v486,Posterior parietal association areas,35,38,-3
LatentSpace_v486,Perirhinal area,16,32,-16
LatentSpace_v486,Primary somatosensory area,30,35,-5
LatentSpace_v486,Supplemental somatosensory area,38,38,0
LatentSpace_v486,Temporal association areas,30,33,-3
LatentSpace_v486,Visual areas,35,38,-3
LatentSpace_v486,Pallidum,9,6,3
LatentSpace_v486,Striatum ventral region,7,3,4
LatentSpace_v486,Lateral septal complex,7,4,3
LatentSpace_v486,Caudoputamen,3,3,0
LatentSpace_v486,Medial amygdalar nucleus,13,7,6
LatentSpace_v486,Hypothalamus,8,9,-1
LatentSpace_v486,Thalamus,12,1,11
LatentSpace_v486,Inferior colliculus,4,9,-5
LatentSpace_v486,"Superior colliculus, sensory related",3,10,-7
LatentSpace_v486,Midbrain raphe nuclei,15,12,3
LatentSpace_v486,Midbrain-other,11,10,1
LatentSpace_v486,Periaqueductal gray,11,11,0
LatentSpace_v486,Pons,10,9,1
LatentSpace_v486,Medulla,15,9,6
LatentSpace_v486,Lingula (I),9,34,-25
LatentSpace_v486,Central lobule,22,34,-12
LatentSpace_v486,Culmen,26,34,-8
LatentSpace_v486,Declive (VI),23,28,-5
LatentSpace_v486,Folium-tuber vermis (VII),23,31,-8
LatentSpace_v486,Pyramus (VIII),23,32,-9
LatentSpace_v486,Uvula (IX),30,34,-4
LatentSpace_v486,Nodulus (X),19,35,-16
LatentSpace_v486,Simple lobule,23,29,-6
LatentSpace_v486,Crus 1,22,26,-4
LatentSpace_v486,Crus 2,22,27,-5
LatentSpace_v486,Paramedian lobule,23,33,-10
LatentSpace_v486,Copula pyramidis,24,34,-10
LatentSpace_v486,Flocculus,27,34,-7
LatentSpace_v486,Paraflocculus,35,36,-1
LatentSpace_v486,Cerebellar nuclei,27,11,16
LatentSpace_v487,Cortical subplate-other,5,15,-10
LatentSpace_v487,Claustrum,17,33,-16
LatentSpace_v487,Endopiriform nucleus,11,32,-21
LatentSpace_v487,Olfactory areas-other,24,33,-9
LatentSpace_v487,Postpiriform transition area,5,27,-22
LatentSpace_v487,Piriform area,12,34,-22
LatentSpace_v487,Taenia tecta,13,28,-15
LatentSpace_v487,Cortical amygdalar area,5,19,-14
LatentSpace_v487,Piriform-amygdalar area,4,28,-24
LatentSpace_v487,Main olfactory bulb,28,10,18
LatentSpace_v487,Accessory olfactory bulb,36,19,17
LatentSpace_v487,Anterior olfactory nucleus,10,32,-22
LatentSpace_v487,Subiculum,12,35,-23
LatentSpace_v487,Entorhinal area,14,22,-8
LatentSpace_v487,Field CA1,10,25,-15
LatentSpace_v487,Field CA2,10,14,-4
LatentSpace_v487,Field CA3,7,8,-1
LatentSpace_v487,Dentate gyrus,7,3,4
LatentSpace_v487,Anterior cingulate area,35,39,-4
LatentSpace_v487,Infralimbic area,10,26,-16
LatentSpace_v487,Retrosplenial area,25,36,-11
LatentSpace_v487,Prelimbic area,29,35,-6
LatentSpace_v487,Primary auditory area,35,38,-3
LatentSpace_v487,Dorsal auditory area,35,38,-3
LatentSpace_v487,Ventral auditory area,35,38,-3
LatentSpace_v487,Agranular insular area,25,37,-12
LatentSpace_v487,Ectorhinal area,21,33,-12
LatentSpace_v487,Primary motor area,32,38,-6
LatentSpace_v487,Secondary motor area,35,38,-3
LatentSpace_v487,"Frontal pole, cerebral cortex",33,40,-7
LatentSpace_v487,Orbital area,29,35,-6
LatentSpace_v487,Posterior parietal association areas,35,38,-3
LatentSpace_v487,Perirhinal area,19,32,-13
LatentSpace_v487,Primary somatosensory area,23,35,-12
LatentSpace_v487,Supplemental somatosensory area,36,38,-2
LatentSpace_v487,Temporal association areas,28,33,-5
LatentSpace_v487,Visual areas,31,38,-7
LatentSpace_v487,Pallidum,6,6,0
LatentSpace_v487,Striatum ventral region,6,3,3
LatentSpace_v487,Lateral septal complex,8,4,4
LatentSpace_v487,Caudoputamen,3,3,0
LatentSpace_v487,Medial amygdalar nucleus,8,7,1
LatentSpace_v487,Hypothalamus,7,9,-2
LatentSpace_v487,Thalamus,11,1,10
LatentSpace_v487,Inferior colliculus,7,9,-2
LatentSpace_v487,"Superior colliculus, sensory related",4,10,-6
LatentSpace_v487,Midbrain raphe nuclei,13,12,1
LatentSpace_v487,Midbrain-other,12,10,2
LatentSpace_v487,Periaqueductal gray,10,11,-1
LatentSpace_v487,Pons,10,9,1
LatentSpace_v487,Medulla,10,9,1
LatentSpace_v487,Lingula (I),13,34,-21
LatentSpace_v487,Central lobule,12,34,-22
LatentSpace_v487,Culmen,29,34,-5
LatentSpace_v487,Declive (VI),24,28,-4
LatentSpace_v487,Folium-tuber vermis (VII),24,31,-7
LatentSpace_v487,Pyramus (VIII),25,32,-7
LatentSpace_v487,Uvula (IX),19,34,-15
LatentSpace_v487,Nodulus (X),13,35,-22
LatentSpace_v487,Simple lobule,24,29,-5
LatentSpace_v487,Crus 1,22,26,-4
LatentSpace_v487,Crus 2,23,27,-4
LatentSpace_v487,Paramedian lobule,24,33,-9
LatentSpace_v487,Copula pyramidis,26,34,-8
LatentSpace_v487,Flocculus,31,34,-3
LatentSpace_v487,Paraflocculus,25,36,-11
LatentSpace_v487,Cerebellar nuclei,10,11,-1
LatentSpace_v488,Cortical subplate-other,10,15,-5
LatentSpace_v488,Claustrum,18,33,-15
LatentSpace_v488,Endopiriform nucleus,8,32,-24
LatentSpace_v488,Olfactory areas-other,8,33,-25
LatentSpace_v488,Postpiriform transition area,12,27,-15
LatentSpace_v488,Piriform area,13,34,-21
LatentSpace_v488,Taenia tecta,9,28,-19
LatentSpace_v488,Cortical amygdalar area,8,19,-11
LatentSpace_v488,Piriform-amygdalar area,9,28,-19
LatentSpace_v488,Main olfactory bulb,17,10,7
LatentSpace_v488,Accessory olfactory bulb,39,19,20
LatentSpace_v488,Anterior olfactory nucleus,9,32,-23
LatentSpace_v488,Subiculum,3,35,-32
LatentSpace_v488,Entorhinal area,12,22,-10
LatentSpace_v488,Field CA1,8,25,-17
LatentSpace_v488,Field CA2,9,14,-5
LatentSpace_v488,Field CA3,6,8,-2
LatentSpace_v488,Dentate gyrus,7,3,4
LatentSpace_v488,Anterior cingulate area,38,39,-1
LatentSpace_v488,Infralimbic area,7,26,-19
LatentSpace_v488,Retrosplenial area,28,36,-8
LatentSpace_v488,Prelimbic area,32,35,-3
LatentSpace_v488,Primary auditory area,37,38,-1
LatentSpace_v488,Dorsal auditory area,35,38,-3
LatentSpace_v488,Ventral auditory area,39,38,1
LatentSpace_v488,Agranular insular area,25,37,-12
LatentSpace_v488,Ectorhinal area,23,33,-10
LatentSpace_v488,Primary motor area,35,38,-3
LatentSpace_v488,Secondary motor area,37,38,-1
LatentSpace_v488,"Frontal pole, cerebral cortex",36,40,-4
LatentSpace_v488,Orbital area,29,35,-6
LatentSpace_v488,Posterior parietal association areas,35,38,-3
LatentSpace_v488,Perirhinal area,19,32,-13
LatentSpace_v488,Primary somatosensory area,31,35,-4
LatentSpace_v488,Supplemental somatosensory area,37,38,-1
LatentSpace_v488,Temporal association areas,30,33,-3
LatentSpace_v488,Visual areas,35,38,-3
LatentSpace_v488,Pallidum,8,6,2
LatentSpace_v488,Striatum ventral region,7,3,4
LatentSpace_v488,Lateral septal complex,8,4,4
LatentSpace_v488,Caudoputamen,3,3,0
LatentSpace_v488,Medial amygdalar nucleus,12,7,5
LatentSpace_v488,Hypothalamus,10,9,1
LatentSpace_v488,Thalamus,8,1,7
LatentSpace_v488,Inferior colliculus,6,9,-3
LatentSpace_v488,"Superior colliculus, sensory related",8,10,-2
LatentSpace_v488,Midbrain raphe nuclei,13,12,1
LatentSpace_v488,Midbrain-other,13,10,3
LatentSpace_v488,Periaqueductal gray,12,11,1
LatentSpace_v488,Pons,8,9,-1
LatentSpace_v488,Medulla,10,9,1
LatentSpace_v488,Lingula (I),19,34,-15
LatentSpace_v488,Central lobule,28,34,-6
LatentSpace_v488,Culmen,27,34,-7
LatentSpace_v488,Declive (VI),23,28,-5
LatentSpace_v488,Folium-tuber vermis (VII),23,31,-8
LatentSpace_v488,Pyramus (VIII),23,32,-9
LatentSpace_v488,Uvula (IX),20,34,-14
LatentSpace_v488,Nodulus (X),17,35,-18
LatentSpace_v488,Simple lobule,23,29,-6
LatentSpace_v488,Crus 1,22,26,-4
LatentSpace_v488,Crus 2,21,27,-6
LatentSpace_v488,Paramedian lobule,22,33,-11
LatentSpace_v488,Copula pyramidis,23,34,-11
LatentSpace_v488,Flocculus,33,34,-1
LatentSpace_v488,Paraflocculus,24,36,-12
LatentSpace_v488,Cerebellar nuclei,13,11,2
LatentSpace_v489,Cortical subplate-other,13,15,-2
LatentSpace_v489,Claustrum,19,33,-14
LatentSpace_v489,Endopiriform nucleus,10,32,-22
LatentSpace_v489,Olfactory areas-other,12,33,-21
LatentSpace_v489,Postpiriform transition area,12,27,-15
LatentSpace_v489,Piriform area,7,34,-27
LatentSpace_v489,Taenia tecta,14,28,-14
LatentSpace_v489,Cortical amygdalar area,12,19,-7
LatentSpace_v489,Piriform-amygdalar area,10,28,-18
LatentSpace_v489,Main olfactory bulb,22,10,12
LatentSpace_v489,Accessory olfactory bulb,44,19,25
LatentSpace_v489,Anterior olfactory nucleus,15,32,-17
LatentSpace_v489,Subiculum,6,35,-29
LatentSpace_v489,Entorhinal area,13,22,-9
LatentSpace_v489,Field CA1,8,25,-17
LatentSpace_v489,Field CA2,8,14,-6
LatentSpace_v489,Field CA3,8,8,0
LatentSpace_v489,Dentate gyrus,9,3,6
LatentSpace_v489,Anterior cingulate area,34,39,-5
LatentSpace_v489,Infralimbic area,12,26,-14
LatentSpace_v489,Retrosplenial area,25,36,-11
LatentSpace_v489,Prelimbic area,26,35,-9
LatentSpace_v489,Primary auditory area,38,38,0
LatentSpace_v489,Dorsal auditory area,35,38,-3
LatentSpace_v489,Ventral auditory area,38,38,0
LatentSpace_v489,Agranular insular area,23,37,-14
LatentSpace_v489,Ectorhinal area,22,33,-11
LatentSpace_v489,Primary motor area,34,38,-4
LatentSpace_v489,Secondary motor area,35,38,-3
LatentSpace_v489,"Frontal pole, cerebral cortex",35,40,-5
LatentSpace_v489,Orbital area,21,35,-14
LatentSpace_v489,Posterior parietal association areas,35,38,-3
LatentSpace_v489,Perirhinal area,14,32,-18
LatentSpace_v489,Primary somatosensory area,29,35,-6
LatentSpace_v489,Supplemental somatosensory area,37,38,-1
LatentSpace_v489,Temporal association areas,28,33,-5
LatentSpace_v489,Visual areas,35,38,-3
LatentSpace_v489,Pallidum,17,6,11
LatentSpace_v489,Striatum ventral region,9,3,6
LatentSpace_v489,Lateral septal complex,13,4,9
LatentSpace_v489,Caudoputamen,3,3,0
LatentSpace_v489,Medial amygdalar nucleus,15,7,8
LatentSpace_v489,Hypothalamus,13,9,4
LatentSpace_v489,Thalamus,10,1,9
LatentSpace_v489,Inferior colliculus,4,9,-5
LatentSpace_v489,"Superior colliculus, sensory related",7,10,-3
LatentSpace_v489,Midbrain raphe nuclei,17,12,5
LatentSpace_v489,Midbrain-other,13,10,3
LatentSpace_v489,Periaqueductal gray,11,11,0
LatentSpace_v489,Pons,12,9,3
LatentSpace_v489,Medulla,10,9,1
LatentSpace_v489,Lingula (I),18,34,-16
LatentSpace_v489,Central lobule,23,34,-11
LatentSpace_v489,Culmen,25,34,-9
LatentSpace_v489,Declive (VI),23,28,-5
LatentSpace_v489,Folium-tuber vermis (VII),23,31,-8
LatentSpace_v489,Pyramus (VIII),23,32,-9
LatentSpace_v489,Uvula (IX),25,34,-9
LatentSpace_v489,Nodulus (X),18,35,-17
LatentSpace_v489,Simple lobule,22,29,-7
LatentSpace_v489,Crus 1,22,26,-4
LatentSpace_v489,Crus 2,21,27,-6
LatentSpace_v489,Paramedian lobule,23,33,-10
LatentSpace_v489,Copula pyramidis,23,34,-11
LatentSpace_v489,Flocculus,24,34,-10
LatentSpace_v489,Paraflocculus,31,36,-5
LatentSpace_v489,Cerebellar nuclei,15,11,4
LatentSpace_v490,Cortical subplate-other,13,15,-2
LatentSpace_v490,Claustrum,23,33,-10
LatentSpace_v490,Endopiriform nucleus,11,32,-21
LatentSpace_v490,Olfactory areas-other,13,33,-20
LatentSpace_v490,Postpiriform transition area,13,27,-14
LatentSpace_v490,Piriform area,15,34,-19
LatentSpace_v490,Taenia tecta,15,28,-13
LatentSpace_v490,Cortical amygdalar area,14,19,-5
LatentSpace_v490,Piriform-amygdalar area,11,28,-17
LatentSpace_v490,Main olfactory bulb,30,10,20
LatentSpace_v490,Accessory olfactory bulb,30,19,11
LatentSpace_v490,Anterior olfactory nucleus,14,32,-18
LatentSpace_v490,Subiculum,7,35,-28
LatentSpace_v490,Entorhinal area,16,22,-6
LatentSpace_v490,Field CA1,8,25,-17
LatentSpace_v490,Field CA2,14,14,0
LatentSpace_v490,Field CA3,6,8,-2
LatentSpace_v490,Dentate gyrus,8,3,5
LatentSpace_v490,Anterior cingulate area,38,39,-1
LatentSpace_v490,Infralimbic area,11,26,-15
LatentSpace_v490,Retrosplenial area,32,36,-4
LatentSpace_v490,Prelimbic area,31,35,-4
LatentSpace_v490,Primary auditory area,35,38,-3
LatentSpace_v490,Dorsal auditory area,35,38,-3
LatentSpace_v490,Ventral auditory area,37,38,-1
LatentSpace_v490,Agranular insular area,24,37,-13
LatentSpace_v490,Ectorhinal area,25,33,-8
LatentSpace_v490,Primary motor area,35,38,-3
LatentSpace_v490,Secondary motor area,37,38,-1
LatentSpace_v490,"Frontal pole, cerebral cortex",34,40,-6
LatentSpace_v490,Orbital area,27,35,-8
LatentSpace_v490,Posterior parietal association areas,35,38,-3
LatentSpace_v490,Perirhinal area,19,32,-13
LatentSpace_v490,Primary somatosensory area,28,35,-7
LatentSpace_v490,Supplemental somatosensory area,35,38,-3
LatentSpace_v490,Temporal association areas,32,33,-1
LatentSpace_v490,Visual areas,35,38,-3
LatentSpace_v490,Pallidum,8,6,2
LatentSpace_v490,Striatum ventral region,7,3,4
LatentSpace_v490,Lateral septal complex,10,4,6
LatentSpace_v490,Caudoputamen,3,3,0
LatentSpace_v490,Medial amygdalar nucleus,12,7,5
LatentSpace_v490,Hypothalamus,10,9,1
LatentSpace_v490,Thalamus,2,1,1
LatentSpace_v490,Inferior colliculus,5,9,-4
LatentSpace_v490,"Superior colliculus, sensory related",3,10,-7
LatentSpace_v490,Midbrain raphe nuclei,13,12,1
LatentSpace_v490,Midbrain-other,8,10,-2
LatentSpace_v490,Periaqueductal gray,5,11,-6
LatentSpace_v490,Pons,10,9,1
LatentSpace_v490,Medulla,12,9,3
LatentSpace_v490,Lingula (I),5,34,-29
LatentSpace_v490,Central lobule,6,34,-28
LatentSpace_v490,Culmen,24,34,-10
LatentSpace_v490,Declive (VI),23,28,-5
LatentSpace_v490,Folium-tuber vermis (VII),23,31,-8
LatentSpace_v490,Pyramus (VIII),24,32,-8
LatentSpace_v490,Uvula (IX),33,34,-1
LatentSpace_v490,Nodulus (X),16,35,-19
LatentSpace_v490,Simple lobule,23,29,-6
LatentSpace_v490,Crus 1,23,26,-3
LatentSpace_v490,Crus 2,23,27,-4
LatentSpace_v490,Paramedian lobule,23,33,-10
LatentSpace_v490,Copula pyramidis,26,34,-8
LatentSpace_v490,Flocculus,33,34,-1
LatentSpace_v490,Paraflocculus,31,36,-5
LatentSpace_v490,Cerebellar nuclei,31,11,20
LatentSpace_v491,Cortical subplate-other,14,15,-1
LatentSpace_v491,Claustrum,18,33,-15
LatentSpace_v491,Endopiriform nucleus,12,32,-20
LatentSpace_v491,Olfactory areas-other,13,33,-20
LatentSpace_v491,Postpiriform transition area,12,27,-15
LatentSpace_v491,Piriform area,12,34,-22
LatentSpace_v491,Taenia tecta,14,28,-14
LatentSpace_v491,Cortical amygdalar area,10,19,-9
LatentSpace_v491,Piriform-amygdalar area,9,28,-19
LatentSpace_v491,Main olfactory bulb,7,10,-3
LatentSpace_v491,Accessory olfactory bulb,29,19,10
LatentSpace_v491,Anterior olfactory nucleus,9,32,-23
LatentSpace_v491,Subiculum,8,35,-27
LatentSpace_v491,Entorhinal area,14,22,-8
LatentSpace_v491,Field CA1,11,25,-14
LatentSpace_v491,Field CA2,10,14,-4
LatentSpace_v491,Field CA3,10,8,2
LatentSpace_v491,Dentate gyrus,10,3,7
LatentSpace_v491,Anterior cingulate area,36,39,-3
LatentSpace_v491,Infralimbic area,12,26,-14
LatentSpace_v491,Retrosplenial area,25,36,-11
LatentSpace_v491,Prelimbic area,28,35,-7
LatentSpace_v491,Primary auditory area,35,38,-3
LatentSpace_v491,Dorsal auditory area,34,38,-4
LatentSpace_v491,Ventral auditory area,34,38,-4
LatentSpace_v491,Agranular insular area,24,37,-13
LatentSpace_v491,Ectorhinal area,23,33,-10
LatentSpace_v491,Primary motor area,35,38,-3
LatentSpace_v491,Secondary motor area,34,38,-4
LatentSpace_v491,"Frontal pole, cerebral cortex",33,40,-7
LatentSpace_v491,Orbital area,27,35,-8
LatentSpace_v491,Posterior parietal association areas,34,38,-4
LatentSpace_v491,Perirhinal area,21,32,-11
LatentSpace_v491,Primary somatosensory area,29,35,-6
LatentSpace_v491,Supplemental somatosensory area,36,38,-2
LatentSpace_v491,Temporal association areas,33,33,0
LatentSpace_v491,Visual areas,33,38,-5
LatentSpace_v491,Pallidum,11,6,5
LatentSpace_v491,Striatum ventral region,6,3,3
LatentSpace_v491,Lateral septal complex,11,4,7
LatentSpace_v491,Caudoputamen,3,3,0
LatentSpace_v491,Medial amygdalar nucleus,13,7,6
LatentSpace_v491,Hypothalamus,9,9,0
LatentSpace_v491,Thalamus,10,1,9
LatentSpace_v491,Inferior colliculus,6,9,-3
LatentSpace_v491,"Superior colliculus, sensory related",6,10,-4
LatentSpace_v491,Midbrain raphe nuclei,14,12,2
LatentSpace_v491,Midbrain-other,12,10,2
LatentSpace_v491,Periaqueductal gray,11,11,0
LatentSpace_v491,Pons,10,9,1
LatentSpace_v491,Medulla,9,9,0
LatentSpace_v491,Lingula (I),14,34,-20
LatentSpace_v491,Central lobule,12,34,-22
LatentSpace_v491,Culmen,28,34,-6
LatentSpace_v491,Declive (VI),22,28,-6
LatentSpace_v491,Folium-tuber vermis (VII),23,31,-8
LatentSpace_v491,Pyramus (VIII),24,32,-8
LatentSpace_v491,Uvula (IX),25,34,-9
LatentSpace_v491,Nodulus (X),14,35,-21
LatentSpace_v491,Simple lobule,22,29,-7
LatentSpace_v491,Crus 1,21,26,-5
LatentSpace_v491,Crus 2,21,27,-6
LatentSpace_v491,Paramedian lobule,22,33,-11
LatentSpace_v491,Copula pyramidis,25,34,-9
LatentSpace_v491,Flocculus,29,34,-5
LatentSpace_v491,Paraflocculus,23,36,-13
LatentSpace_v491,Cerebellar nuclei,10,11,-1
LatentSpace_v492,Cortical subplate-other,8,15,-7
LatentSpace_v492,Claustrum,26,33,-7
LatentSpace_v492,Endopiriform nucleus,10,32,-22
LatentSpace_v492,Olfactory areas-other,7,33,-26
LatentSpace_v492,Postpiriform transition area,12,27,-15
LatentSpace_v492,Piriform area,12,34,-22
LatentSpace_v492,Taenia tecta,10,28,-18
LatentSpace_v492,Cortical amygdalar area,9,19,-10
LatentSpace_v492,Piriform-amygdalar area,12,28,-16
LatentSpace_v492,Main olfactory bulb,13,10,3
LatentSpace_v492,Accessory olfactory bulb,33,19,14
LatentSpace_v492,Anterior olfactory nucleus,7,32,-25
LatentSpace_v492,Subiculum,7,35,-28
LatentSpace_v492,Entorhinal area,15,22,-7
LatentSpace_v492,Field CA1,8,25,-17
LatentSpace_v492,Field CA2,24,14,10
LatentSpace_v492,Field CA3,5,8,-3
LatentSpace_v492,Dentate gyrus,7,3,4
LatentSpace_v492,Anterior cingulate area,38,39,-1
LatentSpace_v492,Infralimbic area,7,26,-19
LatentSpace_v492,Retrosplenial area,28,36,-8
LatentSpace_v492,Prelimbic area,35,35,0
LatentSpace_v492,Primary auditory area,40,38,2
LatentSpace_v492,Dorsal auditory area,36,38,-2
LatentSpace_v492,Ventral auditory area,42,38,4
LatentSpace_v492,Agranular insular area,25,37,-12
LatentSpace_v492,Ectorhinal area,26,33,-7
LatentSpace_v492,Primary motor area,35,38,-3
LatentSpace_v492,Secondary motor area,36,38,-2
LatentSpace_v492,"Frontal pole, cerebral cortex",36,40,-4
LatentSpace_v492,Orbital area,27,35,-8
LatentSpace_v492,Posterior parietal association areas,35,38,-3
LatentSpace_v492,Perirhinal area,22,32,-10
LatentSpace_v492,Primary somatosensory area,35,35,0
LatentSpace_v492,Supplemental somatosensory area,40,38,2
LatentSpace_v492,Temporal association areas,33,33,0
LatentSpace_v492,Visual areas,35,38,-3
LatentSpace_v492,Pallidum,10,6,4
LatentSpace_v492,Striatum ventral region,5,3,2
LatentSpace_v492,Lateral septal complex,11,4,7
LatentSpace_v492,Caudoputamen,3,3,0
LatentSpace_v492,Medial amygdalar nucleus,10,7,3
LatentSpace_v492,Hypothalamus,8,9,-1
LatentSpace_v492,Thalamus,7,1,6
LatentSpace_v492,Inferior colliculus,3,9,-6
LatentSpace_v492,"Superior colliculus, sensory related",3,10,-7
LatentSpace_v492,Midbrain raphe nuclei,15,12,3
LatentSpace_v492,Midbrain-other,8,10,-2
LatentSpace_v492,Periaqueductal gray,6,11,-5
LatentSpace_v492,Pons,10,9,1
LatentSpace_v492,Medulla,10,9,1
LatentSpace_v492,Lingula (I),6,34,-28
LatentSpace_v492,Central lobule,5,34,-29
LatentSpace_v492,Culmen,25,34,-9
LatentSpace_v492,Declive (VI),23,28,-5
LatentSpace_v492,Folium-tuber vermis (VII),24,31,-7
LatentSpace_v492,Pyramus (VIII),29,32,-3
LatentSpace_v492,Uvula (IX),18,34,-16
LatentSpace_v492,Nodulus (X),12,35,-23
LatentSpace_v492,Simple lobule,22,29,-7
LatentSpace_v492,Crus 1,23,26,-3
LatentSpace_v492,Crus 2,22,27,-5
LatentSpace_v492,Paramedian lobule,25,33,-8
LatentSpace_v492,Copula pyramidis,29,34,-5
LatentSpace_v492,Flocculus,28,34,-6
LatentSpace_v492,Paraflocculus,28,36,-8
LatentSpace_v492,Cerebellar nuclei,11,11,0
LatentSpace_v493,Cortical subplate-other,5,15,-10
LatentSpace_v493,Claustrum,25,33,-8
LatentSpace_v493,Endopiriform nucleus,10,32,-22
LatentSpace_v493,Olfactory areas-other,14,33,-19
LatentSpace_v493,Postpiriform transition area,7,27,-20
LatentSpace_v493,Piriform area,12,34,-22
LatentSpace_v493,Taenia tecta,13,28,-15
LatentSpace_v493,Cortical amygdalar area,4,19,-15
LatentSpace_v493,Piriform-amygdalar area,5,28,-23
LatentSpace_v493,Main olfactory bulb,11,10,1
LatentSpace_v493,Accessory olfactory bulb,14,19,-5
LatentSpace_v493,Anterior olfactory nucleus,10,32,-22
LatentSpace_v493,Subiculum,2,35,-33
LatentSpace_v493,Entorhinal area,9,22,-13
LatentSpace_v493,Field CA1,7,25,-18
LatentSpace_v493,Field CA2,7,14,-7
LatentSpace_v493,Field CA3,6,8,-2
LatentSpace_v493,Dentate gyrus,7,3,4
LatentSpace_v493,Anterior cingulate area,34,39,-5
LatentSpace_v493,Infralimbic area,13,26,-13
LatentSpace_v493,Retrosplenial area,24,36,-12
LatentSpace_v493,Prelimbic area,28,35,-7
LatentSpace_v493,Primary auditory area,38,38,0
LatentSpace_v493,Dorsal auditory area,35,38,-3
LatentSpace_v493,Ventral auditory area,38,38,0
LatentSpace_v493,Agranular insular area,24,37,-13
LatentSpace_v493,Ectorhinal area,23,33,-10
LatentSpace_v493,Primary motor area,35,38,-3
LatentSpace_v493,Secondary motor area,33,38,-5
LatentSpace_v493,"Frontal pole, cerebral cortex",31,40,-9
LatentSpace_v493,Orbital area,25,35,-10
LatentSpace_v493,Posterior parietal association areas,33,38,-5
LatentSpace_v493,Perirhinal area,16,32,-16
LatentSpace_v493,Primary somatosensory area,31,35,-4
LatentSpace_v493,Supplemental somatosensory area,37,38,-1
LatentSpace_v493,Temporal association areas,30,33,-3
LatentSpace_v493,Visual areas,32,38,-6
LatentSpace_v493,Pallidum,8,6,2
LatentSpace_v493,Striatum ventral region,7,3,4
LatentSpace_v493,Lateral septal complex,8,4,4
LatentSpace_v493,Caudoputamen,3,3,0
LatentSpace_v493,Medial amygdalar nucleus,6,7,-1
LatentSpace_v493,Hypothalamus,8,9,-1
LatentSpace_v493,Thalamus,5,1,4
LatentSpace_v493,Inferior colliculus,6,9,-3
LatentSpace_v493,"Superior colliculus, sensory related",10,10,0
LatentSpace_v493,Midbrain raphe nuclei,14,12,2
LatentSpace_v493,Midbrain-other,13,10,3
LatentSpace_v493,Periaqueductal gray,14,11,3
LatentSpace_v493,Pons,12,9,3
LatentSpace_v493,Medulla,13,9,4
LatentSpace_v493,Lingula (I),13,34,-21
LatentSpace_v493,Central lobule,8,34,-26
LatentSpace_v493,Culmen,24,34,-10
LatentSpace_v493,Declive (VI),23,28,-5
LatentSpace_v493,Folium-tuber vermis (VII),23,31,-8
LatentSpace_v493,Pyramus (VIII),23,32,-9
LatentSpace_v493,Uvula (IX),12,34,-22
LatentSpace_v493,Nodulus (X),15,35,-20
LatentSpace_v493,Simple lobule,22,29,-7
LatentSpace_v493,Crus 1,22,26,-4
LatentSpace_v493,Crus 2,22,27,-5
LatentSpace_v493,Paramedian lobule,23,33,-10
LatentSpace_v493,Copula pyramidis,23,34,-11
LatentSpace_v493,Flocculus,26,34,-8
LatentSpace_v493,Paraflocculus,29,36,-7
LatentSpace_v493,Cerebellar nuclei,14,11,3
LatentSpace_v494,Cortical subplate-other,9,15,-6
LatentSpace_v494,Claustrum,28,33,-5
LatentSpace_v494,Endopiriform nucleus,8,32,-24
LatentSpace_v494,Olfactory areas-other,14,33,-19
LatentSpace_v494,Postpiriform transition area,10,27,-17
LatentSpace_v494,Piriform area,12,34,-22
LatentSpace_v494,Taenia tecta,10,28,-18
LatentSpace_v494,Cortical amygdalar area,8,19,-11
LatentSpace_v494,Piriform-amygdalar area,9,28,-19
LatentSpace_v494,Main olfactory bulb,21,10,11
LatentSpace_v494,Accessory olfactory bulb,35,19,16
LatentSpace_v494,Anterior olfactory nucleus,10,32,-22
LatentSpace_v494,Subiculum,9,35,-26
LatentSpace_v494,Entorhinal area,14,22,-8
LatentSpace_v494,Field CA1,9,25,-16
LatentSpace_v494,Field CA2,9,14,-5
LatentSpace_v494,Field CA3,6,8,-2
LatentSpace_v494,Dentate gyrus,7,3,4
LatentSpace_v494,Anterior cingulate area,37,39,-2
LatentSpace_v494,Infralimbic area,9,26,-17
LatentSpace_v494,Retrosplenial area,27,36,-9
LatentSpace_v494,Prelimbic area,33,35,-2
LatentSpace_v494,Primary auditory area,36,38,-2
LatentSpace_v494,Dorsal auditory area,35,38,-3
LatentSpace_v494,Ventral auditory area,36,38,-2
LatentSpace_v494,Agranular insular area,24,37,-13
LatentSpace_v494,Ectorhinal area,23,33,-10
LatentSpace_v494,Primary motor area,35,38,-3
LatentSpace_v494,Secondary motor area,36,38,-2
LatentSpace_v494,"Frontal pole, cerebral cortex",36,40,-4
LatentSpace_v494,Orbital area,28,35,-7
LatentSpace_v494,Posterior parietal association areas,35,38,-3
LatentSpace_v494,Perirhinal area,18,32,-14
LatentSpace_v494,Primary somatosensory area,30,35,-5
LatentSpace_v494,Supplemental somatosensory area,37,38,-1
LatentSpace_v494,Temporal association areas,30,33,-3
LatentSpace_v494,Visual areas,35,38,-3
LatentSpace_v494,Pallidum,7,6,1
LatentSpace_v494,Striatum ventral region,4,3,1
LatentSpace_v494,Lateral septal complex,7,4,3
LatentSpace_v494,Caudoputamen,3,3,0
LatentSpace_v494,Medial amygdalar nucleus,8,7,1
LatentSpace_v494,Hypothalamus,8,9,-1
LatentSpace_v494,Thalamus,3,1,2
LatentSpace_v494,Inferior colliculus,4,9,-5
LatentSpace_v494,"Superior colliculus, sensory related",4,10,-6
LatentSpace_v494,Midbrain raphe nuclei,15,12,3
LatentSpace_v494,Midbrain-other,13,10,3
LatentSpace_v494,Periaqueductal gray,11,11,0
LatentSpace_v494,Pons,11,9,2
LatentSpace_v494,Medulla,9,9,0
LatentSpace_v494,Lingula (I),14,34,-20
LatentSpace_v494,Central lobule,14,34,-20
LatentSpace_v494,Culmen,29,34,-5
LatentSpace_v494,Declive (VI),23,28,-5
LatentSpace_v494,Folium-tuber vermis (VII),24,31,-7
LatentSpace_v494,Pyramus (VIII),31,32,-1
LatentSpace_v494,Uvula (IX),14,34,-20
LatentSpace_v494,Nodulus (X),13,35,-22
LatentSpace_v494,Simple lobule,23,29,-6
LatentSpace_v494,Crus 1,23,26,-3
LatentSpace_v494,Crus 2,23,27,-4
LatentSpace_v494,Paramedian lobule,23,33,-10
LatentSpace_v494,Copula pyramidis,26,34,-8
LatentSpace_v494,Flocculus,21,34,-13
LatentSpace_v494,Paraflocculus,23,36,-13
LatentSpace_v494,Cerebellar nuclei,11,11,0
LatentSpace_v495,Cortical subplate-other,11,15,-4
LatentSpace_v495,Claustrum,27,33,-6
LatentSpace_v495,Endopiriform nucleus,7,32,-25
LatentSpace_v495,Olfactory areas-other,13,33,-20
LatentSpace_v495,Postpiriform transition area,11,27,-16
LatentSpace_v495,Piriform area,13,34,-21
LatentSpace_v495,Taenia tecta,14,28,-14
LatentSpace_v495,Cortical amygdalar area,9,19,-10
LatentSpace_v495,Piriform-amygdalar area,6,28,-22
LatentSpace_v495,Main olfactory bulb,30,10,20
LatentSpace_v495,Accessory olfactory bulb,34,19,15
LatentSpace_v495,Anterior olfactory nucleus,11,32,-21
LatentSpace_v495,Subiculum,7,35,-28
LatentSpace_v495,Entorhinal area,14,22,-8
LatentSpace_v495,Field CA1,7,25,-18
LatentSpace_v495,Field CA2,6,14,-8
LatentSpace_v495,Field CA3,6,8,-2
LatentSpace_v495,Dentate gyrus,8,3,5
LatentSpace_v495,Anterior cingulate area,36,39,-3
LatentSpace_v495,Infralimbic area,15,26,-11
LatentSpace_v495,Retrosplenial area,26,36,-10
LatentSpace_v495,Prelimbic area,26,35,-9
LatentSpace_v495,Primary auditory area,38,38,0
LatentSpace_v495,Dorsal auditory area,35,38,-3
LatentSpace_v495,Ventral auditory area,38,38,0
LatentSpace_v495,Agranular insular area,23,37,-14
LatentSpace_v495,Ectorhinal area,23,33,-10
LatentSpace_v495,Primary motor area,35,38,-3
LatentSpace_v495,Secondary motor area,36,38,-2
LatentSpace_v495,"Frontal pole, cerebral cortex",34,40,-6
LatentSpace_v495,Orbital area,23,35,-12
LatentSpace_v495,Posterior parietal association areas,34,38,-4
LatentSpace_v495,Perirhinal area,18,32,-14
LatentSpace_v495,Primary somatosensory area,29,35,-6
LatentSpace_v495,Supplemental somatosensory area,37,38,-1
LatentSpace_v495,Temporal association areas,28,33,-5
LatentSpace_v495,Visual areas,35,38,-3
LatentSpace_v495,Pallidum,7,6,1
LatentSpace_v495,Striatum ventral region,7,3,4
LatentSpace_v495,Lateral septal complex,9,4,5
LatentSpace_v495,Caudoputamen,3,3,0
LatentSpace_v495,Medial amygdalar nucleus,9,7,2
LatentSpace_v495,Hypothalamus,10,9,1
LatentSpace_v495,Thalamus,4,1,3
LatentSpace_v495,Inferior colliculus,5,9,-4
LatentSpace_v495,"Superior colliculus, sensory related",6,10,-4
LatentSpace_v495,Midbrain raphe nuclei,14,12,2
LatentSpace_v495,Midbrain-other,12,10,2
LatentSpace_v495,Periaqueductal gray,11,11,0
LatentSpace_v495,Pons,12,9,3
LatentSpace_v495,Medulla,12,9,3
LatentSpace_v495,Lingula (I),6,34,-28
LatentSpace_v495,Central lobule,8,34,-26
LatentSpace_v495,Culmen,26,34,-8
LatentSpace_v495,Declive (VI),23,28,-5
LatentSpace_v495,Folium-tuber vermis (VII),24,31,-7
LatentSpace_v495,Pyramus (VIII),26,32,-6
LatentSpace_v495,Uvula (IX),21,34,-13
LatentSpace_v495,Nodulus (X),13,35,-22
LatentSpace_v495,Simple lobule,22,29,-7
LatentSpace_v495,Crus 1,22,26,-4
LatentSpace_v495,Crus 2,22,27,-5
LatentSpace_v495,Paramedian lobule,23,33,-10
LatentSpace_v495,Copula pyramidis,27,34,-7
LatentSpace_v495,Flocculus,20,34,-14
LatentSpace_v495,Paraflocculus,32,36,-4
LatentSpace_v495,Cerebellar nuclei,13,11,2
LatentSpace_v496,Cortical subplate-other,8,15,-7
LatentSpace_v496,Claustrum,24,33,-9
LatentSpace_v496,Endopiriform nucleus,8,32,-24
LatentSpace_v496,Olfactory areas-other,11,33,-22
LatentSpace_v496,Postpiriform transition area,9,27,-18
LatentSpace_v496,Piriform area,9,34,-25
LatentSpace_v496,Taenia tecta,8,28,-20
LatentSpace_v496,Cortical amygdalar area,7,19,-12
LatentSpace_v496,Piriform-amygdalar area,7,28,-21
LatentSpace_v496,Main olfactory bulb,6,10,-4
LatentSpace_v496,Accessory olfactory bulb,39,19,20
LatentSpace_v496,Anterior olfactory nucleus,9,32,-23
LatentSpace_v496,Subiculum,5,35,-30
LatentSpace_v496,Entorhinal area,13,22,-9
LatentSpace_v496,Field CA1,7,25,-18
LatentSpace_v496,Field CA2,7,14,-7
LatentSpace_v496,Field CA3,6,8,-2
LatentSpace_v496,Dentate gyrus,7,3,4
LatentSpace_v496,Anterior cingulate area,38,39,-1
LatentSpace_v496,Infralimbic area,6,26,-20
LatentSpace_v496,Retrosplenial area,34,36,-2
LatentSpace_v496,Prelimbic area,33,35,-2
LatentSpace_v496,Primary auditory area,38,38,0
LatentSpace_v496,Dorsal auditory area,37,38,-1
LatentSpace_v496,Ventral auditory area,35,38,-3
LatentSpace_v496,Agranular insular area,23,37,-14
LatentSpace_v496,Ectorhinal area,24,33,-9
LatentSpace_v496,Primary motor area,35,38,-3
LatentSpace_v496,Secondary motor area,39,38,1
LatentSpace_v496,"Frontal pole, cerebral cortex",36,40,-4
LatentSpace_v496,Orbital area,26,35,-9
LatentSpace_v496,Posterior parietal association areas,37,38,-1
LatentSpace_v496,Perirhinal area,17,32,-15
LatentSpace_v496,Primary somatosensory area,35,35,0
LatentSpace_v496,Supplemental somatosensory area,38,38,0
LatentSpace_v496,Temporal association areas,32,33,-1
LatentSpace_v496,Visual areas,35,38,-3
LatentSpace_v496,Pallidum,7,6,1
LatentSpace_v496,Striatum ventral region,8,3,5
LatentSpace_v496,Lateral septal complex,10,4,6
LatentSpace_v496,Caudoputamen,3,3,0
LatentSpace_v496,Medial amygdalar nucleus,9,7,2
LatentSpace_v496,Hypothalamus,9,9,0
LatentSpace_v496,Thalamus,8,1,7
LatentSpace_v496,Inferior colliculus,10,9,1
LatentSpace_v496,"Superior colliculus, sensory related",11,10,1
LatentSpace_v496,Midbrain raphe nuclei,14,12,2
LatentSpace_v496,Midbrain-other,13,10,3
LatentSpace_v496,Periaqueductal gray,13,11,2
LatentSpace_v496,Pons,11,9,2
LatentSpace_v496,Medulla,10,9,1
LatentSpace_v496,Lingula (I),20,34,-14
LatentSpace_v496,Central lobule,32,34,-2
LatentSpace_v496,Culmen,24,34,-10
LatentSpace_v496,Declive (VI),23,28,-5
LatentSpace_v496,Folium-tuber vermis (VII),23,31,-8
LatentSpace_v496,Pyramus (VIII),23,32,-9
LatentSpace_v496,Uvula (IX),31,34,-3
LatentSpace_v496,Nodulus (X),17,35,-18
LatentSpace_v496,Simple lobule,23,29,-6
LatentSpace_v496,Crus 1,22,26,-4
LatentSpace_v496,Crus 2,22,27,-5
LatentSpace_v496,Paramedian lobule,23,33,-10
LatentSpace_v496,Copula pyramidis,25,34,-9
LatentSpace_v496,Flocculus,17,34,-17
LatentSpace_v496,Paraflocculus,29,36,-7
LatentSpace_v496,Cerebellar nuclei,12,11,1
LatentSpace_v497,Cortical subplate-other,9,15,-6
LatentSpace_v497,Claustrum,23,33,-10
LatentSpace_v497,Endopiriform nucleus,10,32,-22
LatentSpace_v497,Olfactory areas-other,8,33,-25
LatentSpace_v497,Postpiriform transition area,11,27,-16
LatentSpace_v497,Piriform area,13,34,-21
LatentSpace_v497,Taenia tecta,12,28,-16
LatentSpace_v497,Cortical amygdalar area,7,19,-12
LatentSpace_v497,Piriform-amygdalar area,9,28,-19
LatentSpace_v497,Main olfactory bulb,5,10,-5
LatentSpace_v497,Accessory olfactory bulb,27,19,8
LatentSpace_v497,Anterior olfactory nucleus,8,32,-24
LatentSpace_v497,Subiculum,3,35,-32
LatentSpace_v497,Entorhinal area,10,22,-12
LatentSpace_v497,Field CA1,4,25,-21
LatentSpace_v497,Field CA2,5,14,-9
LatentSpace_v497,Field CA3,6,8,-2
LatentSpace_v497,Dentate gyrus,8,3,5
LatentSpace_v497,Anterior cingulate area,35,39,-4
LatentSpace_v497,Infralimbic area,9,26,-17
LatentSpace_v497,Retrosplenial area,25,36,-11
LatentSpace_v497,Prelimbic area,29,35,-6
LatentSpace_v497,Primary auditory area,35,38,-3
LatentSpace_v497,Dorsal auditory area,35,38,-3
LatentSpace_v497,Ventral auditory area,38,38,0
LatentSpace_v497,Agranular insular area,26,37,-11
LatentSpace_v497,Ectorhinal area,23,33,-10
LatentSpace_v497,Primary motor area,35,38,-3
LatentSpace_v497,Secondary motor area,36,38,-2
LatentSpace_v497,"Frontal pole, cerebral cortex",35,40,-5
LatentSpace_v497,Orbital area,23,35,-12
LatentSpace_v497,Posterior parietal association areas,34,38,-4
LatentSpace_v497,Perirhinal area,15,32,-17
LatentSpace_v497,Primary somatosensory area,34,35,-1
LatentSpace_v497,Supplemental somatosensory area,37,38,-1
LatentSpace_v497,Temporal association areas,31,33,-2
LatentSpace_v497,Visual areas,35,38,-3
LatentSpace_v497,Pallidum,7,6,1
LatentSpace_v497,Striatum ventral region,7,3,4
LatentSpace_v497,Lateral septal complex,8,4,4
LatentSpace_v497,Caudoputamen,3,3,0
LatentSpace_v497,Medial amygdalar nucleus,9,7,2
LatentSpace_v497,Hypothalamus,6,9,-3
LatentSpace_v497,Thalamus,3,1,2
LatentSpace_v497,Inferior colliculus,7,9,-2
LatentSpace_v497,"Superior colliculus, sensory related",5,10,-5
LatentSpace_v497,Midbrain raphe nuclei,14,12,2
LatentSpace_v497,Midbrain-other,11,10,1
LatentSpace_v497,Periaqueductal gray,10,11,-1
LatentSpace_v497,Pons,11,9,2
LatentSpace_v497,Medulla,12,9,3
LatentSpace_v497,Lingula (I),8,34,-26
LatentSpace_v497,Central lobule,8,34,-26
LatentSpace_v497,Culmen,26,34,-8
LatentSpace_v497,Declive (VI),23,28,-5
LatentSpace_v497,Folium-tuber vermis (VII),23,31,-8
LatentSpace_v497,Pyramus (VIII),23,32,-9
LatentSpace_v497,Uvula (IX),11,34,-23
LatentSpace_v497,Nodulus (X),13,35,-22
LatentSpace_v497,Simple lobule,23,29,-6
LatentSpace_v497,Crus 1,23,26,-3
LatentSpace_v497,Crus 2,23,27,-4
LatentSpace_v497,Paramedian lobule,23,33,-10
LatentSpace_v497,Copula pyramidis,23,34,-11
LatentSpace_v497,Flocculus,31,34,-3
LatentSpace_v497,Paraflocculus,23,36,-13
LatentSpace_v497,Cerebellar nuclei,12,11,1
LatentSpace_v498,Cortical subplate-other,9,15,-6
LatentSpace_v498,Claustrum,23,33,-10
LatentSpace_v498,Endopiriform nucleus,12,32,-20
LatentSpace_v498,Olfactory areas-other,9,33,-24
LatentSpace_v498,Postpiriform transition area,10,27,-17
LatentSpace_v498,Piriform area,13,34,-21
LatentSpace_v498,Taenia tecta,11,28,-17
LatentSpace_v498,Cortical amygdalar area,7,19,-12
LatentSpace_v498,Piriform-amygdalar area,7,28,-21
LatentSpace_v498,Main olfactory bulb,26,10,16
LatentSpace_v498,Accessory olfactory bulb,36,19,17
LatentSpace_v498,Anterior olfactory nucleus,9,32,-23
LatentSpace_v498,Subiculum,5,35,-30
LatentSpace_v498,Entorhinal area,14,22,-8
LatentSpace_v498,Field CA1,6,25,-19
LatentSpace_v498,Field CA2,8,14,-6
LatentSpace_v498,Field CA3,6,8,-2
LatentSpace_v498,Dentate gyrus,7,3,4
LatentSpace_v498,Anterior cingulate area,40,39,1
LatentSpace_v498,Infralimbic area,10,26,-16
LatentSpace_v498,Retrosplenial area,28,36,-8
LatentSpace_v498,Prelimbic area,31,35,-4
LatentSpace_v498,Primary auditory area,37,38,-1
LatentSpace_v498,Dorsal auditory area,35,38,-3
LatentSpace_v498,Ventral auditory area,38,38,0
LatentSpace_v498,Agranular insular area,29,37,-8
LatentSpace_v498,Ectorhinal area,24,33,-9
LatentSpace_v498,Primary motor area,35,38,-3
LatentSpace_v498,Secondary motor area,39,38,1
LatentSpace_v498,"Frontal pole, cerebral cortex",37,40,-3
LatentSpace_v498,Orbital area,25,35,-10
LatentSpace_v498,Posterior parietal association areas,35,38,-3
LatentSpace_v498,Perirhinal area,18,32,-14
LatentSpace_v498,Primary somatosensory area,35,35,0
LatentSpace_v498,Supplemental somatosensory area,38,38,0
LatentSpace_v498,Temporal association areas,34,33,1
LatentSpace_v498,Visual areas,35,38,-3
LatentSpace_v498,Pallidum,18,6,12
LatentSpace_v498,Striatum ventral region,10,3,7
LatentSpace_v498,Lateral septal complex,13,4,9
LatentSpace_v498,Caudoputamen,3,3,0
LatentSpace_v498,Medial amygdalar nucleus,10,7,3
LatentSpace_v498,Hypothalamus,12,9,3
LatentSpace_v498,Thalamus,10,1,9
LatentSpace_v498,Inferior colliculus,3,9,-6
LatentSpace_v498,"Superior colliculus, sensory related",4,10,-6
LatentSpace_v498,Midbrain raphe nuclei,14,12,2
LatentSpace_v498,Midbrain-other,10,10,0
LatentSpace_v498,Periaqueductal gray,9,11,-2
LatentSpace_v498,Pons,10,9,1
LatentSpace_v498,Medulla,7,9,-2
LatentSpace_v498,Lingula (I),12,34,-22
LatentSpace_v498,Central lobule,11,34,-23
LatentSpace_v498,Culmen,25,34,-9
LatentSpace_v498,Declive (VI),23,28,-5
LatentSpace_v498,Folium-tuber vermis (VII),23,31,-8
LatentSpace_v498,Pyramus (VIII),26,32,-6
LatentSpace_v498,Uvula (IX),20,34,-14
LatentSpace_v498,Nodulus (X),16,35,-19
LatentSpace_v498,Simple lobule,22,29,-7
LatentSpace_v498,Crus 1,22,26,-4
LatentSpace_v498,Crus 2,22,27,-5
LatentSpace_v498,Paramedian lobule,23,33,-10
LatentSpace_v498,Copula pyramidis,25,34,-9
LatentSpace_v498,Flocculus,15,34,-19
LatentSpace_v498,Paraflocculus,24,36,-12
LatentSpace_v498,Cerebellar nuclei,7,11,-4
LatentSpace_v499,Cortical subplate-other,13,15,-2
LatentSpace_v499,Claustrum,15,33,-18
LatentSpace_v499,Endopiriform nucleus,7,32,-25
LatentSpace_v499,Olfactory areas-other,13,33,-20
LatentSpace_v499,Postpiriform transition area,12,27,-15
LatentSpace_v499,Piriform area,8,34,-26
LatentSpace_v499,Taenia tecta,15,28,-13
LatentSpace_v499,Cortical amygdalar area,12,19,-7
LatentSpace_v499,Piriform-amygdalar area,8,28,-20
LatentSpace_v499,Main olfactory bulb,26,10,16
LatentSpace_v499,Accessory olfactory bulb,31,19,12
LatentSpace_v499,Anterior olfactory nucleus,12,32,-20
LatentSpace_v499,Subiculum,14,35,-21
LatentSpace_v499,Entorhinal area,11,22,-11
LatentSpace_v499,Field CA1,8,25,-17
LatentSpace_v499,Field CA2,8,14,-6
LatentSpace_v499,Field CA3,6,8,-2
LatentSpace_v499,Dentate gyrus,6,3,3
LatentSpace_v499,Anterior cingulate area,35,39,-4
LatentSpace_v499,Infralimbic area,11,26,-15
LatentSpace_v499,Retrosplenial area,25,36,-11
LatentSpace_v499,Prelimbic area,30,35,-5
LatentSpace_v499,Primary auditory area,38,38,0
LatentSpace_v499,Dorsal auditory area,35,38,-3
LatentSpace_v499,Ventral auditory area,36,38,-2
LatentSpace_v499,Agranular insular area,25,37,-12
LatentSpace_v499,Ectorhinal area,20,33,-13
LatentSpace_v499,Primary motor area,35,38,-3
LatentSpace_v499,Secondary motor area,35,38,-3
LatentSpace_v499,"Frontal pole, cerebral cortex",37,40,-3
LatentSpace_v499,Orbital area,22,35,-13
LatentSpace_v499,Posterior parietal association areas,33,38,-5
LatentSpace_v499,Perirhinal area,16,32,-16
LatentSpace_v499,Primary somatosensory area,29,35,-6
LatentSpace_v499,Supplemental somatosensory area,37,38,-1
LatentSpace_v499,Temporal association areas,29,33,-4
LatentSpace_v499,Visual areas,34,38,-4
LatentSpace_v499,Pallidum,18,6,12
LatentSpace_v499,Striatum ventral region,7,3,4
LatentSpace_v499,Lateral septal complex,17,4,13
LatentSpace_v499,Caudoputamen,3,3,0
LatentSpace_v499,Medial amygdalar nucleus,13,7,6
LatentSpace_v499,Hypothalamus,10,9,1
LatentSpace_v499,Thalamus,8,1,7
LatentSpace_v499,Inferior colliculus,9,9,0
LatentSpace_v499,"Superior colliculus, sensory related",6,10,-4
LatentSpace_v499,Midbrain raphe nuclei,14,12,2
LatentSpace_v499,Midbrain-other,9,10,-1
LatentSpace_v499,Periaqueductal gray,11,11,0
LatentSpace_v499,Pons,8,9,-1
LatentSpace_v499,Medulla,11,9,2
LatentSpace_v499,Lingula (I),21,34,-13
LatentSpace_v499,Central lobule,31,34,-3
LatentSpace_v499,Culmen,26,34,-8
LatentSpace_v499,Declive (VI),23,28,-5
LatentSpace_v499,Folium-tuber vermis (VII),23,31,-8
LatentSpace_v499,Pyramus (VIII),27,32,-5
LatentSpace_v499,Uvula (IX),32,34,-2
LatentSpace_v499,Nodulus (X),23,35,-12
LatentSpace_v499,Simple lobule,22,29,-7
LatentSpace_v499,Crus 1,22,26,-4
LatentSpace_v499,Crus 2,22,27,-5
LatentSpace_v499,Paramedian lobule,23,33,-10
LatentSpace_v499,Copula pyramidis,32,34,-2
LatentSpace_v499,Flocculus,24,34,-10
LatentSpace_v499,Paraflocculus,31,36,-5
LatentSpace_v499,Cerebellar nuclei,21,11,10
LatentSpace_v500,Cortical subplate-other,11,15,-4
LatentSpace_v500,Claustrum,22,33,-11
LatentSpace_v500,Endopiriform nucleus,9,32,-23
LatentSpace_v500,Olfactory areas-other,5,33,-28
LatentSpace_v500,Postpiriform transition area,9,27,-18
LatentSpace_v500,Piriform area,6,34,-28
LatentSpace_v500,Taenia tecta,13,28,-15
LatentSpace_v500,Cortical amygdalar area,7,19,-12
LatentSpace_v500,Piriform-amygdalar area,8,28,-20
LatentSpace_v500,Main olfactory bulb,3,10,-7
LatentSpace_v500,Accessory olfactory bulb,22,19,3
LatentSpace_v500,Anterior olfactory nucleus,5,32,-27
LatentSpace_v500,Subiculum,7,35,-28
LatentSpace_v500,Entorhinal area,11,22,-11
LatentSpace_v500,Field CA1,8,25,-17
LatentSpace_v500,Field CA2,11,14,-3
LatentSpace_v500,Field CA3,7,8,-1
LatentSpace_v500,Dentate gyrus,8,3,5
LatentSpace_v500,Anterior cingulate area,34,39,-5
LatentSpace_v500,Infralimbic area,9,26,-17
LatentSpace_v500,Retrosplenial area,24,36,-12
LatentSpace_v500,Prelimbic area,24,35,-11
LatentSpace_v500,Primary auditory area,35,38,-3
LatentSpace_v500,Dorsal auditory area,35,38,-3
LatentSpace_v500,Ventral auditory area,34,38,-4
LatentSpace_v500,Agranular insular area,23,37,-14
LatentSpace_v500,Ectorhinal area,23,33,-10
LatentSpace_v500,Primary motor area,35,38,-3
LatentSpace_v500,Secondary motor area,36,38,-2
LatentSpace_v500,"Frontal pole, cerebral cortex",34,40,-6
LatentSpace_v500,Orbital area,23,35,-12
LatentSpace_v500,Posterior parietal association areas,31,38,-7
LatentSpace_v500,Perirhinal area,19,32,-13
LatentSpace_v500,Primary somatosensory area,29,35,-6
LatentSpace_v500,Supplemental somatosensory area,37,38,-1
LatentSpace_v500,Temporal association areas,28,33,-5
LatentSpace_v500,Visual areas,31,38,-7
LatentSpace_v500,Pallidum,12,6,6
LatentSpace_v500,Striatum ventral region,7,3,4
LatentSpace_v500,Lateral septal complex,13,4,9
LatentSpace_v500,Caudoputamen,3,3,0
LatentSpace_v500,Medial amygdalar nucleus,12,7,5
LatentSpace_v500,Hypothalamus,9,9,0
LatentSpace_v500,Thalamus,2,1,1
LatentSpace_v500,Inferior colliculus,15,9,6
LatentSpace_v500,"Superior colliculus, sensory related",6,10,-4
LatentSpace_v500,Midbrain raphe nuclei,14,12,2
LatentSpace_v500,Midbrain-other,12,10,2
LatentSpace_v500,Periaqueductal gray,11,11,0
LatentSpace_v500,Pons,10,9,1
LatentSpace_v500,Medulla,28,9,19
LatentSpace_v500,Lingula (I),29,34,-5
LatentSpace_v500,Central lobule,28,34,-6
LatentSpace_v500,Culmen,24,34,-10
LatentSpace_v500,Declive (VI),23,28,-5
LatentSpace_v500,Folium-tuber vermis (VII),23,31,-8
LatentSpace_v500,Pyramus (VIII),24,32,-8
LatentSpace_v500,Uvula (IX),28,34,-6
LatentSpace_v500,Nodulus (X),32,35,-3
LatentSpace_v500,Simple lobule,22,29,-7
LatentSpace_v500,Crus 1,22,26,-4
LatentSpace_v500,Crus 2,22,27,-5
LatentSpace_v500,Paramedian lobule,23,33,-10
LatentSpace_v500,Copula pyramidis,24,34,-10
LatentSpace_v500,Flocculus,32,34,-2
LatentSpace_v500,Paraflocculus,27,36,-9
LatentSpace_v500,Cerebellar nuclei,33,11,22
